0 0.060403 0.601224 0.019531 0.036111
0 0.244766 0.684450 0.035937 0.061111
1 0.714169 0.696942 0.036719 0.069444
1 0.965511 0.594405 0.019531 0.043056
2 0.643161 0.595165 0.022656 0.040278
2 0.614223 0.557443 0.014844 0.029167
2 0.591506 0.540324 0.010937 0.025000
2 0.569304 0.525984 0.011719 0.022222
2 0.525011 0.526846 0.010156 0.022222
2 0.480505 0.527741 0.010937 0.023611
2 0.430660 0.530415 0.010156 0.023611
2 0.408683 0.545677 0.011719 0.029167
2 0.386209 0.564274 0.011719 0.031944
2 0.335126 0.603592 0.018750 0.040278
