0 0.423388 0.597880 0.018750 0.033333
0 0.244492 0.571082 0.011719 0.023611
0 0.105864 0.568133 0.014062 0.025000
0 0.924035 0.704179 0.035937 0.069444
0 0.981286 0.618861 0.025781 0.044444
1 0.688278 0.593252 0.018750 0.034722
1 0.872944 0.557070 0.013281 0.027778
1 0.186918 0.754718 0.044531 0.072222
1 0.194093 0.646444 0.023438 0.043056
1 0.102293 0.603638 0.017188 0.031944
2 0.448108 0.567580 0.012500 0.027778
2 0.470046 0.548888 0.010937 0.022222
2 0.479424 0.539719 0.009375 0.018056
2 0.491585 0.529264 0.007031 0.013889
2 0.530212 0.526988 0.007812 0.015278
2 0.565739 0.525402 0.008594 0.018056
2 0.602319 0.524563 0.007812 0.016667
2 0.620665 0.532727 0.008594 0.019444
2 0.637763 0.542537 0.010156 0.019444
2 0.655919 0.559227 0.011719 0.025000
3 0.967264 0.811119 0.082813 0.175000
3 0.091980 0.853345 0.083594 0.169444
