0 0.298052 0.569622 0.014844 0.026389
0 0.161368 0.560561 0.012500 0.022222
0 0.479915 0.618483 0.024219 0.041667
1 0.167939 0.679226 0.031250 0.052778
1 0.121300 0.608547 0.019531 0.031944
1 0.821984 0.632417 0.023438 0.051389
2 0.526529 0.571245 0.015625 0.031944
2 0.558138 0.546651 0.012500 0.025000
2 0.573525 0.534037 0.010156 0.023611
2 0.591883 0.523137 0.008594 0.020833
2 0.633483 0.521935 0.008594 0.020833
2 0.715971 0.521105 0.008594 0.020833
2 0.734648 0.532155 0.010156 0.022222
2 0.755506 0.545045 0.011719 0.025000
2 0.776379 0.573460 0.015625 0.031944
2 0.674121 0.522610 0.007812 0.019444
1 0.006250 0.585417 0.014062 0.026389
