0 0.325802 0.567343 0.014844 0.026389
0 0.190906 0.557872 0.012500 0.022222
0 0.506344 0.615054 0.024219 0.041667
1 0.203546 0.672591 0.031250 0.052778
1 0.153424 0.604350 0.019531 0.031944
1 0.847070 0.630511 0.023438 0.051389
2 0.554014 0.571269 0.015625 0.031944
2 0.583804 0.544710 0.012500 0.025000
2 0.599612 0.533342 0.010156 0.023611
2 0.615633 0.522058 0.008594 0.020833
2 0.659046 0.520885 0.008594 0.020833
2 0.738578 0.519938 0.008594 0.020833
2 0.759075 0.531315 0.010156 0.022222
2 0.779666 0.546505 0.011719 0.025000
2 0.799698 0.571005 0.015625 0.031944
2 0.698138 0.521955 0.007812 0.019444
1 0.052842 0.882644 0.071094 0.108333
1 0.038783 0.583112 0.017969 0.030556
