0 0.321094 0.638889 0.031250 0.047222
1 0.694531 0.647222 0.031250 0.055556
1 0.924609 0.573611 0.017969 0.036111
2 0.378906 0.584722 0.017188 0.033333
2 0.415234 0.555556 0.013281 0.027778
2 0.433203 0.540972 0.011719 0.023611
2 0.451562 0.526389 0.009375 0.019444
2 0.496875 0.524306 0.009375 0.020833
2 0.537891 0.523611 0.010156 0.022222
2 0.579687 0.522917 0.009375 0.023611
2 0.600391 0.531944 0.008594 0.025000
2 0.620313 0.547222 0.012500 0.027778
2 0.645703 0.576389 0.017969 0.036111
0 0.131641 0.586111 0.019531 0.030556
