0 0.415703 0.591436 0.017188 0.034722
0 0.238826 0.564830 0.010937 0.023611
0 0.101702 0.563214 0.014062 0.022222
0 0.891459 0.680957 0.035156 0.066667
0 0.950547 0.610625 0.024219 0.044444
1 0.205528 0.731568 0.040625 0.068056
1 0.200501 0.632120 0.022656 0.040278
1 0.103702 0.597292 0.019531 0.027778
1 0.672483 0.586520 0.015625 0.036111
1 0.853357 0.551400 0.010937 0.027778
2 0.440232 0.563260 0.013281 0.027778
2 0.458652 0.544719 0.008594 0.020833
2 0.468069 0.535473 0.010156 0.019444
2 0.479405 0.526024 0.007812 0.016667
2 0.517595 0.525297 0.007812 0.015278
2 0.552929 0.522933 0.007812 0.016667
2 0.588513 0.522058 0.007031 0.018056
2 0.606416 0.528370 0.008594 0.019444
2 0.624083 0.538032 0.010937 0.019444
2 0.641633 0.554017 0.011719 0.026389
3 0.137921 0.809179 0.078906 0.159722
3 0.929567 0.768898 0.074219 0.158333
