0 0.025201 0.569702 0.014062 0.023611
0 0.169921 0.578070 0.016406 0.029167
0 0.356542 0.628901 0.026563 0.045833
1 0.721851 0.636164 0.026563 0.051389
1 0.952823 0.567301 0.019531 0.034722
2 0.411331 0.577872 0.015625 0.031944
2 0.447307 0.548439 0.011719 0.027778
2 0.465566 0.532959 0.010937 0.022222
2 0.483202 0.520370 0.008594 0.022222
2 0.527692 0.518401 0.008594 0.020833
2 0.568398 0.518326 0.007031 0.020833
2 0.609108 0.515869 0.008594 0.019444
2 0.629888 0.526243 0.009375 0.020833
2 0.650885 0.542353 0.010937 0.026389
2 0.674650 0.571370 0.017969 0.034722
