0 0.352313 0.565743 0.014844 0.026389
0 0.218887 0.554157 0.012500 0.022222
0 0.530277 0.610570 0.024219 0.041667
1 0.237867 0.666788 0.031250 0.052778
1 0.183388 0.599898 0.019531 0.031944
1 0.865544 0.627818 0.023438 0.051389
2 0.575869 0.570146 0.015625 0.031944
2 0.605626 0.544055 0.012500 0.025000
2 0.620871 0.532423 0.010156 0.023611
2 0.637060 0.521553 0.008594 0.020833
2 0.680588 0.520094 0.008594 0.020833
2 0.760477 0.519081 0.008594 0.020833
2 0.781169 0.530648 0.010156 0.022222
2 0.801402 0.545468 0.011719 0.025000
2 0.822606 0.569817 0.015625 0.031944
2 0.719936 0.520804 0.007812 0.019444
1 0.069372 0.578237 0.017188 0.030556
1 0.103311 0.861691 0.071094 0.108333
0 0.023438 0.554167 0.014062 0.025000
