0 0.244253 0.688945 0.039844 0.065278
0 0.063174 0.601145 0.021094 0.037500
1 0.739665 0.718360 0.042969 0.079167
1 0.989886 0.599298 0.019531 0.048611
2 0.340657 0.605421 0.022656 0.043056
2 0.396371 0.565711 0.014062 0.031944
2 0.419983 0.548631 0.014844 0.027778
2 0.442763 0.529511 0.011719 0.026389
2 0.493061 0.530361 0.010937 0.023611
2 0.537323 0.529481 0.010156 0.025000
2 0.583408 0.527385 0.010156 0.022222
2 0.605725 0.541536 0.011719 0.027778
2 0.629157 0.560832 0.014844 0.030556
2 0.660944 0.600342 0.021875 0.044444
