0 0.061634 0.602529 0.019531 0.036111
0 0.243877 0.690203 0.035937 0.061111
1 0.728223 0.709848 0.036719 0.069444
1 0.982962 0.592658 0.019531 0.043056
2 0.653625 0.595834 0.022656 0.040278
2 0.621868 0.556474 0.014844 0.029167
2 0.598687 0.539117 0.010937 0.025000
2 0.575525 0.523159 0.011719 0.022222
2 0.530813 0.524512 0.010156 0.022222
2 0.485891 0.525154 0.010937 0.023611
2 0.436788 0.528517 0.010156 0.023611
2 0.413699 0.546347 0.011719 0.029167
2 0.389952 0.564972 0.011719 0.031944
2 0.338730 0.606469 0.018750 0.040278
