1 0.232031 0.800000 0.059375 0.094444
1 0.311328 0.643056 0.027344 0.052778
1 0.247656 0.585417 0.020312 0.037500
1 0.131250 0.568750 0.014062 0.026389
1 0.016406 0.563889 0.014062 0.025000
1 0.892578 0.611806 0.025781 0.045833
0 0.401172 0.555556 0.014844 0.025000
0 0.269922 0.545833 0.014844 0.025000
0 0.580078 0.595833 0.021094 0.038889
0 0.081250 0.546528 0.010937 0.023611
2 0.616797 0.559722 0.014844 0.027778
2 0.644141 0.538194 0.010156 0.023611
2 0.657422 0.525694 0.008594 0.020833
2 0.671484 0.514583 0.007031 0.018056
2 0.715234 0.513889 0.008594 0.016667
2 0.753906 0.512500 0.007812 0.016667
2 0.794531 0.513194 0.009375 0.018056
2 0.815234 0.522917 0.010156 0.020833
2 0.834766 0.536806 0.011719 0.023611
2 0.854297 0.560417 0.014844 0.031944
3 0.038672 0.918056 0.077344 0.161111
