0 0.179296875 0.476388888889 0.01484375 0.0305555555556
0 0.336328125 0.472916666667 0.01328125 0.0291666666667
0 0.480859375 0.475 0.01484375 0.0333333333333
0 0.65859375 0.50625 0.01875 0.0430555555556
0 0.696484375 0.542361111111 0.02109375 0.0513888888889
0 0.77265625 0.609027777778 0.03125 0.0680555555556
0 0.895703125 0.747916666667 0.05078125 0.104166666667
1 0.281640625 0.704166666667 0.03671875 0.0861111111111
1 0.36640625 0.609722222222 0.028125 0.0638888888889
1 0.4 0.554861111111 0.0234375 0.0513888888889
1 0.3734375 0.522222222222 0.01875 0.0444444444444
1 0.321875 0.502083333333 0.0140625 0.0375
1 0.196484375 0.497916666667 0.01484375 0.0375
1 0.065625 0.502083333333 0.015625 0.0347222222222
