1 0.957421875 0.634027777778 0.02265625 0.0513888888889
1 0.833984375 0.583333333333 0.01640625 0.0388888888889
1 0.756640625 0.605555555556 0.01796875 0.0416666666667
1 0.6765625 0.5625 0.0140625 0.0333333333333
1 0.637109375 0.586111111111 0.01796875 0.0388888888889
1 0.55546875 0.574305555556 0.015625 0.0347222222222
1 0.548046875 0.546527777778 0.01171875 0.0291666666667
1 0.46171875 0.554861111111 0.0125 0.0291666666667
1 0.369140625 0.542361111111 0.01328125 0.0291666666667
0 0.923828125 0.565277777778 0.01484375 0.0333333333333
0 0.75859375 0.549305555556 0.0140625 0.0291666666667
0 0.719140625 0.679166666667 0.02890625 0.0611111111111
0 0.490625 0.622222222222 0.021875 0.0472222222222
0 0.3625 0.590277777778 0.0171875 0.0388888888889
0 0.299609375 0.563888888889 0.01484375 0.0333333333333
