1 0.717578125 0.668055555556 0.01328125 0.0305555555556
1 0.687109375 0.679861111111 0.01328125 0.0319444444444
1 0.64453125 0.697916666667 0.0171875 0.0375
1 0.565625 0.716666666667 0.0171875 0.0416666666667
1 0.4515625 0.741666666667 0.021875 0.0472222222222
1 0.284765625 0.766666666667 0.02265625 0.0527777777778
1 0.19375 0.865277777778 0.034375 0.075
1 0.515625 0.886805555556 0.0375 0.0847222222222
1 0.816015625 0.951388888889 0.05078125 0.0944444444444
0 0.009375 0.740277777778 0.01875 0.0527777777778
0 0.264453125 0.711111111111 0.01796875 0.0444444444444
0 0.40625 0.692361111111 0.01875 0.0375
0 0.515234375 0.670833333333 0.01484375 0.0333333333333
0 0.56640625 0.659722222222 0.0125 0.0305555555556
