0 0.311328125 0.6180555555555556 0.03515625 0.075
0 0.828515625 0.7902777777777777 0.05546875 0.11666666666666667
0 0.506640625 0.6972222222222222 0.04140625 0.08888888888888889
0 0.797265625 0.5340277777777778 0.02109375 0.04861111111111111
0 0.670703125 0.5180555555555556 0.01953125 0.041666666666666664
0 0.45625 0.4951388888888889 0.01875 0.04027777777777778
0 0.9890625 0.5527777777777778 0.01875 0.05277777777777778
0 0.05546875 0.5513888888888889 0.0203125 0.05
0 0.153515625 0.5 0.01640625 0.041666666666666664
0 0.19375 0.5756944444444444 0.0203125 0.059722222222222225
1 0.381640625 0.5180555555555556 0.01796875 0.044444444444444446
1 0.518359375 0.5680555555555555 0.02578125 0.05555555555555555
1 0.561328125 0.5361111111111111 0.02265625 0.05
1 0.711328125 0.5555555555555556 0.02265625 0.05555555555555555
1 0.737890625 0.6048611111111111 0.02890625 0.06527777777777778
1 0.94921875 0.59375 0.0265625 0.059722222222222225
1 0.95234375 0.6472222222222223 0.03125 0.06944444444444445
1 0.468359375 0.5243055555555556 0.01796875 0.04583333333333333
