0 0.8 0.509895833333 0.0359375 0.0697916666667
0 0.4328125 0.257291666667 0.0140625 0.03125
1 0.583984375 0.309375 0.01484375 0.0270833333333
0 0.6 0.28125 0.0140625 0.0395833333333
0 0.619140625 0.273958333333 0.01015625 0.0354166666667
1 0.77578125 0.381770833333 0.01875 0.0385416666667
1 0.813671875 0.368229166667 0.01171875 0.021875
0 0.89375 0.3859375 0.0125 0.0260416666667
0 0.9796875 0.420833333333 0.0109375 0.0229166666667
0 0.918359375 0.380729166667 0.00859375 0.0177083333333
1 0.69921875 0.316145833333 0.0125 0.021875
1 0.691015625 0.299479166667 0.00859375 0.0177083333333
1 0.82265625 0.339583333333 0.009375 0.01875
0 0.749609375 0.310416666667 0.00703125 0.0166666666667
