0 0.740104166667 0.45 0.034375 0.0814814814815
0 0.503125 0.327777777778 0.0177083333333 0.0407407407407
0 0.702604166667 0.284722222222 0.0114583333333 0.0268518518519
0 0.346875 0.315740740741 0.0104166666667 0.0277777777778
0 0.224479166667 0.330555555556 0.0114583333333 0.0240740740741
0 0.118229166667 0.361574074074 0.00833333333333 0.0231481481481
1 0.296875 0.581018518519 0.0385416666667 0.106481481481
1 0.28984375 0.401851851852 0.0223958333333 0.05
1 0.215625 0.371296296296 0.015625 0.0351851851852
1 0.135416666667 0.378703703704 0.0125 0.0296296296296
1 0.0536458333333 0.40462962963 0.0114583333333 0.0259259259259
0 0.611458333333 0.261111111111 0.00729166666667 0.0203703703704
