0 0.777864583333 0.513425925926 0.0390625 0.100925925926
0 0.89765625 0.358796296296 0.0182291666667 0.0416666666667
0 0.543489583333 0.343518518519 0.0182291666667 0.0462962962963
0 0.6046875 0.288888888889 0.0104166666667 0.0277777777778
0 0.504427083333 0.295833333333 0.0119791666667 0.0287037037037
0 0.390364583333 0.312037037037 0.0119791666667 0.0296296296296
0 0.41484375 0.287962962963 0.00885416666667 0.0240740740741
1 0.244270833333 0.608333333333 0.0489583333333 0.112962962963
1 0.296614583333 0.415277777778 0.0223958333333 0.0546296296296
1 0.25234375 0.369907407407 0.0161458333333 0.037962962963
1 0.265885416667 0.314351851852 0.00885416666667 0.0212962962963
1 0.184635416667 0.367592592593 0.0130208333333 0.0296296296296
1 0.166145833333 0.343981481481 0.009375 0.0231481481481
1 0.09765625 0.388888888889 0.0119791666667 0.0277777777778
0 0.0236979166667 0.438888888889 0.0140625 0.0314814814815
