0 0.225520833333 0.48287037037 0.0333333333333 0.0694444444444
0 0.01328125 0.4125 0.0130208333333 0.0324074074074
0 0.122395833333 0.405092592593 0.0166666666667 0.0416666666667
0 0.34921875 0.351851851852 0.0182291666667 0.0425925925926
0 0.39453125 0.301388888889 0.0119791666667 0.0305555555556
0 0.557552083333 0.288425925926 0.0119791666667 0.0305555555556
0 0.58984375 0.337962962963 0.0203125 0.0481481481481
0 0.73671875 0.461111111111 0.0338541666667 0.0814814814815
0 0.875260416667 0.377777777778 0.0192708333333 0.0462962962963
0 0.992447916667 0.381018518519 0.0140625 0.0342592592593
0 0.673177083333 0.317592592593 0.0161458333333 0.0388888888889
0 0.700520833333 0.302314814815 0.0114583333333 0.0287037037037
