0 0.70078125 0.486979166667 0.0421875 0.0802083333333
0 0.52734375 0.333333333333 0.0234375 0.0416666666667
0 0.237890625 0.2640625 0.01328125 0.028125
1 0.37578125 0.275520833333 0.0125 0.0239583333333
0 0.383203125 0.254166666667 0.01171875 0.0354166666667
0 0.396875 0.246875 0.0109375 0.0270833333333
1 0.523046875 0.2890625 0.01328125 0.0260416666667
1 0.5578125 0.277604166667 0.009375 0.0197916666667
1 0.466796875 0.261979166667 0.00859375 0.0197916666667
1 0.459765625 0.253125 0.00703125 0.0125
0 0.628515625 0.280208333333 0.00859375 0.01875
