0 0.793359375 0.515625 0.04453125 0.0916666666667
0 0.115625 0.452083333333 0.0359375 0.0666666666667
1 0.161328125 0.352604166667 0.01953125 0.0385416666667
1 0.790625 0.388541666667 0.0203125 0.04375
1 0.5703125 0.3078125 0.01875 0.0322916666667
1 0.858984375 0.369270833333 0.01484375 0.0302083333333
0 0.930859375 0.381770833333 0.01484375 0.0260416666667
0 0.72890625 0.309895833333 0.0125 0.0239583333333
0 0.769140625 0.296354166667 0.01171875 0.0385416666667
1 0.36171875 0.299479166667 0.015625 0.028125
0 0.264453125 0.2875 0.01171875 0.0229166666667
0 0.123828125 0.330729166667 0.01328125 0.0260416666667
0 0.0625 0.333854166667 0.015625 0.021875
0 0.052734375 0.3046875 0.01171875 0.0260416666667
