0 0.96015625 0.505208333333 0.0625 0.154166666667
0 0.90234375 0.396875 0.0296875 0.0791666666667
1 0.678125 0.425520833333 0.03125 0.065625
1 0.86640625 0.365104166667 0.0125 0.028125
1 0.736328125 0.355208333333 0.01796875 0.0333333333333
1 0.6453125 0.3046875 0.0125 0.0239583333333
1 0.7328125 0.311979166667 0.0109375 0.0239583333333
0 0.22890625 0.4375 0.0421875 0.0666666666667
1 0.275390625 0.338020833333 0.02109375 0.0385416666667
0 0.493359375 0.284895833333 0.01171875 0.0260416666667
0 0.369921875 0.276041666667 0.01015625 0.0229166666667
0 0.237890625 0.305729166667 0.01640625 0.0239583333333
0 0.165625 0.305208333333 0.009375 0.0208333333333
1 0.088671875 0.317708333333 0.01015625 0.01875
0 0.01015625 0.3390625 0.0125 0.0177083333333
