0 0.948697916667 0.744907407407 0.0755208333333 0.200925925926
1 0.755989583333 0.427314814815 0.0213541666667 0.0694444444444
0 0.732552083333 0.423611111111 0.0223958333333 0.0694444444444
0 0.369270833333 0.401388888889 0.021875 0.0583333333333
1 0.721614583333 0.366203703704 0.0109375 0.037962962963
0 0.708072916667 0.368055555556 0.0130208333333 0.0342592592593
1 0.676041666667 0.343981481481 0.009375 0.0268518518519
0 0.665885416667 0.34212962963 0.00885416666667 0.0287037037037
0 0.490104166667 0.35462962963 0.0125 0.0351851851852
0 0.507291666667 0.338425925926 0.00833333333333 0.0287037037037
1 0.63203125 0.330092592593 0.0078125 0.0212962962963
