1 0.72734375 0.448148148148 0.0276041666667 0.0740740740741
1 0.74375 0.366203703704 0.0166666666667 0.0435185185185
1 0.79765625 0.341666666667 0.0130208333333 0.0333333333333
1 0.888020833333 0.344444444444 0.0114583333333 0.0277777777778
0 0.394791666667 0.392592592593 0.028125 0.0574074074074
0 0.188020833333 0.325 0.0104166666667 0.0240740740741
0 0.285416666667 0.318055555556 0.0135416666667 0.0287037037037
0 0.55 0.317592592593 0.015625 0.037037037037
0 0.521875 0.280555555556 0.009375 0.0240740740741
0 0.603385416667 0.287962962963 0.0109375 0.0259259259259
0 0.690104166667 0.299537037037 0.0104166666667 0.025
0 0.701041666667 0.283796296296 0.00833333333333 0.0212962962963
0 0.620572916667 0.272685185185 0.0078125 0.0175925925926
0 0.5484375 0.268055555556 0.00833333333333 0.0175925925926
1 0.756770833333 0.285185185185 0.00833333333333 0.0185185185185
1 0.834114583333 0.307407407407 0.0078125 0.0203703703704
1 0.983854166667 0.368518518519 0.0104166666667 0.0259259259259
