0 0.92421875 0.58287037037 0.0505208333333 0.125
0 0.74140625 0.404166666667 0.0203125 0.062037037037
0 0.426302083333 0.383796296296 0.0223958333333 0.0509259259259
0 0.672395833333 0.354166666667 0.0135416666667 0.037962962963
0 0.457552083333 0.35 0.0140625 0.0407407407407
0 0.451041666667 0.334722222222 0.0114583333333 0.0342592592593
0 0.627604166667 0.328703703704 0.0135416666667 0.0314814814815
0 0.554427083333 0.308796296296 0.0109375 0.0268518518519
0 0.424479166667 0.323611111111 0.0104166666667 0.0287037037037
0 0.372395833333 0.316203703704 0.00833333333333 0.0231481481481
0 0.4671875 0.299537037037 0.00625 0.025
