0 0.599609375 0.391145833333 0.03046875 0.0614583333333
0 0.184375 0.277083333333 0.0140625 0.0375
1 0.541796875 0.306770833333 0.01328125 0.0302083333333
1 0.35234375 0.2890625 0.015625 0.0302083333333
0 0.357421875 0.258333333333 0.01328125 0.0416666666667
0 0.368359375 0.247916666667 0.01015625 0.03125
1 0.453125 0.268229166667 0.009375 0.0197916666667
1 0.566796875 0.2890625 0.01171875 0.0239583333333
0 0.634375 0.2859375 0.009375 0.0197916666667
0 0.439453125 0.255729166667 0.00859375 0.0177083333333
0 0.706640625 0.299479166667 0.01171875 0.0177083333333
