0 0.28359375 0.5 0.0432291666667 0.103703703704
0 0.2765625 0.398148148148 0.0177083333333 0.0537037037037
0 0.262239583333 0.36712962963 0.0140625 0.0305555555556
1 0.727864583333 0.402314814815 0.0203125 0.0675925925926
0 0.70546875 0.403703703704 0.0255208333333 0.0648148148148
1 0.459895833333 0.334722222222 0.0104166666667 0.0324074074074
0 0.448177083333 0.337962962963 0.0119791666667 0.0314814814815
1 0.616666666667 0.327314814815 0.0104166666667 0.0324074074074
1 0.473958333333 0.318981481481 0.009375 0.0287037037037
1 0.492708333333 0.311111111111 0.00729166666667 0.0240740740741
1 0.520052083333 0.301851851852 0.00677083333333 0.0222222222222
1 0.565885416667 0.295833333333 0.00572916666667 0.0194444444444
0 0.56015625 0.295833333333 0.00572916666667 0.0194444444444
0 0.513802083333 0.302777777778 0.00677083333333 0.0203703703704
0 0.48515625 0.310185185185 0.0078125 0.0222222222222
0 0.465625 0.321296296296 0.00729166666667 0.0259259259259
0 0.326041666667 0.335185185185 0.009375 0.0222222222222
0 0.379427083333 0.316666666667 0.0078125 0.0222222222222
