1 0.843229166667 0.491666666667 0.025 0.0925925925926
0 0.815885416667 0.487962962963 0.0296875 0.0944444444444
0 0.434375 0.366666666667 0.0177083333333 0.0462962962963
0 0.478125 0.335185185185 0.0104166666667 0.0296296296296
1 0.702604166667 0.375925925926 0.0135416666667 0.0407407407407
0 0.6875 0.375 0.0135416666667 0.0444444444444
1 0.872916666667 0.397685185185 0.0125 0.0398148148148
1 0.76640625 0.349074074074 0.00885416666667 0.0277777777778
1 0.649479166667 0.333333333333 0.0104166666667 0.0277777777778
0 0.501041666667 0.319444444444 0.00729166666667 0.0222222222222
0 0.63984375 0.335648148148 0.00885416666667 0.0268518518519
