0 0.868229166667 0.604166666667 0.0572916666667 0.149074074074
1 0.953125 0.592592592593 0.0479166666667 0.131481481481
1 0.697135416667 0.400462962963 0.0192708333333 0.0583333333333
0 0.675 0.396759259259 0.0208333333333 0.0583333333333
1 0.91484375 0.420833333333 0.0140625 0.0490740740741
1 0.786197916667 0.371296296296 0.0119791666667 0.037037037037
0 0.3359375 0.403703703704 0.021875 0.0611111111111
1 0.682552083333 0.346759259259 0.00989583333333 0.0342592592593
1 0.613541666667 0.330092592593 0.009375 0.0324074074074
0 0.601822916667 0.331018518519 0.0109375 0.0287037037037
0 0.421614583333 0.342592592593 0.0119791666667 0.0333333333333
0 0.451041666667 0.324074074074 0.00833333333333 0.0259259259259
0 0.592708333333 0.324074074074 0.00833333333333 0.0240740740741
