0 0.754166666667 0.464351851852 0.034375 0.0898148148148
0 0.513802083333 0.329166666667 0.0182291666667 0.0398148148148
0 0.371614583333 0.30787037037 0.0140625 0.0305555555556
0 0.23984375 0.324074074074 0.0109375 0.0222222222222
0 0.3828125 0.272222222222 0.00729166666667 0.0166666666667
1 0.286197916667 0.583333333333 0.0442708333333 0.105555555556
1 0.292708333333 0.403703703704 0.0229166666667 0.05
1 0.233333333333 0.368518518519 0.015625 0.0351851851852
1 0.153125 0.372685185185 0.0125 0.0305555555556
1 0.0611979166667 0.401851851852 0.0119791666667 0.0259259259259
