1 0.186328125 0.396875 0.03203125 0.0520833333333
0 0.4140625 0.244791666667 0.009375 0.0270833333333
0 0.312890625 0.286979166667 0.01484375 0.0239583333333
0 0.2875 0.264583333333 0.0140625 0.0333333333333
0 0.28125 0.257291666667 0.0109375 0.0270833333333
1 0.272265625 0.258854166667 0.00703125 0.0135416666667
0 0.153515625 0.3359375 0.01640625 0.028125
1 0.20703125 0.290625 0.009375 0.01875
1 0.212890625 0.278125 0.00703125 0.0166666666667
0 0.094921875 0.331770833333 0.01328125 0.021875
1 0.02421875 0.342708333333 0.0125 0.0208333333333
0 0.078125 0.309375 0.0078125 0.0166666666667
1 0.159375 0.284895833333 0.0078125 0.0135416666667
