1 0.849739583333 0.88287037037 0.0796875 0.19537037037
1 0.684895833333 0.415740740741 0.0229166666667 0.0611111111111
1 0.732291666667 0.345833333333 0.0145833333333 0.0398148148148
1 0.810677083333 0.333796296296 0.0130208333333 0.0305555555556
1 0.890625 0.344907407407 0.009375 0.0268518518519
1 0.97890625 0.372685185185 0.0109375 0.025
1 0.134635416667 0.498148148148 0.0296875 0.0740740740741
1 0.406510416667 0.366666666667 0.0234375 0.0481481481481
1 0.475 0.30787037037 0.0135416666667 0.0342592592593
1 0.455989583333 0.283333333333 0.00989583333333 0.0259259259259
1 0.412760416667 0.273611111111 0.00677083333333 0.0194444444444
0 0.280989583333 0.352314814815 0.0161458333333 0.0361111111111
1 0.0635416666667 0.341203703704 0.00729166666667 0.0175925925926
0 0.620572916667 0.296759259259 0.00885416666667 0.0287037037037
1 0.355208333333 0.271296296296 0.00729166666667 0.0185185185185
1 0.29296875 0.277777777778 0.00677083333333 0.0166666666667
1 0.2203125 0.290277777778 0.00625 0.0138888888889
0 0.566145833333 0.274074074074 0.009375 0.0222222222222
0 0.592447916667 0.263888888889 0.00677083333333 0.0185185185185
