1 0.963671875 0.502083333333 0.03046875 0.0666666666667
1 0.795703125 0.369270833333 0.01796875 0.040625
1 0.894921875 0.383854166667 0.01484375 0.0302083333333
0 0.919921875 0.3734375 0.01328125 0.021875
0 0.591015625 0.31875 0.01953125 0.0354166666667
1 0.242578125 0.405729166667 0.03671875 0.0572916666667
0 0.251953125 0.321875 0.01796875 0.0354166666667
0 0.4328125 0.283854166667 0.0140625 0.0302083333333
0 0.189453125 0.306770833333 0.01328125 0.0260416666667
0 0.38359375 0.271875 0.0109375 0.01875
1 0.115625 0.313541666667 0.0140625 0.0229166666667
0 0.0390625 0.330729166667 0.0109375 0.0197916666667
1 0.9015625 0.3515625 0.009375 0.0197916666667
