0 0.794270833333 0.441666666667 0.025 0.0777777777778
0 0.35859375 0.44537037037 0.0307291666667 0.087037037037
0 0.6546875 0.362962962963 0.0166666666667 0.0481481481481
0 0.393489583333 0.384722222222 0.0203125 0.0490740740741
0 0.541927083333 0.338888888889 0.0119791666667 0.0314814814815
0 0.36328125 0.363425925926 0.0130208333333 0.0342592592593
0 0.4625 0.329166666667 0.009375 0.025
0 0.334635416667 0.351851851852 0.0109375 0.0296296296296
0 0.300520833333 0.344907407407 0.009375 0.025
0 0.265625 0.342592592593 0.00729166666667 0.0240740740741
0 0.407552083333 0.325 0.00677083333333 0.0222222222222
