1 0.79140625 0.622222222222 0.0536458333333 0.127777777778
1 0.748177083333 0.387962962963 0.0223958333333 0.0555555555556
1 0.8 0.349537037037 0.0145833333333 0.0361111111111
1 0.873697916667 0.34537037037 0.0130208333333 0.0314814814815
1 0.966145833333 0.364351851852 0.0104166666667 0.0268518518519
0 0.35625 0.431018518519 0.0322916666667 0.0694444444444
0 0.516927083333 0.331944444444 0.0192708333333 0.0416666666667
0 0.6515625 0.301388888889 0.0135416666667 0.0305555555556
0 0.77109375 0.301851851852 0.0109375 0.0259259259259
0 0.894010416667 0.322222222222 0.00885416666667 0.0203703703704
0 0.45234375 0.297222222222 0.0119791666667 0.0296296296296
0 0.236979166667 0.372222222222 0.0208333333333 0.0407407407407
0 0.122395833333 0.367592592593 0.0125 0.0296296296296
0 0.291145833333 0.32037037037 0.0114583333333 0.0296296296296
0 0.315104166667 0.293981481481 0.009375 0.0231481481481
0 0.4390625 0.275925925926 0.009375 0.0222222222222
