0 0.298828125 0.4296875 0.03671875 0.0739583333333
0 0.761328125 0.461979166667 0.03671875 0.0760416666667
0 0.67734375 0.345833333333 0.015625 0.0395833333333
1 0.700390625 0.320833333333 0.01015625 0.025
1 0.76328125 0.320833333333 0.0109375 0.0229166666667
0 0.341015625 0.317708333333 0.01953125 0.0354166666667
1 0.292578125 0.289583333333 0.01328125 0.025
1 0.41953125 0.270833333333 0.0109375 0.0229166666667
1 0.562890625 0.28125 0.01171875 0.0208333333333
0 0.827734375 0.336458333333 0.00703125 0.0208333333333
0 0.23046875 0.283333333333 0.0125 0.0229166666667
0 0.6765625 0.289583333333 0.0078125 0.01875
0 0.326171875 0.263020833333 0.00859375 0.0197916666667
