1 0.84609375 0.536111111111 0.0359375 0.109259259259
0 0.807552083333 0.530555555556 0.0390625 0.127777777778
1 0.906510416667 0.425462962963 0.0192708333333 0.0601851851852
1 0.749479166667 0.375 0.0177083333333 0.0462962962963
0 0.38671875 0.374074074074 0.0182291666667 0.0444444444444
1 0.6515625 0.348148148148 0.0114583333333 0.0407407407407
0 0.6375 0.35 0.0125 0.037037037037
0 0.440104166667 0.337037037037 0.0114583333333 0.0314814814815
0 0.622135416667 0.335648148148 0.00989583333333 0.0324074074074
0 0.605208333333 0.322222222222 0.00833333333333 0.0259259259259
0 0.462760416667 0.322685185185 0.00885416666667 0.0231481481481
