1 0.9265625 0.55787037037 0.0385416666667 0.102777777778
1 0.91015625 0.405555555556 0.0171875 0.05
1 0.964322916667 0.385648148148 0.0130208333333 0.0361111111111
0 0.580989583333 0.373148148148 0.0265625 0.0592592592593
0 0.703385416667 0.324537037037 0.0171875 0.0435185185185
0 0.82578125 0.31712962963 0.0140625 0.0305555555556
1 0.25078125 0.509722222222 0.0369791666667 0.0861111111111
1 0.259635416667 0.374537037037 0.0192708333333 0.0453703703704
1 0.208854166667 0.352314814815 0.0135416666667 0.0324074074074
1 0.13828125 0.35462962963 0.0140625 0.0277777777778
1 0.0611979166667 0.374537037037 0.00989583333333 0.0268518518519
0 0.0122395833333 0.380092592593 0.00677083333333 0.0194444444444
0 0.123958333333 0.336111111111 0.009375 0.0203703703704
0 0.229166666667 0.309259259259 0.00833333333333 0.0240740740741
0 0.343229166667 0.3 0.0104166666667 0.0296296296296
0 0.459375 0.315740740741 0.0177083333333 0.037037037037
0 0.494270833333 0.283333333333 0.0104166666667 0.0277777777778
0 0.639322916667 0.286111111111 0.0109375 0.0296296296296
0 0.72265625 0.277777777778 0.00885416666667 0.0240740740741
0 0.62265625 0.266203703704 0.00885416666667 0.0194444444444
0 0.94375 0.3375 0.0104166666667 0.0268518518519
0 0.508854166667 0.266203703704 0.00729166666667 0.025
