0 0.865885416667 0.584722222222 0.0515625 0.117592592593
0 0.548958333333 0.338425925926 0.0197916666667 0.0490740740741
0 0.85078125 0.326851851852 0.0119791666667 0.0333333333333
0 0.399739583333 0.312037037037 0.0130208333333 0.0296296296296
0 0.268489583333 0.323148148148 0.00989583333333 0.0222222222222
0 0.154947916667 0.350462962963 0.00885416666667 0.0231481481481
1 0.222135416667 0.715740740741 0.0588541666667 0.125925925926
1 0.30625 0.42037037037 0.0229166666667 0.0574074074074
1 0.25390625 0.371296296296 0.0161458333333 0.037037037037
1 0.170833333333 0.373148148148 0.0135416666667 0.0296296296296
1 0.08828125 0.398148148148 0.0119791666667 0.0259259259259
1 0.00546875 0.43287037037 0.00989583333333 0.025
