1 0.762239583333 0.39212962963 0.0244791666667 0.0638888888889
1 0.236197916667 0.658333333333 0.0546875 0.12037037037
1 0.293229166667 0.414351851852 0.025 0.0564814814815
1 0.529166666667 0.336574074074 0.0177083333333 0.0435185185185
1 0.466927083333 0.3 0.0109375 0.0314814814815
1 0.485677083333 0.276851851852 0.00885416666667 0.0222222222222
1 0.236458333333 0.37037037037 0.0166666666667 0.0388888888889
0 0.0895833333333 0.496296296296 0.025 0.0592592592593
1 0.158072916667 0.376851851852 0.0140625 0.0259259259259
1 0.0815104166667 0.399074074074 0.0119791666667 0.0277777777778
0 0.334114583333 0.314351851852 0.0109375 0.0287037037037
0 0.38515625 0.285648148148 0.00989583333333 0.025
1 0.528125 0.261574074074 0.00833333333333 0.0212962962963
