0 0.0765625 0.672395833333 0.084375 0.128125
0 0.279296875 0.361458333333 0.02578125 0.05
0 0.273828125 0.3125 0.01796875 0.03125
0 0.644140625 0.286979166667 0.01328125 0.0447916666667
0 0.669140625 0.269270833333 0.00703125 0.0260416666667
1 0.220703125 0.296875 0.01328125 0.0229166666667
0 0.20234375 0.275 0.0078125 0.01875
0 0.233984375 0.255208333333 0.00859375 0.01875
0 0.160546875 0.272916666667 0.01171875 0.0270833333333
0 0.138671875 0.274479166667 0.00859375 0.021875
0 0.129296875 0.302604166667 0.01171875 0.021875
1 0.105859375 0.293229166667 0.00859375 0.015625
