1 0.769010416667 0.610648148148 0.0463541666667 0.117592592593
1 0.71953125 0.385648148148 0.0182291666667 0.0472222222222
1 0.774479166667 0.343518518519 0.0125 0.0351851851852
1 0.85703125 0.343518518519 0.0119791666667 0.0296296296296
1 0.95 0.363888888889 0.0104166666667 0.0296296296296
0 0.28203125 0.47962962963 0.0380208333333 0.0833333333333
0 0.1078125 0.4125 0.0229166666667 0.0509259259259
0 0.285416666667 0.360648148148 0.0177083333333 0.0472222222222
0 0.151302083333 0.345833333333 0.0119791666667 0.0305555555556
1 0.374739583333 0.306481481481 0.0119791666667 0.0333333333333
1 0.283854166667 0.302777777778 0.00833333333333 0.0222222222222
1 0.513541666667 0.303703703704 0.0114583333333 0.0296296296296
1 0.642708333333 0.300925925926 0.0114583333333 0.0296296296296
1 0.69765625 0.290277777778 0.00885416666667 0.0231481481481
1 0.25859375 0.29537037037 0.0109375 0.0185185185185
0 0.147395833333 0.325 0.00729166666667 0.0222222222222
0 0.806770833333 0.308796296296 0.00833333333333 0.0305555555556
