2 0.951713 0.685152 0.077882 0.206722
2 0.904254 0.670298 0.070191 0.191867
0 0.902745 0.574364 0.034268 0.061893
1 0.824474 0.646778 0.052181 0.100266
1 0.797995 0.529182 0.033489 0.050752
2 0.760222 0.593551 0.049844 0.132450
2 0.764116 0.529182 0.021807 0.053228
2 0.724396 0.579315 0.042056 0.111407
2 0.730627 0.530420 0.021807 0.048276
2 0.686624 0.534134 0.022586 0.050752
2 0.644178 0.534753 0.023364 0.047038
2 0.588104 0.537228 0.024922 0.051990
2 0.538259 0.542180 0.026480 0.047038
2 0.477901 0.544037 0.028816 0.048276
2 0.410144 0.547131 0.024143 0.054466
2 0.365703 0.578697 0.033586 0.065606
2 0.312403 0.589218 0.043614 0.121310
2 0.325643 0.569413 0.046729 0.111407
2 0.280861 0.573745 0.033489 0.073033
2 0.241920 0.544037 0.030374 0.055703
2 0.178057 0.539704 0.016355 0.047038
2 0.167153 0.544656 0.021028 0.059417
2 0.155082 0.551464 0.023364 0.060655
2 0.143010 0.557034 0.021028 0.064368
2 0.129381 0.557653 0.021807 0.065606
2 0.113805 0.566318 0.035826 0.065606
2 0.187792 0.576221 0.034268 0.075509
2 0.165985 0.721669 0.088785 0.247571
0 0.257886 0.660395 0.048287 0.107693