1 0.152258 0.690149 0.052710 0.129720
1 0.304012 0.575969 0.029756 0.063509
1 0.356722 0.532053 0.019554 0.043240
1 0.385627 0.509082 0.014453 0.037835
1 0.401780 0.495570 0.005951 0.029727
1 0.419633 0.489489 0.009352 0.028376
1 0.432386 0.481382 0.007651 0.028376
1 0.441738 0.478679 0.007651 0.020269
0 0.838337 0.685420 0.052710 0.120261
0 0.651727 0.568537 0.026355 0.064860
0 0.610494 0.527324 0.013603 0.047294
0 0.585414 0.505704 0.009352 0.031079
0 0.569687 0.493543 0.011902 0.022971
0 0.555659 0.485435 0.009352 0.025674
0 0.543332 0.473950 0.005101 0.021620
0 0.537380 0.471247 0.005101 0.016215