1 0.232598 0.629343 0.039957 0.083777
1 0.327391 0.556376 0.020404 0.054050
1 0.369049 0.524622 0.015303 0.041889
1 0.393704 0.505704 0.010202 0.025674
1 0.405606 0.492867 0.005101 0.027025
1 0.421759 0.488814 0.008502 0.024322
1 0.433236 0.481382 0.007651 0.022971
1 0.441738 0.482733 0.005951 0.012161
0 0.754171 0.628668 0.042508 0.087831
0 0.626647 0.547593 0.023804 0.058104
0 0.594341 0.514487 0.015303 0.040537
0 0.579038 0.499624 0.010202 0.027025
0 0.563310 0.491516 0.009352 0.029727
0 0.550133 0.484760 0.010202 0.024322
0 0.539931 0.477328 0.008502 0.020269
0 0.535680 0.475301 0.006801 0.016215