2 0.015343 0.475977 0.030685 0.112153
2 0.087221 0.422602 0.041658 0.097290
2 0.162035 0.380714 0.039957 0.086480
2 0.217295 0.348959 0.038257 0.079724
1 0.272556 0.328015 0.039957 0.081075
1 0.562035 0.236806 0.018703 0.044591
1 0.678082 0.209105 0.009352 0.032430
1 0.729942 0.203025 0.009352 0.020269
1 0.759272 0.196944 0.008502 0.016215
0 0.838762 0.507731 0.051860 0.145935
0 0.855765 0.308422 0.028055 0.041889
0 0.854065 0.259777 0.017853 0.028376
0 0.847689 0.237482 0.011902 0.021620
0 0.846413 0.221267 0.012752 0.021620
0 0.846839 0.205052 0.006801 0.016215
1 0.774575 0.193566 0.001700 0.017566
1 0.785375 0.194917 0.006297 0.014864