1 0.261929 0.636099 0.040808 0.086480
1 0.362673 0.559078 0.024655 0.051347
1 0.408156 0.523270 0.015303 0.036484
1 0.426860 0.507055 0.008502 0.028376
1 0.448539 0.494894 0.009352 0.028376
1 0.462141 0.486111 0.009352 0.024322
1 0.474044 0.483409 0.011052 0.018917
0 0.762248 0.627992 0.034857 0.086480
0 0.677657 0.554349 0.017003 0.049996
0 0.642800 0.518541 0.011902 0.037835
0 0.618996 0.502326 0.011902 0.029727
0 0.600292 0.491516 0.006801 0.027025
0 0.585414 0.483409 0.007651 0.018917
0 0.579463 0.477328 0.009352 0.017566