2 0.104069 0.737761 0.084891 0.254998
2 0.293322 0.612738 0.059969 0.138640
2 0.234910 0.521755 0.017913 0.048276
2 0.227901 0.526088 0.019470 0.047038
2 0.213882 0.531658 0.017913 0.048276
2 0.204537 0.536610 0.019470 0.058179
2 0.194023 0.545274 0.023364 0.053228
2 0.254381 0.545893 0.022586 0.051990
2 0.288649 0.525469 0.021028 0.043325
2 0.348228 0.526088 0.021807 0.044563
2 0.329147 0.544656 0.021028 0.047038
2 0.394568 0.550226 0.027259 0.050752
2 0.369646 0.538466 0.035047 0.086650
2 0.364583 0.553321 0.034268 0.094077
2 0.426499 0.526088 0.024143 0.044563
2 0.482185 0.526707 0.023364 0.043325
2 0.528914 0.525469 0.024922 0.048276
0 0.332262 0.591075 0.035047 0.082936
2 0.574085 0.522993 0.020249 0.040849
2 0.621203 0.520517 0.022586 0.043325
2 0.794490 0.602216 0.052960 0.134926
2 0.771904 0.591694 0.048287 0.121310
2 0.694412 0.554558 0.035047 0.096553
2 0.672995 0.549607 0.034268 0.086650
2 0.657029 0.519280 0.021028 0.038373
2 0.720892 0.520517 0.019470 0.043325
1 0.968945 0.516804 0.028037 0.040849
1 0.750487 0.521755 0.019470 0.043325
1 0.733353 0.587980 0.039720 0.084174
0 0.825253 0.553939 0.027259 0.058179