0 0.866817 0.556376 0.024655 0.064860
1 0.769049 0.511785 0.021254 0.051347
1 0.763948 0.623938 0.041658 0.108100
2 0.737168 0.511785 0.017003 0.043240
2 0.701886 0.506380 0.016153 0.043240
2 0.657253 0.507731 0.023804 0.051347
2 0.616020 0.511109 0.021254 0.052699
2 0.559060 0.512460 0.021254 0.049996
2 0.507200 0.517865 0.019554 0.049996
2 0.446413 0.524622 0.025505 0.049996
2 0.380101 0.522595 0.022104 0.048645
2 0.324416 0.552998 0.031456 0.063509
2 0.245351 0.551646 0.024655 0.063509
2 0.214745 0.517190 0.022954 0.062157
2 0.155659 0.513812 0.017003 0.049996
2 0.155725 0.550802 0.022237 0.053712
2 0.144607 0.522595 0.023804 0.062157
2 0.131854 0.525973 0.018703 0.052699
2 0.116552 0.526648 0.022104 0.056752
2 0.102524 0.534756 0.017853 0.078372
2 0.088921 0.535432 0.017853 0.055401
3 0.079702 0.687447 0.082891 0.212821
0 0.197277 0.641167 0.039028 0.085804
3 0.268305 0.564483 0.041658 0.124315
3 0.876594 0.676637 0.078215 0.208092
3 0.832386 0.657044 0.059511 0.190526
3 0.284458 0.550295 0.039957 0.101344
3 0.681057 0.556376 0.044208 0.102695
3 0.706562 0.574618 0.047609 0.112153