2 0.955705 0.654206 0.071651 0.191867
1 0.955705 0.540323 0.035826 0.063131
2 0.915985 0.545274 0.026480 0.065606
2 0.871593 0.547131 0.035826 0.066844
2 0.815129 0.546512 0.039720 0.068082
2 0.759833 0.548369 0.031931 0.071796
2 0.681562 0.555796 0.038941 0.076747
2 0.614194 0.568794 0.033489 0.073033
2 0.521904 0.573745 0.035826 0.080460
2 0.420269 0.581791 0.031931 0.076747
2 0.326421 0.663490 0.057632 0.116358
2 0.244646 0.671536 0.076324 0.211673
2 0.275798 0.584267 0.038941 0.091601
2 0.199474 0.730953 0.099688 0.261187
2 0.172995 0.571888 0.037383 0.094077
2 0.193195 0.660395 0.053057 0.117596
2 0.045269 0.655443 0.048287 0.102742
2 0.082262 0.578697 0.033489 0.075509
2 0.061234 0.585505 0.038162 0.086650
2 0.038989 0.594789 0.035923 0.082936
2 0.015674 0.610262 0.029595 0.091601