1 0.036597 0.771900 0.073193 0.166203
1 0.270005 0.575969 0.036557 0.077021
1 0.350345 0.514487 0.022104 0.045942
1 0.380951 0.489489 0.017003 0.039186
1 0.409006 0.471247 0.010202 0.029727
1 0.427285 0.462464 0.005951 0.028376
1 0.438762 0.459086 0.008502 0.016215
0 0.950983 0.767846 0.058661 0.174311
0 0.718039 0.572591 0.029756 0.078372
0 0.649601 0.511109 0.017003 0.041889
0 0.608794 0.488814 0.015303 0.037835
0 0.583289 0.473274 0.010202 0.025674
0 0.564586 0.461789 0.010202 0.024322
0 0.556084 0.456384 0.010202 0.024322