1 0.916552 0.495570 0.013603 0.035132
1 0.704012 0.492867 0.015303 0.035132
0 0.765648 0.528675 0.014453 0.039186
2 0.678932 0.494894 0.009352 0.033781
2 0.651302 0.494219 0.011902 0.029727
2 0.586690 0.492867 0.010202 0.035132
2 0.541206 0.496921 0.014453 0.035132
2 0.502949 0.496921 0.012752 0.035132
2 0.456615 0.501650 0.011902 0.033781
2 0.406456 0.499623 0.017003 0.029727
2 0.334192 0.495570 0.011902 0.032430
2 0.315914 0.509758 0.014453 0.041889
2 0.281482 0.492867 0.013603 0.037835
2 0.249602 0.510433 0.014453 0.037835
2 0.232598 0.494219 0.009352 0.045942
2 0.225797 0.496921 0.011052 0.045942
2 0.219846 0.500975 0.016153 0.043240
2 0.213045 0.506380 0.014453 0.051347
2 0.205818 0.506380 0.013603 0.045942
2 0.195616 0.505028 0.013603 0.043240
2 0.372875 0.516514 0.012752 0.047294
1 0.657678 0.558403 0.022954 0.052699
0 0.310388 0.551646 0.020404 0.055401
3 0.132280 0.635424 0.065462 0.179716
3 0.281057 0.563808 0.031456 0.104046
3 0.343969 0.513136 0.024655 0.075670
3 0.821334 0.627992 0.059511 0.172960
3 0.696360 0.559754 0.030606 0.104046
3 0.680632 0.552322 0.026355 0.094587
3 0.633448 0.527324 0.018704 0.077021
3 0.619421 0.517865 0.019554 0.068914