0 0.726966 0.511109 0.011902 0.036484
1 0.673406 0.484760 0.010202 0.024322
2 0.625226 0.486618 0.011344 0.033443
2 0.561610 0.484760 0.012752 0.027025
2 0.520377 0.485435 0.013603 0.033781
2 0.484246 0.485435 0.016153 0.031079
2 0.443013 0.488814 0.015303 0.035132
2 0.395404 0.486787 0.013603 0.031079
2 0.367774 0.500299 0.016153 0.033781
2 0.329516 0.486787 0.009352 0.031079
2 0.279782 0.484760 0.013603 0.032430
2 0.253852 0.500299 0.016153 0.039186
2 0.234724 0.484084 0.011902 0.033781
2 0.226647 0.487462 0.014453 0.040537
2 0.217295 0.493543 0.016153 0.039186
2 0.204968 0.496921 0.013603 0.043240
2 0.310813 0.496245 0.016153 0.041889
0 0.315489 0.533405 0.020404 0.043240
1 0.621971 0.537458 0.017853 0.048645
3 0.189240 0.582050 0.046759 0.143232
3 0.287434 0.534756 0.028905 0.086480
3 0.341419 0.501650 0.024655 0.066211
3 0.741419 0.581374 0.049309 0.144583
3 0.656403 0.534756 0.030606 0.099992
3 0.640250 0.531378 0.028905 0.101344
3 0.601993 0.510433 0.020404 0.067562
3 0.592216 0.503677 0.019554 0.064860