0 0.043438 0.765819 0.071413 0.164852
2 0.008967 0.570564 0.017933 0.077021
2 0.030685 0.557727 0.020404 0.078372
2 0.051514 0.549620 0.016153 0.075670
2 0.073619 0.541512 0.024655 0.070265
2 0.092322 0.532729 0.019554 0.066211
2 0.111026 0.530702 0.019554 0.072967
2 0.082120 0.583401 0.034857 0.081075
2 0.185840 0.534080 0.026355 0.058104
2 0.273831 0.532053 0.034006 0.070265
2 0.306987 0.588806 0.044208 0.086480
2 0.392003 0.529351 0.035707 0.072967
2 0.480420 0.532053 0.037407 0.081075
2 0.558634 0.530027 0.037407 0.074319
2 0.622396 0.517865 0.025505 0.066211
2 0.691684 0.515838 0.031456 0.072967
2 0.744394 0.515163 0.031456 0.063509
2 0.796254 0.514487 0.022954 0.059455
2 0.837487 0.511109 0.025505 0.063509
1 0.873193 0.515163 0.020404 0.058104
1 0.973154 0.757712 0.053693 0.156745
3 0.863417 0.628668 0.060361 0.163501
3 0.803480 0.602318 0.047609 0.145935
3 0.206668 0.619209 0.056111 0.182418
3 0.247901 0.584076 0.048459 0.152691