2 0.862247 0.644303 0.065421 0.172062
2 0.832603 0.626973 0.068438 0.157207
1 0.771904 0.621402 0.051402 0.086650
0 0.861468 0.566318 0.035826 0.053228
1 0.771904 0.530420 0.020249 0.058179
2 0.740752 0.531658 0.021807 0.043325
2 0.723618 0.573745 0.038941 0.115120
2 0.695970 0.563223 0.038162 0.094077
2 0.711157 0.527945 0.020249 0.048276
2 0.673384 0.532896 0.024143 0.048276
2 0.634054 0.531039 0.029595 0.049514
2 0.583041 0.534134 0.030374 0.045801
2 0.536702 0.537847 0.034268 0.050752
2 0.482185 0.542180 0.029595 0.042087
2 0.420658 0.542180 0.029595 0.039611
2 0.382886 0.568794 0.033489 0.055703
2 0.269957 0.533515 0.028816 0.056941
2 0.334599 0.540942 0.019470 0.047038
2 0.352122 0.560129 0.040498 0.097790
2 0.345113 0.571269 0.040498 0.112645
2 0.310845 0.560129 0.028037 0.068082
2 0.245814 0.661014 0.072430 0.178251
0 0.305393 0.626973 0.038941 0.090363
2 0.227122 0.568175 0.027259 0.059417
2 0.211157 0.537847 0.029595 0.048276
2 0.200643 0.539085 0.031931 0.058179
2 0.194412 0.546512 0.024143 0.045801
2 0.183898 0.549607 0.023364 0.054466
2 0.172605 0.553321 0.024143 0.049514
2 0.161312 0.561367 0.029595 0.058179