2 0.345313 0.473096 0.081250 0.166391
2 0.543750 0.277732 0.035417 0.068709
2 0.855990 0.314983 0.032813 0.062086
1 0.594271 0.226407 0.021875 0.038907
0 0.786719 0.248344 0.019271 0.036424
1 0.885156 0.253725 0.016146 0.035596
1 0.982292 0.269868 0.014583 0.023179
1 0.306510 0.259106 0.024479 0.048013
0 0.344010 0.227649 0.018229 0.036424
0 0.502604 0.208195 0.018750 0.030629
0 0.225260 0.248344 0.016146 0.026490
1 0.105990 0.302152 0.018229 0.036424
0 0.143750 0.263245 0.014583 0.023179
3 0.770313 0.208195 0.017708 0.032285
3 0.636198 0.191639 0.017188 0.033940
0 0.728646 0.192053 0.014583 0.023179