2 0.160938 0.692467 0.104167 0.259106
2 0.504167 0.313742 0.040625 0.087748
2 0.885937 0.356788 0.052083 0.089404
1 0.254688 0.280215 0.031250 0.060430
1 0.054167 0.334023 0.022917 0.048841
0 0.183854 0.264901 0.016667 0.038079
0 0.308333 0.241722 0.025000 0.039735
0 0.479427 0.213576 0.025521 0.038079
1 0.577865 0.237169 0.028646 0.048841
0 0.793229 0.260762 0.028125 0.051325
1 0.894010 0.263659 0.018229 0.038907
3 0.768750 0.211507 0.016667 0.048841
3 0.624740 0.194123 0.015104 0.047185
0 0.518490 0.179636 0.015104 0.023179
0 0.179688 0.231788 0.014583 0.023179
1 0.989583 0.274007 0.014583 0.031457
0 0.585938 0.202401 0.016667 0.030629