1 0.502865 0.631209 0.066146 0.118377
2 0.596094 0.554636 0.046354 0.105960
2 0.531771 0.514073 0.030208 0.059603
2 0.898177 0.540977 0.033854 0.085265
2 0.791927 0.504967 0.038021 0.077815
1 0.157552 0.563742 0.035937 0.079470
0 0.414063 0.478891 0.017708 0.045530
0 0.373177 0.502483 0.021354 0.052980
0 0.358854 0.471026 0.014583 0.036424
0 0.289583 0.466474 0.018750 0.027318
0 0.180729 0.525662 0.021875 0.049669
1 0.064583 0.517798 0.032292 0.068709
1 0.255729 0.485513 0.023958 0.035596
1 0.201302 0.496689 0.016146 0.041391
1 0.115104 0.472268 0.014583 0.028974