2 0.345833 0.466474 0.085417 0.171358
2 0.543229 0.279801 0.034375 0.064570
2 0.854427 0.317881 0.031771 0.069536
3 0.769792 0.206540 0.014583 0.033940
3 0.635938 0.189570 0.014583 0.033113
1 0.307292 0.257036 0.019792 0.043874
1 0.106510 0.301325 0.015104 0.041391
0 0.223177 0.248344 0.016146 0.026490
0 0.140104 0.265728 0.014583 0.026490
0 0.342969 0.228063 0.018229 0.030629
0 0.501302 0.209023 0.020313 0.028974
1 0.596615 0.227235 0.017188 0.037252
1 0.882813 0.254139 0.014583 0.031457
1 0.980729 0.269454 0.014583 0.024007
0 0.786458 0.247930 0.017708 0.037252
0 0.598958 0.199917 0.014583 0.025662
0 0.622396 0.187914 0.014583 0.023179