2 0.000957 0.659837 0.001914 0.040125
2 0.047730 0.581072 0.022440 0.075792
2 0.081390 0.566954 0.024310 0.062417
2 0.111778 0.549864 0.017765 0.057959
2 0.139361 0.529801 0.022440 0.038639
2 0.161334 0.512711 0.014025 0.046070
2 0.244551 0.510482 0.021505 0.032695
2 0.326832 0.513454 0.019635 0.044584
2 0.416126 0.503794 0.013090 0.031208
2 0.420801 0.526829 0.013090 0.041611
2 0.437164 0.544663 0.017765 0.044584
2 0.444644 0.587760 0.023375 0.086195
2 0.474097 0.643489 0.039271 0.090653
0 0.510563 0.719281 0.063581 0.141181
0 0.853246 0.584788 0.043946 0.077278