0 0.007502 0.770553 0.015004 0.059445
0 0.087468 0.517169 0.014025 0.031208
0 0.230525 0.490419 0.014025 0.028236
0 0.380596 0.493391 0.020570 0.031208
0 0.540016 0.490419 0.010285 0.028236
0 0.721876 0.491905 0.003740 0.028236
0 0.894855 0.493391 0.013090 0.016347
1 0.964513 0.602621 0.034596 0.077278
1 0.974798 0.504537 0.017765 0.047556
1 0.849506 0.498593 0.012155 0.035667
1 0.713461 0.498593 0.011220 0.023778
1 0.584429 0.603364 0.050491 0.066875
1 0.572741 0.495621 0.010285 0.020806
1 0.442774 0.497850 0.010285 0.028236
1 0.324495 0.510482 0.024310 0.029722
1 0.228188 0.518655 0.018700 0.046070
1 0.142634 0.555808 0.023375 0.046070
1 0.160399 0.523114 0.012155 0.037153
1 0.253901 0.589246 0.040206 0.056472
3 0.190320 0.557295 0.034596 0.087681
3 0.401166 0.586274 0.056101 0.118890