0 0.866481 0.511411 0.021061 0.045872
0 0.618821 0.561003 0.029641 0.065709
1 0.222955 0.575260 0.030421 0.071908
2 0.270537 0.534967 0.024181 0.053311
2 0.296278 0.508312 0.019501 0.044632
2 0.602440 0.532488 0.024961 0.058270
2 0.586059 0.502113 0.020281 0.052071
2 0.571239 0.470498 0.012480 0.030995
2 0.568119 0.460580 0.010920 0.030995
2 0.494796 0.461820 0.014041 0.033474
2 0.428883 0.462440 0.014821 0.032234
2 0.358290 0.464919 0.012480 0.032234
2 0.346980 0.471738 0.013261 0.033474
2 0.329429 0.484136 0.015601 0.038433
2 0.312658 0.495914 0.017941 0.042153
1 0.986867 0.746350 0.026265 0.114060
1 0.993498 0.603155 0.013005 0.065709