0 0.223513 0.604107 0.035531 0.071334
0 0.607804 0.610052 0.031791 0.089167
0 0.911217 0.579586 0.025245 0.081737
0 0.949085 0.520885 0.011220 0.044584
0 0.725149 0.503794 0.012155 0.049042
0 0.846234 0.502308 0.005610 0.031208
0 0.591442 0.504537 0.012155 0.020806
0 0.461474 0.508253 0.006545 0.019320
0 0.330105 0.517912 0.007480 0.023778
0 0.202475 0.522371 0.008415 0.020806
0 0.089805 0.532031 0.014960 0.034181
0 0.008459 0.542433 0.016830 0.034181
0 0.015472 0.593704 0.023375 0.059445
1 0.123934 0.521628 0.015895 0.022292
1 0.281951 0.513454 0.014025 0.017833
1 0.453527 0.500822 0.011220 0.016347
1 0.614817 0.499336 0.010285 0.019320
1 0.785925 0.492648 0.014025 0.029722
1 0.939735 0.501565 0.007480 0.023778
3 0.792938 0.575128 0.041141 0.108487
3 0.978538 0.554322 0.025245 0.084709