0 0.067365 0.844115 0.097242 0.203598
0 0.630245 0.632344 0.050491 0.107001
0 0.932255 0.575128 0.016830 0.063903
0 0.877557 0.512711 0.008415 0.025264
0 0.893920 0.510482 0.011220 0.014861
0 0.921035 0.520142 0.007480 0.037153
0 0.947683 0.499336 0.008415 0.022292
2 0.548898 0.564725 0.031791 0.057959
2 0.632582 0.535746 0.015895 0.044584
2 0.718136 0.566954 0.016830 0.062417
2 0.750395 0.546149 0.015895 0.029722
1 0.751330 0.517912 0.012155 0.020806
1 0.726552 0.512711 0.022440 0.037153
1 0.773302 0.506023 0.011220 0.032695
1 0.896257 0.548378 0.021505 0.040125
1 0.858856 0.499336 0.004675 0.019320
1 0.970591 0.492648 0.005610 0.020806