0 0.012645 0.913220 0.025289 0.074306
0 0.473630 0.566954 0.025245 0.041611
0 0.665776 0.526829 0.016830 0.035667
0 0.856519 0.514197 0.011220 0.028236
3 0.030899 0.692531 0.057971 0.212515
3 0.782185 0.652406 0.064516 0.185765
1 0.932255 0.745289 0.044881 0.136723
1 0.711591 0.632344 0.035531 0.083223
1 0.754135 0.579586 0.028985 0.078764
1 0.855116 0.550607 0.027116 0.062417
1 0.979473 0.537232 0.023375 0.050528
1 0.185177 0.581816 0.029921 0.056473
2 0.453994 0.553579 0.017765 0.050528
2 0.440437 0.532774 0.009350 0.020806
2 0.434359 0.516426 0.012155 0.026750
2 0.422204 0.508996 0.006545 0.017833
2 0.413321 0.497107 0.011220 0.020806
2 0.352545 0.503051 0.013090 0.017833
2 0.297379 0.504537 0.014960 0.029722
2 0.198735 0.555808 0.017765 0.046070
2 0.238941 0.505280 0.008415 0.022292
2 0.232863 0.511968 0.013090 0.020806
2 0.219773 0.524600 0.009350 0.034181
2 0.210423 0.540204 0.014960 0.035667