0 0.029507 0.626711 0.039782 0.095463
0 0.031847 0.491575 0.013261 0.033474
0 0.132081 0.499013 0.014041 0.038433
0 0.206574 0.549845 0.025741 0.060749
0 0.504936 0.476077 0.014041 0.032234
0 0.666013 0.458100 0.011700 0.028515
0 0.834499 0.449422 0.011700 0.023556
0 0.997008 0.450042 0.005984 0.027275
1 0.151582 0.473598 0.014041 0.029755
1 0.311878 0.481036 0.014821 0.034714
1 0.593470 0.543646 0.030421 0.060749
1 0.787307 0.606255 0.043682 0.096703
1 0.673423 0.485996 0.017161 0.037194
1 0.785747 0.472978 0.014041 0.033474
1 0.908602 0.466159 0.013261 0.029755
2 0.324749 0.469259 0.012480 0.030995
2 0.348930 0.447562 0.010920 0.024796
2 0.364531 0.437024 0.007800 0.021076
2 0.333329 0.458720 0.010920 0.024796
2 0.411332 0.436404 0.010920 0.022316
2 0.357510 0.439504 0.010920 0.026035
2 0.456964 0.434545 0.011700 0.023556
2 0.502986 0.460580 0.010140 0.028515
2 0.506886 0.442603 0.011700 0.029755
3 0.154312 0.561003 0.044462 0.120259
3 0.216715 0.515131 0.030421 0.085545
3 0.660552 0.551084 0.046022 0.125218
3 0.586449 0.505832 0.030421 0.086785