0 0.506823 0.717795 0.059841 0.114431
0 0.852779 0.589989 0.031791 0.066875
2 0.476902 0.645719 0.035531 0.071334
2 0.446982 0.595191 0.022440 0.053500
2 0.448384 0.561753 0.015895 0.052014
2 0.442774 0.532774 0.008415 0.032695
2 0.424074 0.533517 0.019635 0.046070
2 0.419866 0.506766 0.011220 0.025264
2 0.327767 0.516426 0.015895 0.038639
2 0.246888 0.517169 0.020570 0.040125
2 0.162737 0.520142 0.011220 0.034181
2 0.141231 0.532031 0.016830 0.049042
2 0.113648 0.548378 0.015895 0.040125
2 0.079988 0.564725 0.015895 0.046070
2 0.046327 0.589246 0.017765 0.062417
2 0.000957 0.658351 0.001914 0.031208