3 0.114116 0.707393 0.072931 0.215487
3 0.969868 0.686587 0.060265 0.200626
0 0.022930 0.897616 0.045860 0.150098
0 0.164139 0.667267 0.047686 0.102542
0 0.084663 0.599649 0.034596 0.065389
0 0.698034 0.572899 0.025245 0.044584
0 0.907945 0.533517 0.020570 0.040125
1 0.913555 0.653149 0.037401 0.095112
1 0.981344 0.573642 0.028985 0.072820
1 0.397426 0.577357 0.024310 0.053500
1 0.173957 0.552836 0.018700 0.037153
2 0.426879 0.552836 0.021505 0.043097
2 0.442774 0.526829 0.015895 0.020806
2 0.677931 0.529058 0.020570 0.046070
2 0.604999 0.500822 0.009350 0.025264
2 0.669048 0.489676 0.012155 0.023778
2 0.550768 0.498593 0.011220 0.020806
2 0.465214 0.518655 0.012155 0.034181
2 0.475032 0.502308 0.009350 0.025264
2 0.484850 0.494878 0.006545 0.025264