2 0.008437 0.954088 0.016874 0.078764
2 0.227253 0.801018 0.074801 0.164959
2 0.952826 0.735629 0.057971 0.141181
3 0.618557 0.537975 0.021505 0.066875
3 0.317014 0.549864 0.020570 0.066875
3 0.568066 0.515683 0.012155 0.049042
1 0.314209 0.679899 0.065451 0.104028
1 0.683073 0.571413 0.023375 0.041611
1 0.929450 0.586274 0.026180 0.056473
1 0.928515 0.504537 0.007480 0.023778
1 0.821923 0.508996 0.011220 0.032695
1 0.718604 0.502308 0.019635 0.025264
1 0.633517 0.517912 0.012155 0.026750
1 0.574144 0.545406 0.024310 0.037153
1 0.352545 0.514197 0.007480 0.025264
1 0.216500 0.510482 0.006545 0.020806
1 0.056612 0.509739 0.012155 0.019320
0 0.043522 0.616739 0.032726 0.069848
0 0.014069 0.523114 0.014960 0.022292
0 0.130011 0.520885 0.009350 0.023778
0 0.263251 0.581072 0.023375 0.052014
0 0.226318 0.526829 0.009350 0.026750
0 0.808833 0.646462 0.043011 0.102542
0 0.906075 0.491162 0.009350 0.026750
0 0.765822 0.488190 0.009350 0.023778
0 0.626037 0.497107 0.008415 0.020806
0 0.502615 0.516426 0.012155 0.026750
0 0.328702 0.548378 0.017765 0.031208
0 0.301587 0.526829 0.010285 0.029722
2 0.454462 0.475558 0.007480 0.013375
2 0.490460 0.471100 0.004675 0.007431
2 0.494668 0.486704 0.020570 0.011889
2 0.416594 0.476301 0.012155 0.017833
2 0.378725 0.475558 0.007480 0.007431
2 0.368908 0.483732 0.010285 0.011889
2 0.358623 0.494134 0.012155 0.020806