2 0.138426 0.900959 0.095372 0.195425
2 0.278679 0.748261 0.067321 0.121862
2 0.902802 0.701448 0.047686 0.120376
3 0.326832 0.548378 0.019635 0.060931
3 0.610610 0.544663 0.024310 0.059445
1 0.341792 0.651663 0.057036 0.095112
1 0.672321 0.561010 0.037401 0.044584
1 0.575079 0.546149 0.018700 0.032695
1 0.903270 0.582559 0.031791 0.054986
1 0.916827 0.506023 0.006545 0.023778
1 0.812106 0.500822 0.010285 0.022292
1 0.713461 0.508996 0.009350 0.020806
1 0.066898 0.507510 0.008415 0.029722
1 0.221643 0.509739 0.013090 0.019320
1 0.361428 0.511968 0.012155 0.020806
1 0.628375 0.517169 0.014960 0.022292
0 0.078585 0.602621 0.028050 0.050528
0 0.025289 0.520885 0.011220 0.026750
0 0.142634 0.518655 0.014025 0.025264
0 0.234733 0.528315 0.013090 0.029722
0 0.784055 0.636802 0.043946 0.077278
0 0.282419 0.573642 0.022440 0.043097
0 0.896257 0.491162 0.008415 0.023778
0 0.761147 0.493391 0.007480 0.019320
0 0.623700 0.498593 0.011220 0.026750
0 0.505420 0.511968 0.010285 0.026750
0 0.343662 0.547635 0.017765 0.032695
0 0.311404 0.531287 0.011220 0.032695
3 0.568066 0.522371 0.015895 0.053500
2 0.496070 0.481502 0.010285 0.031208
2 0.451657 0.485218 0.007480 0.017833
2 0.416594 0.485218 0.008415 0.017833
2 0.379661 0.480759 0.005610 0.008917
2 0.372648 0.490419 0.008415 0.019320
2 0.366570 0.504537 0.013090 0.017833
2 0.133751 0.890185 0.110332 0.209543
2 0.281951 0.743059 0.058906 0.141181
2 0.904205 0.694761 0.050491 0.145640
3 0.609675 0.540204 0.024310 0.059445
3 0.568534 0.523857 0.018700 0.050528
3 0.324962 0.549121 0.021505 0.059445
0 0.079520 0.610052 0.026180 0.056473
0 0.026224 0.522371 0.009350 0.020806
0 0.141231 0.520142 0.011220 0.025264
0 0.234733 0.524600 0.011220 0.022292
0 0.786393 0.634573 0.039271 0.075792
0 0.502615 0.506766 0.015895 0.025264
0 0.281484 0.572899 0.022440 0.050528
0 0.309067 0.530544 0.019635 0.028236
0 0.759277 0.491162 0.007480 0.017833
0 0.897192 0.492648 0.010285 0.020806
0 0.341792 0.548378 0.023375 0.031208
1 0.067833 0.511225 0.008415 0.019320
1 0.223513 0.505280 0.009350 0.025264
1 0.341325 0.656121 0.056101 0.092139
1 0.674191 0.572156 0.035531 0.054986
1 0.903737 0.575871 0.027115 0.044584
1 0.918697 0.499336 0.006545 0.019320
1 0.807898 0.501565 0.016830 0.020806
1 0.713461 0.503794 0.011220 0.016347
1 0.627907 0.514940 0.015895 0.026750
0 0.624167 0.494134 0.008415 0.017833
1 0.361428 0.516426 0.010285 0.029722
2 0.493733 0.480759 0.014960 0.020806
2 0.454929 0.478530 0.014025 0.019320
2 0.415191 0.482246 0.009350 0.014861
2 0.367505 0.500079 0.007480 0.023778
2 0.377790 0.479273 0.005610 0.020806
2 0.135154 0.892414 0.098177 0.184279
2 0.280081 0.744546 0.070126 0.141181
2 0.899530 0.696990 0.067321 0.132265
3 0.325430 0.548378 0.018700 0.057959
3 0.612012 0.547635 0.019635 0.065389
1 0.342727 0.658351 0.051426 0.099570
1 0.672788 0.564725 0.030856 0.040125
1 0.573676 0.547635 0.019635 0.029722
1 0.901867 0.587017 0.025245 0.043097
1 0.918697 0.500822 0.006545 0.016347
1 0.812106 0.504537 0.006545 0.017833
1 0.714396 0.506767 0.009350 0.022292
1 0.625080 0.511225 0.012111 0.016347
1 0.357688 0.517169 0.014025 0.016347
1 0.221643 0.506766 0.011220 0.016347
1 0.065963 0.509739 0.010285 0.022292
0 0.025757 0.517169 0.015895 0.031208
0 0.083728 0.607080 0.021505 0.065389
0 0.141699 0.520142 0.015895 0.028236
0 0.234733 0.524600 0.009350 0.022292
0 0.282886 0.572899 0.021505 0.056473
0 0.789198 0.634573 0.043011 0.087681
0 0.897660 0.492648 0.013090 0.020806
0 0.760424 0.487075 0.007904 0.011146
0 0.503550 0.507510 0.010285 0.026750
0 0.343662 0.548378 0.017765 0.031208
0 0.309534 0.536489 0.009350 0.031208
3 0.569001 0.516426 0.017765 0.050528
2 0.415659 0.477787 0.008415 0.020806
2 0.451189 0.480016 0.012155 0.019320
2 0.491862 0.472586 0.005610 0.016347
2 0.496538 0.488933 0.011220 0.019320
2 0.380128 0.475558 0.006545 0.010403
2 0.370310 0.487447 0.009350 0.013375
2 0.361895 0.495621 0.013090 0.011889