0 0.015450 0.905046 0.030899 0.099570
1 0.924775 0.752719 0.050491 0.148612
1 0.711124 0.627885 0.028986 0.104028
1 0.747122 0.572156 0.033661 0.066875
1 0.857454 0.545406 0.024310 0.040125
1 0.979473 0.539461 0.023375 0.040125
1 0.190320 0.580329 0.021505 0.059445
3 0.033683 0.702934 0.067365 0.209543
3 0.786393 0.649434 0.061711 0.173876
0 0.470357 0.569927 0.022440 0.056473
0 0.661568 0.530544 0.019635 0.037153
0 0.859791 0.509739 0.014025 0.028236
2 0.205280 0.561010 0.017765 0.032695
2 0.297379 0.504537 0.011220 0.029722
2 0.239876 0.496364 0.004675 0.025264
2 0.230993 0.508253 0.011220 0.025264
2 0.217435 0.514940 0.012155 0.014861
2 0.213228 0.534260 0.024310 0.023778
2 0.353948 0.507510 0.014025 0.035667
2 0.410516 0.485218 0.005610 0.026750
2 0.419399 0.507510 0.008415 0.020806
2 0.428281 0.517169 0.009350 0.025264
2 0.435761 0.532031 0.014960 0.031208
2 0.452124 0.548378 0.017765 0.040125