0 0.236215 0.673823 0.055382 0.120259
0 0.666793 0.563482 0.030421 0.065709
0 0.937463 0.471118 0.008580 0.019837
0 0.958134 0.467399 0.009360 0.017357
0 0.968275 0.481656 0.010920 0.028515
1 0.978677 0.753789 0.042646 0.156213
1 0.796278 0.471118 0.008580 0.024796
1 0.846590 0.462440 0.007800 0.022316
1 0.811098 0.481656 0.011700 0.030995
0 0.943314 0.525049 0.018721 0.043392
1 0.935903 0.500873 0.014821 0.034714
2 0.615701 0.512651 0.018721 0.045872
2 0.696044 0.495294 0.015601 0.035954
2 0.761956 0.517610 0.019501 0.048352
2 0.799008 0.497774 0.017161 0.035954