1 0.021082 0.568440 0.025245 0.056473
1 0.266524 0.613024 0.026180 0.077278
0 0.663438 0.601135 0.025245 0.071334
0 0.910750 0.552836 0.026180 0.052014
2 0.317014 0.570670 0.026180 0.052014
2 0.341792 0.544663 0.012155 0.041611
2 0.360960 0.532774 0.013090 0.038639
2 0.377323 0.517169 0.010285 0.043097
2 0.393218 0.506023 0.014025 0.044584
2 0.407711 0.494878 0.009350 0.040125
2 0.475500 0.500079 0.015895 0.035667
2 0.544691 0.494878 0.010285 0.031208
2 0.616687 0.497850 0.010285 0.025264
2 0.627440 0.520142 0.016830 0.049042
2 0.631647 0.542433 0.014025 0.054986
2 0.645673 0.571413 0.023375 0.056472