28
431 677 481 775 blue-cone 4.84347368456 3.5170256836
446 549 477 595 yellow-cone 7.92089465135 7.59718611841
301 516 324 553 yellow-cone 10.7402225032 9.50197880407
30 569 67 615 red-cone 6.6070821319 7.5635949742
278 488 295 512 yellow-cone 14.5974085329 14.7159434077
331 476 357 494 yellow-cone 9.47950252326 19.4877211233
423 465 435 483 yellow-cone 20.7594591587 19.6969708596
494 475 506 491 blue-cone 20.7594591587 22.1590922171
475 487 494 515 blue-cone 13.040884525 12.5943942926
568 500 588 529 blue-cone 12.3794031317 12.1508419058
790 519 813 555 blue-cone 10.7402225032 9.76592265974
560 467 570 481 blue-cone 24.9500458266 25.3640136752
561 455 571 469 yellow-cone 24.9500458266 25.3640136752
641 463 651 477 blue-cone 24.9500458266 25.3640136752
696 455 708 470 yellow-cone 20.7594591587 23.6363650315
740 457 754 470 blue-cone 17.766343553 27.2306122457
847 458 860 473 blue-cone 19.1477599734 23.6180879059
854 455 867 469 yellow-cone 19.1477599734 25.3050941849
950 464 962 474 blue-cone 20.7594591587 35.4545475473
961 459 967 473 yellow-cone 41.7135258005 25.4433786503
1060 468 1074 481 blue-cone 17.766343553 27.2306122457
1086 465 1100 482 yellow-cone 17.766343553 20.8234093644
1158 476 1171 492 blue-cone 19.1477599734 22.1419574118
1053 520 1074 548 blue-cone 11.7809460897 12.5752346827
1188 495 1209 547 big-red-cone 14.7261826121 10.5215277167
1247 510 1260 541 blue-cone 19.1477599734 11.4281070512
1260 486 1270 502 blue-cone 24.9500458266 22.1935119658
1250 477 1267 488 yellow-cone 14.5974085329 32.1075128896
