29
70 505 89 528 blue-cone 13.040884525 15.3323060953
211 501 225 528 blue-cone 17.766343553 13.1110355257
351 512 367 535 blue-cone 15.5216465084 15.3675488347
445 528 465 560 blue-cone 12.3794031317 11.0117004771
451 567 480 611 blue-cone 8.47978838133 7.95435560287
338 621 379 691 blue-cone 5.94509010946 4.95585880946
914 516 933 550 blue-cone 13.040884525 10.3718541233
1148 502 1169 528 blue-cone 11.7809460897 13.5425604275
660 509 681 542 yellow-cone 11.7809460897 10.6698960944
991 650 1043 735 yellow-cone 4.65056239834 4.04915648023
1039 563 1073 619 yellow-cone 7.20595642938 6.22668919668
1177 533 1219 583 yellow-cone 5.79932502373 6.93316286599
480 494 498 515 yellow-cone 13.7758944202 16.8053546782
332 492 358 508 yellow-cone 9.47950252326 21.9236862637
121 491 135 514 yellow-cone 17.766343553 15.3912156171
694 493 706 520 red-cone 20.7594591587 13.1313139064
723 486 735 506 red-cone 20.7594591587 17.7272737736
736 479 747 496 red-cone 22.6642456548 20.8717901341
754 472 766 494 red-cone 20.7594591587 16.1157034306
797 475 811 491 red-cone 17.766343553 22.1248724496
838 473 853 489 red-cone 16.5691532311 22.1078371792
883 474 892 490 red-cone 27.7438644245 22.2107972156
896 480 908 495 red-cone 20.7594591587 23.6363650315
908 488 919 505 red-cone 22.6642456548 20.8717901341
911 501 924 521 red-cone 19.1477599734 17.7135659294
192 625 265 770 big-red-cone 4.0810122249 3.63492474916
395 563 439 655 big-red-cone 6.90963365469 5.84645406583
978 569 1025 673 big-red-cone 6.45463070347 5.16069970797
1065 684 1149 859 big-red-cone 3.52057171604 2.98969650524
