16
273 657 326 731 blue-cone 4.5595806573 4.64776027006
320 553 348 593 blue-cone 8.78920456262 8.75633320053
214 523 234 551 blue-cone 12.3794031317 12.5848005453
84 514 102 538 blue-cone 13.7758944202 14.7046853435
9 500 21 518 yellow-cone 20.7594591587 19.6969708596
199 496 212 514 yellow-cone 19.1477599734 19.6817399216
432 501 449 525 yellow-cone 14.5974085329 14.7159434077
603 520 621 550 yellow-cone 13.7758944202 11.7637482748
838 603 881 660 yellow-cone 5.66035166386 6.07731406199
937 540 968 579 red-cone 7.92089465135 8.96078362684
999 512 1020 540 red-cone 11.7809460897 12.5752346827
1025 496 1043 519 red-cone 13.7758944202 15.3440194888
1054 481 1067 503 red-cone 19.1477599734 16.103241754
1121 484 1134 506 red-cone 19.1477599734 16.103241754
1184 487 1197 506 red-cone 19.1477599734 18.6458588731
1247 489 1264 510 red-cone 14.5974085329 16.8182210374
