13
928 448 936 469 big-red-cone 39.0452607186 26.315503883
937 416 944 438 big-red-cone 44.6580582756 25.1389923684
974 433 982 451 big-red-cone 39.0452607186 30.7014211968
1021 439 1028 455 big-red-cone 44.6580582756 34.5661145065
1086 434 1092 451 big-red-cone 52.1419072506 32.5583143995
925 424 934 437 red-cone 27.7438644245 27.3363658038
1077 443 1083 454 red-cone 41.7135258005 32.3824819185
1080 448 1086 458 red-cone 41.7135258005 35.6207301104
1140 439 1146 451 red-cone 41.7135258005 29.6839417586
1039 428 1048 446 yellow-cone 27.7438644245 19.7429308583
1035 428 1042 448 blue-cone 35.7264466204 17.7964153895
722 583 758 639 blue-cone 6.79560208759 6.21751843387
1138 517 1157 547 blue-cone 13.040884525 11.7547680064
