20
784 519 806 548 red-cone 11.2369190944 12.1323967375
828 498 848 523 red-cone 12.3794031317 14.0949766107
853 486 868 509 red-cone 16.5691532311 15.3793649942
877 475 890 494 red-cone 19.1477599734 18.6458588731
932 476 944 494 red-cone 20.7594591587 19.6969708596
985 478 997 496 red-cone 20.7594591587 19.6969708596
1040 479 1052 496 red-cone 20.7594591587 20.8556162043
1067 489 1080 509 red-cone 19.1477599734 17.7135659294
1090 503 1107 528 red-cone 14.5974085329 14.1273056714
1113 528 1135 560 red-cone 11.2369190944 10.9949845433
100 778 167 893 blue-cone 3.57177391606 2.96166266371
323 597 360 658 blue-cone 6.6070821319 5.70369457071
274 539 302 577 blue-cone 8.78920456262 9.21719284266
143 524 166 550 blue-cone 10.7402225032 13.5220467596
0 519 17 545 blue-cone 14.5974085329 13.583947761
1159 586 1197 639 blue-cone 6.42849800521 6.55981976739
716 558 747 602 yellow-cone 7.92089465135 7.94251276016
497 512 519 539 yellow-cone 11.2369190944 13.0310927921
332 500 351 524 yellow-cone 13.040884525 14.693460008
95 501 109 521 yellow-cone 17.766343553 17.6998979597
