30
271 594 349 723 big-red-cone 3.80655917484 4.07202230963
407 603 444 662 blue-cone 6.6070821319 5.89704014938
454 553 497 639 big-red-cone 7.07543957982 6.25887246063
507 558 533 598 blue-cone 9.47950252326 8.76947450549
496 523 517 553 blue-cone 11.7809460897 11.7368857038
402 505 419 532 blue-cone 14.5974085329 13.0808385846
264 498 281 522 blue-cone 14.5974085329 14.7159434077
134 498 156 521 blue-cone 11.2369190944 15.2973697994
1 489 13 518 yellow-cone 20.7594591587 12.2257060508
175 492 191 510 yellow-cone 15.5216465084 19.6363123998
385 490 401 511 yellow-cone 15.5216465084 16.8311249142
524 491 548 519 yellow-cone 10.2849399476 12.5467035673
698 512 718 539 yellow-cone 12.3794031317 13.0509042692
731 496 749 520 red-cone 13.7758944202 14.7046853435
756 489 772 510 red-cone 15.5216465084 16.8311249142
774 480 787 499 red-cone 19.1477599734 18.6458588731
793 477 807 492 red-cone 17.766343553 23.5998639463
835 474 847 495 red-cone 20.7594591587 16.8831178797
877 475 890 493 red-cone 19.1477599734 19.6817399216
917 477 929 495 red-cone 20.7594591587 19.6969708596
932 478 942 502 red-cone 24.9500458266 14.7956746439
941 488 954 513 red-cone 19.1477599734 14.1708527435
941 503 959 523 red-cone 13.7758944202 17.6456224121
942 519 960 546 blue-cone 13.7758944202 13.0708314164
997 629 1035 706 yellow-cone 6.42849800521 4.51520061912
993 558 1028 655 big-red-cone 8.7436369481 5.58163068523
1062 561 1088 613 yellow-cone 9.47950252326 6.74574961961
1198 541 1222 577 yellow-cone 10.2849399476 9.758547219
1178 506 1193 530 blue-cone 16.5691532311 14.7385581195
1043 647 1129 813 big-red-cone 3.43416371284 3.14763255883
