14
401 654 462 731 blue-cone 3.93940698826 4.4416530086
906 530 937 569 blue-cone 7.92089465135 8.96078362684
1243 503 1266 531 blue-cone 10.7402225032 12.5561862768
1197 750 1279 862 yellow-cone 2.88897808308 3.01033441457
1251 577 1280 630 yellow-cone 8.47978838133 6.6036159722
1191 432 1200 449 blue-cone 27.7438644245 20.9042797323
1194 434 1202 450 yellow-cone 31.2362085748 22.228132921
1250 450 1259 465 red-cone 27.7438644245 23.69151703
1207 446 1214 456 red-cone 35.7264466204 35.592830779
1094 427 1102 441 red-cone 31.2362085748 25.4035804811
1260 444 1267 457 big-red-cone 44.6580582756 42.5429101619
1149 443 1157 456 big-red-cone 39.0452607186 42.5096601187
1097 452 1108 471 big-red-cone 28.3303070685 29.0177033686
1101 420 1113 441 big-red-cone 25.9493239484 26.2337677822
