29
182 633 251 765 big-red-cone 4.32936664328 4.00379835735
389 564 432 655 big-red-cone 7.07543957982 5.91497836938
1072 692 1161 871 big-red-cone 3.31188110801 2.91329446898
980 576 1024 675 big-red-cone 6.90963365469 5.43306842481
327 630 371 695 blue-cone 5.52770692375 5.32548291145
444 567 473 611 blue-cone 8.47978838133 7.95435560287
438 530 461 559 blue-cone 10.7402225032 12.1232143362
344 511 361 535 blue-cone 14.5974085329 14.7159434077
205 505 219 525 blue-cone 17.766343553 17.6998979597
67 505 77 524 blue-cone 24.9500458266 18.6892732344
914 518 932 545 blue-cone 13.7758944202 13.0708314164
1153 505 1163 528 blue-cone 24.9500458266 15.4389648458
116 494 125 511 yellow-cone 27.7438644245 20.9042797323
334 491 345 509 yellow-cone 22.6642456548 19.7122462378
479 494 493 514 yellow-cone 17.766343553 17.6998979597
657 513 672 537 yellow-cone 16.5691532311 14.7385581195
988 657 1043 738 yellow-cone 4.38756959501 4.24010250229
1042 570 1075 616 yellow-cone 7.4298099653 7.58592388338
1180 540 1205 578 yellow-cone 9.86610167837 9.23797251248
690 496 704 517 red-cone 17.766343553 16.8570456759
720 485 731 504 red-cone 22.6642456548 18.6747595937
733 480 746 496 red-cone 19.1477599734 22.1419574118
752 476 762 487 red-cone 24.9500458266 32.2814719503
798 474 806 487 red-cone 31.2362085748 27.3577020566
840 474 848 488 red-cone 31.2362085748 25.4035804811
881 474 892 490 red-cone 22.6642456548 22.1762770175
892 480 908 496 red-cone 15.5216465084 22.0908514498
906 487 918 504 red-cone 20.7594591587 20.8556162043
913 498 924 517 red-cone 22.6642456548 18.6747595937
