24
188 656 263 802 big-red-cone 3.96681636432 3.60514863378
1145 691 1236 862 big-red-cone 3.23486957624 3.04561307454
674 511 688 535 red-cone 17.766343553 14.7499149664
706 497 721 517 red-cone 16.5691532311 17.6862697434
724 487 736 506 red-cone 20.7594591587 18.6602881828
744 481 754 495 red-cone 24.9500458266 25.3640136752
792 479 804 497 red-cone 20.7594591587 19.6969708596
839 479 849 495 red-cone 24.9500458266 22.1935119658
884 478 896 494 red-cone 20.7594591587 22.1590922171
903 486 917 505 red-cone 17.766343553 18.6314715365
919 497 936 517 red-cone 14.5974085329 17.6591320893
931 512 949 536 red-cone 13.7758944202 14.7046853435
34 795 113 909 blue-cone 3.00468767861 2.96344071041
313 636 359 702 blue-cone 5.27975222979 5.23723552518
351 562 380 601 blue-cone 8.47978838133 8.97414478273
258 530 280 558 blue-cone 11.2369190944 12.5656966209
113 521 129 543 blue-cone 15.5216465084 16.0660737817
950 543 975 578 blue-cone 9.86610167837 10.0297987278
1217 521 1236 548 blue-cone 13.040884525 13.0608533405
32 506 45 524 yellow-cone 19.1477599734 19.6817399216
270 503 283 521 yellow-cone 19.1477599734 19.6817399216
430 508 445 530 yellow-cone 16.5691532311 16.0784270394
629 532 653 565 yellow-cone 10.2849399476 10.6456878753
1181 643 1232 712 yellow-cone 4.7451218438 4.9916384417
