20
285 659 346 736 blue-cone 3.93940698826 4.4416530086
350 569 384 613 blue-cone 7.20595642938 7.92487715941
992 554 1021 594 blue-cone 8.47978838133 8.74979116316
264 532 291 563 blue-cone 9.1215602989 11.3069603816
121 519 141 544 blue-cone 12.3794031317 14.0949766107
649 538 676 575 yellow-cone 9.1215602989 9.47339923861
446 509 465 534 yellow-cone 13.040884525 14.1057216077
286 500 303 524 yellow-cone 14.5974085329 14.7159434077
48 504 63 523 yellow-cone 16.5691532311 18.6171260456
700 515 718 540 red-cone 13.7758944202 14.1164979297
734 500 750 521 red-cone 15.5216465084 16.8311249142
755 490 767 510 red-cone 20.7594591587 17.7272737736
774 482 784 497 red-cone 24.9500458266 23.6730794302
826 482 837 500 red-cone 22.6642456548 19.7122462378
871 483 883 501 red-cone 20.7594591587 19.6969708596
920 482 931 500 red-cone 22.6642456548 19.7122462378
939 492 952 511 red-cone 19.1477599734 18.6458588731
957 502 973 525 red-cone 15.5216465084 15.3675488347
970 519 992 547 red-cone 11.2369190944 12.5656966209
115 691 226 864 big-red-cone 2.61848313048 2.97234575452
