11
494 619 544 684 blue-cone 4.84347368456 5.30259256911
949 524 975 557 blue-cone 9.47950252326 10.6296660673
1180 697 1248 794 yellow-cone 3.51683392405 3.50884113088
1239 430 1249 450 yellow-cone 24.9500458266 17.7548095727
1264 575 1280 616 yellow-cone 15.5216465084 8.62082007798
1236 431 1246 451 blue-cone 24.9500458266 17.7548095727
1257 444 1268 457 red-cone 22.6642456548 27.2938794061
1141 424 1151 440 red-cone 24.9500458266 22.1935119658
1149 417 1158 440 big-red-cone 34.6798305306 24.0084604016
1144 448 1156 469 big-red-cone 25.9493239484 26.2337677822
1199 439 1208 456 big-red-cone 34.6798305306 32.482034661
