21
472 645 548 741 blue-cone 3.12958709025 3.52617666876
1008 532 1039 578 blue-cone 7.92089465135 7.59718611841
744 488 786 519 red-cone 5.79932502373 11.1825207516
839 478 865 504 red-cone 9.47950252326 13.4914992392
978 499 1010 539 red-cone 7.66767083957 8.73027883434
1024 473 1047 512 red-cone 10.7402225032 9.01469783976
1250 516 1273 551 blue-cone 10.7402225032 10.0449490214
1249 488 1271 517 yellow-cone 11.2369190944 12.1323967375
1258 464 1274 487 blue-cone 15.5216465084 15.3675488347
1214 444 1229 468 yellow-cone 16.5691532311 14.7385581195
1150 455 1163 473 yellow-cone 19.1477599734 19.6817399216
1110 455 1129 480 yellow-cone 13.040884525 14.1057216077
1151 475 1174 502 yellow-cone 10.7402225032 13.021230213
553 450 564 468 red-cone 22.6642456548 19.7122462378
472 456 488 476 red-cone 15.5216465084 17.6726811599
484 442 499 465 big-red-cone 20.7114415389 23.8971671449
389 443 404 470 yellow-cone 16.5691532311 13.1009405506
351 451 369 473 big-red-cone 17.2198680252 24.9259841067
261 423 277 459 big-red-cone 19.4020581355 15.2559042491
259 465 278 503 big-red-cone 16.3011056563 14.4198166233
248 437 260 461 red-cone 20.7594591587 14.7727281447
