16
20 508 39 532 blue-cone 13.040884525 14.693460008
108 491 124 512 yellow-cone 15.5216465084 16.8311249142
186 511 198 533 blue-cone 20.7594591587 16.1157034306
289 490 307 510 yellow-cone 13.7758944202 17.6456224121
307 518 330 544 blue-cone 10.7402225032 13.5220467596
418 552 449 587 blue-cone 7.92089465135 9.9848731842
388 642 436 710 blue-cone 5.05250277062 5.07590577623
522 498 540 523 yellow-cone 13.7758944202 14.1164979297
689 519 710 551 yellow-cone 11.7809460897 11.0033303473
934 599 968 667 yellow-cone 7.20595642938 5.12786169138
1025 540 1053 584 red-cone 8.78920456262 7.96030290957
1085 515 1105 547 red-cone 12.3794031317 11.0117004771
1112 501 1127 528 red-cone 16.5691532311 13.1009405506
1138 484 1158 510 red-cone 12.3794031317 13.5528621257
1207 488 1223 513 red-cone 15.5216465084 14.1381449279
1273 490 1281 516 red-cone 31.2362085748 13.6788510283
