13
849 699 926 794 blue-cone 3.08686653033 3.560898859
1168 557 1206 603 blue-cone 6.42849800521 7.55805321026
67 682 139 767 yellow-cone 3.31240118882 3.99329293006
253 572 292 620 red-cone 6.25908537389 7.23783888966
342 528 368 561 red-cone 9.47950252326 10.6296660673
378 508 398 534 red-cone 12.3794031317 13.5528621257
414 490 429 511 red-cone 16.5691532311 16.8440664222
481 488 497 510 red-cone 15.5216465084 16.0660737817
543 485 558 508 red-cone 16.5691532311 15.3793649942
605 483 620 505 red-cone 16.5691532311 16.0784270394
636 499 656 525 red-cone 12.3794031317 13.5528621257
669 518 692 551 red-cone 10.7402225032 10.6537338106
718 560 753 607 red-cone 6.99490955848 7.41356255959
