14
449 666 510 751 blue-cone 3.93940698826 4.02361507838
1021 529 1051 568 blue-cone 8.19101774661 8.96745448935
891 422 901 441 blue-cone 24.9500458266 18.6892732344
897 428 908 446 yellow-cone 22.6642456548 19.7122462378
1177 476 1187 495 red-cone 24.9500458266 18.6892732344
1260 466 1272 483 red-cone 20.7594591587 20.8556162043
776 419 785 434 red-cone 27.7438644245 23.69151703
935 441 942 454 red-cone 35.7264466204 27.3791005992
999 436 1004 446 red-cone 50.0955511473 35.6487109178
941 432 946 446 big-red-cone 62.6194389342 39.566151678
876 435 881 452 big-red-cone 62.6194389342 32.5838896172
829 429 836 446 big-red-cone 44.6580582756 32.5328136532
785 411 796 435 big-red-cone 28.3303070685 22.9723485002
780 447 788 468 big-red-cone 39.0452607186 26.315503883
