27
1 804 35 918 big-red-cone 9.00744553673 4.75278732745
277 609 330 728 big-red-cone 5.69947582162 4.49093216011
1024 622 1086 753 big-red-cone 4.8414675019 4.05387250279
180 704 230 793 blue-cone 4.84347368456 3.87267996621
360 605 393 660 blue-cone 7.4298099653 6.34459088428
371 549 394 586 blue-cone 10.7402225032 9.50197880407
274 526 294 551 blue-cone 12.3794031317 14.0949766107
127 518 143 541 blue-cone 15.5216465084 15.3675488347
905 532 924 564 blue-cone 13.040884525 11.020095006
1150 514 1169 539 blue-cone 13.040884525 14.1057216077
39 506 53 522 yellow-cone 17.766343553 22.1248724496
270 503 283 521 yellow-cone 19.1477599734 19.6817399216
422 506 440 527 yellow-cone 13.7758944202 16.8053546782
615 526 635 554 yellow-cone 12.3794031317 12.5848005453
1077 604 1120 661 yellow-cone 5.66035166386 6.07731406199
1074 751 1139 867 yellow-cone 3.68674740049 2.94017659986
1211 558 1243 602 yellow-cone 7.66767083957 7.93661712212
655 507 669 527 red-cone 17.766343553 17.6998979597
686 496 696 512 red-cone 24.9500458266 22.1935119658
702 487 712 501 red-cone 24.9500458266 25.3640136752
719 480 728 494 red-cone 27.7438644245 25.3837682464
765 481 777 495 red-cone 20.7594591587 25.3246768195
811 481 820 496 red-cone 27.7438644245 23.69151703
855 479 864 493 red-cone 27.7438644245 25.3837682464
871 485 882 501 red-cone 22.6642456548 22.1762770175
882 495 898 514 red-cone 15.5216465084 18.6028222735
894 507 909 529 red-cone 16.5691532311 16.0784270394
