13
372 702 437 790 blue-cone 3.68674740049 3.87568733618
1010 540 1037 585 blue-cone 9.1215602989 7.78923937397
1162 482 1180 503 red-cone 13.7758944202 16.8053546782
1246 473 1264 493 red-cone 13.7758944202 17.6456224121
980 443 992 459 red-cone 20.7594591587 22.1590922171
917 446 926 460 red-cone 27.7438644245 25.3837682464
924 440 932 452 big-red-cone 39.0452607186 46.0521317952
872 431 891 452 yellow-cone 13.040884525 16.7925257235
857 440 868 459 big-red-cone 28.3303070685 29.0177033686
805 438 818 459 big-red-cone 23.9346999668 26.2134821813
758 451 771 478 big-red-cone 23.9346999668 20.3882639188
762 416 780 446 big-red-cone 17.2198680252 18.2790550116
754 420 762 445 red-cone 31.2362085748 14.2260050694
