13
111 548 150 597 yellow-cone 6.25908537389 7.09012789192
334 641 406 721 yellow-cone 3.31240118882 4.24287373819
484 546 522 608 red-cone 6.42849800521 5.60758786568
554 513 582 553 red-cone 8.78920456262 8.75633320053
588 498 609 530 red-cone 11.7809460897 11.0033303473
612 486 636 506 red-cone 10.2849399476 17.5653849942
684 484 700 510 red-cone 15.5216465084 13.594370123
741 482 766 509 red-cone 9.86610167837 13.0015909435
800 486 821 508 red-cone 11.7809460897 16.0048441416
828 496 855 528 red-cone 9.1215602989 10.9536178696
873 515 900 554 red-cone 9.1215602989 8.98758389304
914 555 959 611 red-cone 5.40096886249 6.17690364858
1046 686 1136 782 blue-cone 2.61835550256 3.49361106874
