27
475 543 514 609 blue-cone 6.25908537389 5.26388282885
215 528 242 579 blue-cone 9.1215602989 6.87285827115
116 513 149 546 blue-cone 7.4298099653 10.5743181405
163 488 184 517 blue-cone 11.7809460897 12.1416059005
97 484 121 504 yellow-cone 10.2849399476 17.5653849942
256 478 275 503 blue-cone 13.040884525 14.1057216077
269 463 284 490 yellow-cone 16.5691532311 13.1009405506
352 470 370 490 blue-cone 13.7758944202 17.6456224121
421 461 441 477 yellow-cone 12.3794031317 22.0234009543
470 465 486 483 blue-cone 15.5216465084 19.6363123998
589 460 600 482 blue-cone 22.6642456548 16.1282014673
597 453 611 474 yellow-cone 17.766343553 16.8570456759
696 459 712 484 blue-cone 15.5216465084 14.1381449279
709 455 718 476 yellow-cone 27.7438644245 16.9225121643
809 460 829 485 blue-cone 12.3794031317 14.0949766107
841 459 852 477 yellow-cone 22.6642456548 19.7122462378
916 470 931 489 blue-cone 16.5691532311 18.6171260456
810 525 856 585 blue-cone 5.27975222979 5.76095907769
976 503 1011 567 big-red-cone 8.7436369481 8.4596590073
1036 516 1059 556 blue-cone 10.7402225032 8.78933039377
1064 492 1096 554 big-red-cone 9.58458854946 8.75194205725
1099 506 1117 538 blue-cone 13.7758944202 11.0285140076
1096 492 1117 520 blue-cone 11.7809460897 12.5752346827
1026 479 1045 503 blue-cone 13.040884525 14.693460008
1010 468 1027 491 yellow-cone 14.5974085329 15.3557670341
1125 473 1144 499 yellow-cone 13.040884525 13.5631938536
1259 492 1279 520 yellow-cone 12.3794031317 12.5848005453
