14
423 640 480 715 blue-cone 4.22766423487 4.57286885973
916 528 945 565 blue-cone 8.47978838133 9.4592336899
1250 503 1272 529 blue-cone 11.2369190944 13.5322886687
1198 432 1209 452 blue-cone 22.6642456548 17.741021614
1184 730 1263 840 yellow-cone 3.00468767861 3.07120219079
1251 576 1280 625 yellow-cone 8.47978838133 7.1426866638
1200 430 1212 450 yellow-cone 20.7594591587 17.7272737736
1103 427 1112 441 red-cone 27.7438644245 25.3837682464
1218 447 1224 458 red-cone 41.7135258005 32.3824819185
1260 450 1268 464 red-cone 31.2362085748 25.4035804811
1268 444 1277 458 big-red-cone 34.6798305306 39.4424706598
1105 449 1118 470 big-red-cone 23.9346999668 26.2134821813
1110 420 1122 441 big-red-cone 25.9493239484 26.2337677822
1158 441 1167 457 big-red-cone 34.6798305306 34.5121618273
