25
46 472 55 492 big-red-cone 34.6798305306 27.6097294618
18 492 27 506 red-cone 27.7438644245 25.3837682464
26 486 32 499 red-cone 41.7135258005 27.4005616234
130 473 140 485 red-cone 24.9500458266 29.5913492878
298 537 322 571 red-cone 10.2849399476 10.3325794084
447 502 462 527 red-cone 16.5691532311 14.1490157947
613 541 639 578 red-cone 9.47950252326 9.48051297891
672 503 691 530 red-cone 13.040884525 13.0608533405
624 615 669 678 blue-cone 5.40096886249 5.49058102096
965 545 995 586 blue-cone 8.19101774661 8.530017685
1173 496 1192 521 blue-cone 13.040884525 14.1057216077
1007 483 1023 504 blue-cone 15.5216465084 16.8311249142
925 471 938 487 blue-cone 19.1477599734 22.1419574118
933 463 944 476 blue-cone 22.6642456548 27.2938794061
989 458 996 472 blue-cone 35.7264466204 25.4234505564
1059 456 1066 470 blue-cone 35.7264466204 25.4234505564
1154 456 1160 469 blue-cone 41.7135258005 27.4005616234
1257 460 1264 471 blue-cone 35.7264466204 32.35711889
938 504 958 532 yellow-cone 12.3794031317 12.5848005453
813 484 832 508 yellow-cone 13.040884525 14.693460008
770 468 780 484 yellow-cone 24.9500458266 22.1935119658
804 460 815 474 yellow-cone 22.6642456548 25.3443165914
869 455 879 466 yellow-cone 24.9500458266 32.2814719503
1114 453 1119 465 yellow-cone 50.0955511473 29.7072590982
1267 458 1274 468 yellow-cone 35.7264466204 35.592830779
