31
1099 498 1123 547 big-red-cone 12.8561749345 11.1403697608
1183 493 1208 536 big-red-cone 12.332627098 12.6852731674
162 798 237 919 blue-cone 3.17345309145 2.79951399514
666 533 696 569 blue-cone 8.19101774661 9.71474236347
956 528 986 559 blue-cone 8.19101774661 11.2816362931
1151 515 1179 542 blue-cone 8.78920456262 12.9723454823
1217 508 1234 531 blue-cone 14.5974085329 15.3557670341
1224 496 1236 516 blue-cone 20.7594591587 17.7272737736
1158 482 1169 499 blue-cone 22.6642456548 20.8717901341
1055 473 1067 489 blue-cone 20.7594591587 22.1590922171
955 470 966 482 blue-cone 22.6642456548 29.5683693566
845 465 854 477 blue-cone 27.7438644245 29.6143962875
739 462 749 475 blue-cone 24.9500458266 27.3150916503
629 462 638 476 blue-cone 27.7438644245 25.3837682464
523 466 532 481 blue-cone 27.7438644245 23.69151703
433 518 452 545 blue-cone 13.040884525 13.0608533405
437 474 447 490 blue-cone 24.9500458266 22.1935119658
362 486 372 504 blue-cone 24.9500458266 19.7275661918
336 502 349 523 blue-cone 19.1477599734 16.8700627899
273 584 303 635 yellow-cone 8.19101774661 6.85746519774
125 544 152 579 yellow-cone 9.1215602989 10.014736338
125 504 140 528 yellow-cone 16.5691532311 14.7385581195
196 489 208 507 yellow-cone 20.7594591587 19.6969708596
293 477 302 491 yellow-cone 27.7438644245 25.3837682464
442 464 450 478 yellow-cone 31.2362085748 25.4035804811
585 461 595 473 yellow-cone 24.9500458266 29.5913492878
748 458 756 470 yellow-cone 31.2362085748 29.6375105613
852 461 859 473 yellow-cone 35.7264466204 29.6606923158
981 464 989 477 yellow-cone 31.2362085748 27.3577020566
1147 472 1159 487 yellow-cone 20.7594591587 23.6363650315
1263 481 1274 499 yellow-cone 22.6642456548 19.7122462378
