32
163 676 256 762 blue-cone 2.52895557983 3.89224675467
454 558 542 679 big-red-cone 3.3517091667 4.3125714138
577 572 621 633 blue-cone 5.52770692375 5.67469490564
624 531 666 612 big-red-cone 7.24915627967 6.65004225513
665 535 698 585 blue-cone 7.4298099653 6.97904997271
654 515 678 547 blue-cone 10.2849399476 10.9783656214
564 499 584 527 blue-cone 12.3794031317 12.5848005453
441 489 455 514 blue-cone 17.766343553 14.1599183678
314 489 335 513 blue-cone 11.7809460897 14.6711071298
172 492 190 518 blue-cone 13.7758944202 13.5735557016
24 500 47 523 blue-cone 10.7402225032 15.2857919892
51 491 73 512 yellow-cone 11.2369190944 16.7542621613
195 486 210 507 yellow-cone 16.5691532311 16.8440664222
352 481 369 502 yellow-cone 14.5974085329 16.8182210374
550 481 565 503 yellow-cone 16.5691532311 16.0784270394
682 482 702 512 yellow-cone 12.3794031317 11.7458138423
844 506 867 534 yellow-cone 10.7402225032 12.5561862768
878 494 894 516 red-cone 15.5216465084 16.0660737817
907 483 921 509 red-cone 17.766343553 13.6153061228
922 478 937 503 red-cone 16.5691532311 14.1490157947
942 474 958 496 red-cone 15.5216465084 16.0660737817
984 478 1001 495 red-cone 14.5974085329 20.7754495168
1026 479 1039 497 red-cone 19.1477599734 19.6817399216
1063 478 1078 496 red-cone 16.5691532311 19.6514108259
1078 486 1093 500 red-cone 16.5691532311 25.2660996334
1090 490 1103 509 red-cone 19.1477599734 18.6458588731
1086 505 1103 518 red-cone 14.5974085329 27.1678955219
1083 517 1099 547 blue-cone 15.5216465084 11.7817874399
1128 614 1196 768 big-red-cone 4.39604240506 3.43417747845
1102 546 1149 643 big-red-cone 6.45463070347 5.53312133638
1176 557 1209 606 yellow-cone 7.4298099653 7.12147956399
1096 602 1143 684 yellow-cone 5.16370456277 4.21230741679
