28
28 625 79 690 red-cone 4.7451218438 5.29881619196
192 543 224 579 red-cone 7.66767083957 9.70030981593
401 506 424 532 yellow-cone 10.7402225032 13.5220467596
545 526 570 565 yellow-cone 9.86610167837 9.00110142242
570 607 616 670 blue-cone 5.27975222979 5.48662769304
1193 600 1239 661 yellow-cone 5.27975222979 5.6665171256
1236 501 1256 526 blue-cone 12.3794031317 14.0949766107
1268 491 1280 524 big-red-cone 25.9493239484 16.6942158614
1181 485 1209 528 big-red-cone 10.9865057033 12.6567392237
1181 467 1191 485 blue-cone 24.9500458266 19.7275661918
1088 464 1098 477 blue-cone 24.9500458266 27.3150916503
1058 505 1084 533 blue-cone 9.47950252326 12.5278207221
828 502 851 534 blue-cone 10.7402225032 10.9866629922
634 491 654 516 blue-cone 12.3794031317 14.0949766107
543 480 557 499 blue-cone 17.766343553 18.6314715365
554 469 567 485 blue-cone 19.1477599734 22.1419574118
616 460 626 476 blue-cone 24.9500458266 22.1935119658
689 458 701 472 blue-cone 20.7594591587 25.3246768195
784 454 794 467 blue-cone 24.9500458266 27.3150916503
888 455 894 467 blue-cone 41.7135258005 29.6839417586
983 458 993 472 blue-cone 24.9500458266 25.3640136752
1115 461 1125 473 yellow-cone 24.9500458266 29.5913492878
993 455 1002 468 yellow-cone 27.7438644245 27.3363658038
895 453 903 466 yellow-cone 31.2362085748 27.3577020566
742 447 754 463 yellow-cone 20.7594591587 22.1590922171
487 460 497 475 yellow-cone 24.9500458266 23.6730794302
412 468 422 486 yellow-cone 24.9500458266 19.7275661918
365 478 379 500 yellow-cone 17.766343553 16.090816327
