17
1049 541 1070 577 red-cone 11.7809460897 9.78073808651
1105 513 1121 544 red-cone 15.5216465084 11.4017297806
1129 502 1144 524 red-cone 16.5691532311 16.0784270394
1156 489 1169 508 red-cone 19.1477599734 18.6458588731
1223 493 1234 511 red-cone 22.6642456548 19.7122462378
958 590 990 646 yellow-cone 7.66767083957 6.2359134531
722 514 743 544 yellow-cone 11.7809460897 11.7368857038
556 495 574 518 yellow-cone 13.7758944202 15.3440194888
330 483 344 505 yellow-cone 17.766343553 16.090816327
149 487 161 504 yellow-cone 20.7594591587 20.8556162043
0 493 6 509 yellow-cone 41.7135258005 22.262956319
67 502 83 524 blue-cone 15.5216465084 16.0660737817
10 878 115 1012 blue-cone 2.22282082089 2.47892634798
462 622 507 686 blue-cone 5.40096886249 5.4047906925
465 538 493 576 blue-cone 8.78920456262 9.21719284266
356 509 376 538 blue-cone 12.3794031317 12.1508419058
227 500 244 526 blue-cone 14.5974085329 13.583947761
