9
521 611 571 675 blue-cone 4.84347368456 5.38544557801
966 523 991 557 blue-cone 9.86610167837 10.3247928081
1179 686 1243 778 yellow-cone 3.74694010666 3.70974078288
1253 433 1263 449 blue-cone 24.9500458266 22.1935119658
1256 434 1266 451 yellow-cone 24.9500458266 20.888011262
1158 425 1168 439 red-cone 24.9500458266 25.3640136752
1161 446 1174 469 big-red-cone 23.9346999668 23.9340489481
1166 418 1179 440 big-red-cone 23.9346999668 25.021960264
1217 441 1226 456 big-red-cone 34.6798305306 36.8129726158
