13
1131 481 1145 499 red-cone 17.766343553 19.6665532886
1214 470 1225 487 red-cone 22.6642456548 20.8717901341
711 421 719 440 red-cone 31.2362085748 18.7184277229
880 446 886 459 red-cone 41.7135258005 27.4005616234
884 437 893 451 big-red-cone 34.6798305306 39.4424706598
818 438 826 454 big-red-cone 39.0452607186 34.5390988464
766 437 779 455 big-red-cone 23.9346999668 30.5823958782
722 416 732 438 big-red-cone 31.1875572833 25.0802205152
714 451 725 475 big-red-cone 28.3303070685 22.9723485002
832 427 842 447 blue-cone 24.9500458266 17.7548095727
975 547 999 587 blue-cone 10.2849399476 8.7826924971
236 755 305 861 blue-cone 3.46349331462 3.20872313712
838 431 849 449 yellow-cone 22.6642456548 19.7122462378
