29
765 573 809 623 blue-cone 5.52770692375 6.92312778488
1051 532 1079 567 blue-cone 8.78920456262 10.0072379435
1259 495 1278 518 blue-cone 13.040884525 15.3323060953
1104 482 1120 499 blue-cone 15.5216465084 20.7913895998
1029 471 1039 485 blue-cone 24.9500458266 25.3640136752
1038 463 1048 477 blue-cone 24.9500458266 25.3640136752
1094 460 1101 473 blue-cone 35.7264466204 27.3791005992
1163 457 1171 469 blue-cone 31.2362085748 29.6375105613
1259 457 1265 469 blue-cone 41.7135258005 29.6839417586
13 463 29 495 blue-cone 15.5216465084 11.0454257249
17 466 38 500 yellow-cone 11.7809460897 10.356075621
1033 497 1053 524 yellow-cone 12.3794031317 13.0509042692
923 482 939 502 yellow-cone 15.5216465084 17.6726811599
881 466 892 480 yellow-cone 22.6642456548 25.3443165914
914 460 923 472 yellow-cone 27.7438644245 29.6143962875
978 456 986 468 yellow-cone 31.2362085748 29.6375105613
1093 454 1100 466 yellow-cone 35.7264466204 29.6606923158
1220 455 1226 465 yellow-cone 41.7135258005 35.6207301104
279 466 286 479 red-cone 35.7264466204 27.3791005992
135 476 144 489 red-cone 27.7438644245 27.3363658038
185 482 195 496 red-cone 24.9500458266 25.3640136752
188 476 198 491 red-cone 24.9500458266 23.6730794302
49 474 60 496 big-red-cone 28.3303070685 25.0607438184
108 473 119 496 big-red-cone 28.3303070685 23.971146261
204 463 214 484 big-red-cone 31.1875572833 26.2745167302
746 524 771 558 red-cone 9.86610167837 10.3247928081
792 496 812 519 red-cone 12.3794031317 15.3206267508
587 495 604 517 red-cone 14.5974085329 16.0537564448
469 520 495 551 red-cone 9.47950252326 11.3154509748
