15
398 687 475 777 blue-cone 3.08686653033 3.75872657339
1011 533 1047 573 blue-cone 6.79560208759 8.70452580742
1169 475 1184 497 red-cone 16.5691532311 16.0784270394
1253 469 1266 486 red-cone 19.1477599734 20.8394893287
881 425 892 444 blue-cone 22.6642456548 18.6747595937
886 428 898 446 yellow-cone 20.7594591587 19.6969708596
990 439 997 450 red-cone 35.7264466204 32.35711889
763 420 773 438 red-cone 24.9500458266 19.7275661918
928 446 935 457 red-cone 35.7264466204 32.35711889
925 442 932 452 red-cone 35.7264466204 35.592830779
766 448 779 472 big-red-cone 23.9346999668 22.9367969086
773 411 786 437 big-red-cone 23.9346999668 21.1724279157
816 437 827 453 big-red-cone 28.3303070685 34.4585227502
865 437 875 454 big-red-cone 31.1875572833 32.4567559609
931 435 940 449 big-red-cone 34.6798305306 39.4424706598
