28
338 694 398 782 blue-cone 4.00785585552 3.8891557739
913 537 943 577 blue-cone 8.19101774661 8.74326812712
268 443 279 471 blue-cone 22.6642456548 12.6721582957
1165 512 1187 543 blue-cone 11.2369190944 11.3496614641
1237 473 1250 493 blue-cone 19.1477599734 17.7135659294
1168 463 1176 478 blue-cone 31.2362085748 23.710008449
1179 456 1187 469 blue-cone 31.2362085748 27.3577020566
1235 453 1244 465 blue-cone 27.7438644245 29.6143962875
656 495 673 521 red-cone 14.5974085329 13.583947761
752 477 766 497 red-cone 17.766343553 17.6998979597
895 501 917 531 red-cone 11.2369190944 11.7279835129
938 482 955 503 red-cone 14.5974085329 16.8182210374
377 463 386 477 red-cone 27.7438644245 25.3837682464
455 451 463 461 red-cone 31.2362085748 35.5650126736
327 457 333 467 red-cone 41.7135258005 35.6207301104
126 444 138 465 red-cone 20.7594591587 16.8831178797
141 476 158 512 big-red-cone 18.2467606661 15.2442080429
140 432 157 464 big-red-cone 18.2467606661 17.1497340482
250 456 260 475 big-red-cone 31.1875572833 29.0402553334
304 455 315 475 big-red-cone 28.3303070685 27.5668182002
385 449 399 467 big-red-cone 22.2079294413 30.5587981868
1228 797 1280 925 yellow-cone 4.65056239834 2.68889297516
1025 456 1033 471 yellow-cone 31.2362085748 23.710008449
1057 452 1066 463 yellow-cone 27.7438644245 32.3066141318
1063 469 1073 490 yellow-cone 24.9500458266 16.9093424502
1160 486 1177 510 yellow-cone 14.5974085329 14.7159434077
1122 449 1128 461 yellow-cone 41.7135258005 29.6839417586
272 448 288 473 yellow-cone 15.5216465084 14.1381449279
