27
398 579 442 627 blue-cone 5.52770692375 7.21159144258
775 556 812 600 blue-cone 6.6070821319 7.90739474576
1004 529 1033 565 blue-cone 8.47978838133 9.72199018129
1069 518 1087 544 blue-cone 13.7758944202 13.5735557016
1063 502 1078 523 blue-cone 16.5691532311 16.8440664222
990 489 1002 507 blue-cone 20.7594591587 19.6969708596
878 480 891 495 blue-cone 19.1477599734 23.6180879059
773 476 784 490 blue-cone 22.6642456548 25.3443165914
653 473 664 487 blue-cone 22.6642456548 25.3443165914
541 472 551 487 blue-cone 24.9500458266 23.6730794302
419 476 429 490 blue-cone 24.9500458266 25.3640136752
297 483 310 500 blue-cone 19.1477599734 20.8394893287
194 496 206 512 blue-cone 20.7594591587 22.1590922171
93 511 109 532 blue-cone 15.5216465084 16.8311249142
36 532 62 561 blue-cone 9.47950252326 12.0958269041
125 557 157 594 blue-cone 7.66767083957 9.43813928036
27 501 42 518 yellow-cone 16.5691532311 20.8073761686
209 481 222 496 yellow-cone 19.1477599734 23.6180879059
374 472 385 486 yellow-cone 22.6642456548 25.3443165914
552 469 561 480 yellow-cone 27.7438644245 32.3066141318
664 468 673 480 yellow-cone 27.7438644245 29.6143962875
800 469 809 482 yellow-cone 27.7438644245 27.3363658038
972 475 984 493 yellow-cone 20.7594591587 19.6969708596
1092 482 1107 502 yellow-cone 16.5691532311 17.6862697434
1232 500 1249 523 yellow-cone 14.5974085329 15.3557670341
938 514 980 577 big-red-cone 7.24915627967 8.55005432802
1034 503 1068 558 big-red-cone 9.00744553673 9.85123191508
