15
61 573 98 620 blue-cone 6.6070821319 7.40266742156
1 701 46 793 blue-cone 5.40096886249 3.75985439479
608 612 661 681 yellow-cone 4.5595806573 4.98455449253
374 527 406 562 yellow-cone 7.66767083957 9.97746152496
203 510 226 539 yellow-cone 10.7402225032 12.1232143362
725 543 758 583 red-cone 7.4298099653 8.72381246589
788 510 811 540 red-cone 10.7402225032 11.7191071917
817 494 834 517 red-cone 14.5974085329 15.3557670341
845 479 858 500 red-cone 19.1477599734 16.8700627899
909 480 923 501 red-cone 17.766343553 16.8570456759
969 480 984 502 red-cone 16.5691532311 16.0784270394
1029 480 1045 504 red-cone 15.5216465084 14.7272342999
1064 497 1083 523 red-cone 13.040884525 13.5631938536
1099 516 1125 548 red-cone 9.47950252326 10.9618431319
1150 557 1183 604 red-cone 7.4298099653 7.42452124756
