13
1264 483 1276 501 red-cone 20.7594591587 19.6969708596
886 451 898 476 big-red-cone 25.9493239484 22.0363649371
895 419 905 442 big-red-cone 31.1875572833 23.989776145
979 443 988 458 big-red-cone 34.6798305306 36.8129726158
933 438 940 457 big-red-cone 44.6580582756 29.1083069529
1044 439 1053 457 big-red-cone 34.6798305306 30.6774771798
1037 449 1045 465 red-cone 31.2362085748 22.228132921
1099 447 1107 457 red-cone 31.2362085748 35.5650126736
885 427 895 444 red-cone 24.9500458266 20.888011262
997 433 1010 452 yellow-cone 19.1477599734 18.6458588731
994 432 1003 452 blue-cone 27.7438644245 17.7686377725
658 604 705 666 blue-cone 5.16370456277 5.57111626091
1103 524 1130 558 blue-cone 9.1215602989 10.3092874067
