12
1044 420 1054 433 red-cone 24.9500458266 27.3150916503
1044 441 1057 468 big-red-cone 23.9346999668 20.3882639188
1053 412 1066 432 big-red-cone 23.9346999668 27.5241562904
1092 435 1106 450 red-cone 17.766343553 23.5998639463
1197 442 1207 458 red-cone 24.9500458266 22.1935119658
1261 440 1271 456 red-cone 24.9500458266 22.1935119658
1206 436 1217 453 red-cone 22.6642456548 20.8717901341
1148 425 1158 447 yellow-cone 24.9500458266 16.1407359751
1247 588 1280 652 yellow-cone 7.4298099653 5.45238279118
1212 499 1234 532 blue-cone 11.2369190944 10.6618031935
859 534 893 577 blue-cone 7.20595642938 8.10917662823
240 706 325 809 blue-cone 2.78148486524 3.26687914814
