15
301 729 384 833 blue-cone 2.85227809631 3.23974841909
988 544 1023 588 blue-cone 6.99490955848 7.91903273411
852 433 863 451 blue-cone 22.6642456548 19.7122462378
857 435 869 453 yellow-cone 20.7594591587 19.6969708596
1145 482 1164 504 red-cone 13.040884525 16.0292290997
1231 475 1244 493 red-cone 19.1477599734 19.6817399216
733 428 743 446 red-cone 24.9500458266 19.7275661918
961 445 969 456 red-cone 31.2362085748 32.3318297032
901 451 908 463 red-cone 35.7264466204 29.6606923158
899 449 905 460 red-cone 41.7135258005 32.3824819185
735 454 750 481 big-red-cone 20.7114415389 20.3568460864
741 418 755 446 big-red-cone 22.2079294413 19.6449416915
787 442 798 459 big-red-cone 28.3303070685 32.4315508238
837 443 848 460 big-red-cone 28.3303070685 32.4315508238
904 440 913 456 big-red-cone 34.6798305306 34.5121618273
