25
313 531 341 571 red-cone 8.78920456262 8.75633320053
32 490 43 505 red-cone 22.6642456548 23.6546954853
39 484 51 498 red-cone 20.7594591587 25.3246768195
144 473 154 483 red-cone 24.9500458266 35.5096191453
459 501 479 527 red-cone 12.3794031317 13.5528621257
625 537 654 577 red-cone 8.47978838133 8.74979116316
683 500 705 529 red-cone 11.2369190944 12.1323967375
634 608 689 676 blue-cone 4.38756959501 5.05071033362
975 544 1007 585 blue-cone 7.66767083957 8.51734520423
1015 481 1035 502 blue-cone 12.3794031317 16.7797340604
1181 495 1204 520 blue-cone 10.7402225032 14.06292863
937 472 949 487 blue-cone 20.7594591587 23.6363650315
944 461 956 477 blue-cone 20.7594591587 22.1590922171
1001 459 1008 470 blue-cone 35.7264466204 32.35711889
1069 456 1077 468 blue-cone 31.2362085748 29.6375105613
1163 454 1171 467 blue-cone 31.2362085748 27.3577020566
1266 457 1276 470 blue-cone 24.9500458266 27.3150916503
59 469 74 493 big-red-cone 20.7114415389 22.9014518472
825 482 843 507 yellow-cone 13.7758944202 14.1164979297
782 467 793 482 yellow-cone 22.6642456548 23.6546954853
816 456 827 474 yellow-cone 22.6642456548 19.7122462378
879 452 891 466 yellow-cone 20.7594591587 25.3246768195
948 501 970 531 yellow-cone 11.2369190944 11.7279835129
995 449 1005 459 yellow-cone 24.9500458266 35.5096191453
1123 451 1131 461 yellow-cone 31.2362085748 35.5650126736
