11
501 629 584 729 blue-cone 2.85227809631 3.36933835586
1037 521 1070 569 blue-cone 7.4298099653 7.26984372157
1188 476 1212 501 red-cone 10.2849399476 14.0523079954
1015 432 1035 459 red-cone 12.3794031317 13.0509042692
959 434 977 454 big-red-cone 17.2198680252 27.4185825173
953 444 968 460 red-cone 16.5691532311 22.1078371792
917 423 931 451 yellow-cone 17.766343553 12.6427842569
897 437 909 458 big-red-cone 25.9493239484 26.2337677822
810 414 822 440 big-red-cone 25.9493239484 21.1888124395
801 444 817 474 big-red-cone 19.4020581355 18.3070850989
798 416 809 439 red-cone 22.6642456548 15.4269753165
