17
21 860 150 1012 blue-cone 1.78284969202 2.15345360423
431 616 481 682 blue-cone 4.84347368456 5.22225025746
426 536 456 578 blue-cone 8.19101774661 8.32692202583
310 514 334 540 blue-cone 10.2849399476 13.5118346109
182 505 202 528 blue-cone 12.3794031317 15.3206267508
18 505 37 530 blue-cone 13.040884525 14.1057216077
101 490 114 510 yellow-cone 19.1477599734 17.7135659294
282 486 300 508 yellow-cone 13.7758944202 16.0414749201
510 496 528 519 yellow-cone 13.7758944202 15.3440194888
674 513 699 543 yellow-cone 9.86610167837 11.7014318491
901 580 944 637 yellow-cone 5.66035166386 6.07731406199
989 533 1019 572 red-cone 8.19101774661 8.96745448935
1043 510 1068 538 red-cone 9.86610167837 12.5372484098
1069 496 1089 521 red-cone 12.3794031317 14.0949766107
1095 484 1112 505 red-cone 14.5974085329 16.8182210374
1160 486 1177 509 red-cone 14.5974085329 15.3557670341
1221 489 1239 510 red-cone 13.7758944202 16.8053546782
