28
864 536 898 573 blue-cone 7.20595642938 9.42417824362
543 548 580 589 blue-cone 6.6070821319 8.4859846052
293 533 321 564 blue-cone 8.78920456262 11.2984944523
200 513 220 536 blue-cone 12.3794031317 15.3206267508
237 494 251 514 blue-cone 17.766343553 17.6998979597
320 483 334 499 blue-cone 17.766343553 22.1248724496
414 473 425 488 blue-cone 22.6642456548 23.6546954853
527 468 535 480 blue-cone 31.2362085748 29.6375105613
641 465 650 478 blue-cone 27.7438644245 27.3363658038
750 466 757 478 blue-cone 35.7264466204 29.6606923158
863 470 873 483 blue-cone 24.9500458266 27.3150916503
965 474 975 489 blue-cone 24.9500458266 23.6730794302
1069 483 1082 500 blue-cone 19.1477599734 20.8394893287
1071 519 1099 549 blue-cone 8.78920456262 11.675110934
1137 509 1157 534 blue-cone 12.3794031317 14.0949766107
1136 495 1153 518 blue-cone 14.5974085329 15.3557670341
73 619 120 679 yellow-cone 5.16370456277 5.75682013628
58 498 73 520 yellow-cone 16.5691532311 16.0784270394
168 484 181 503 yellow-cone 19.1477599734 18.6458588731
330 472 340 485 yellow-cone 24.9500458266 27.3150916503
482 465 491 477 yellow-cone 27.7438644245 29.6143962875
651 461 660 474 yellow-cone 27.7438644245 27.3363658038
757 463 767 474 yellow-cone 24.9500458266 32.2814719503
888 465 898 478 yellow-cone 24.9500458266 27.3150916503
1056 473 1067 489 yellow-cone 22.6642456548 22.1762770175
1172 482 1185 499 yellow-cone 19.1477599734 20.8394893287
1012 502 1049 558 big-red-cone 8.25885266488 9.65397314564
1102 495 1132 544 big-red-cone 10.2387721833 11.0903620828
