13
388 560 420 606 red-cone 7.66767083957 7.59154681247
468 522 488 551 red-cone 12.3794031317 12.1508419058
500 504 518 527 red-cone 13.7758944202 15.3440194888
532 487 547 507 red-cone 16.5691532311 17.6862697434
599 486 612 505 red-cone 19.1477599734 18.6458588731
659 485 672 504 red-cone 19.1477599734 18.6458588731
719 484 734 504 red-cone 16.5691532311 17.6862697434
751 498 769 524 red-cone 13.7758944202 13.5735557016
785 518 809 549 red-cone 10.2849399476 11.3325064479
835 559 867 605 red-cone 7.66767083957 7.59154681247
973 692 1031 778 blue-cone 4.15185978449 3.98517032028
235 657 286 732 yellow-cone 4.7451218438 4.59230736636
4 560 30 597 yellow-cone 9.47950252326 9.48051297891
