10
162 927 246 1011 blue-cone 2.81645737283 4.00846272361
115 618 162 698 red-cone 5.16370456277 4.31761510221
104 557 131 606 red-cone 9.1215602989 7.15338309855
86 531 108 574 red-cone 11.2369190944 8.18231407875
63 509 80 542 red-cone 14.5974085329 10.7025042965
689 579 731 631 blue-cone 5.79932502373 6.66650275576
901 511 924 549 blue-cone 10.7402225032 9.25192673028
1124 493 1143 522 blue-cone 13.040884525 12.1601048342
1207 607 1256 680 yellow-cone 4.94585013739 4.72485885493
1193 530 1233 584 yellow-cone 6.09815633788 6.42894118056
