15
245 746 336 856 blue-cone 2.58789566099 3.04698373749
970 551 1007 594 blue-cone 6.6070821319 8.09128764682
834 433 846 454 blue-cone 20.7594591587 16.8831178797
839 435 851 455 yellow-cone 20.7594591587 17.7272737736
1130 487 1148 510 red-cone 13.7758944202 15.3440194888
1215 478 1227 498 red-cone 20.7594591587 17.7272737736
713 429 725 446 red-cone 20.7594591587 20.8556162043
943 448 952 460 red-cone 27.7438644245 29.6143962875
882 454 890 466 red-cone 31.2362085748 29.6375105613
879 452 887 465 red-cone 31.2362085748 27.3577020566
722 419 737 445 big-red-cone 20.7114415389 21.1398017051
717 454 730 479 big-red-cone 23.9346999668 22.0193250323
769 442 780 461 big-red-cone 28.3303070685 29.0177033686
819 444 830 462 big-red-cone 28.3303070685 30.6297980002
886 443 895 458 big-red-cone 34.6798305306 36.8129726158
