30
1135 500 1166 550 big-red-cone 9.90111831419 10.8604697557
1223 496 1249 539 big-red-cone 11.8493781541 12.6757341689
279 747 351 854 blue-cone 3.31240118882 3.17224204724
395 497 411 517 blue-cone 15.5216465084 17.6726811599
417 483 431 501 blue-cone 17.766343553 19.6665532886
492 513 512 540 blue-cone 12.3794031317 13.0509042692
492 473 501 487 blue-cone 27.7438644245 25.3837682464
573 465 585 480 blue-cone 20.7594591587 23.6363650315
679 463 687 475 blue-cone 31.2362085748 29.6375105613
789 465 796 476 blue-cone 35.7264466204 32.35711889
892 465 900 477 blue-cone 31.2362085748 29.6375105613
1003 470 1010 483 blue-cone 35.7264466204 27.3791005992
1103 476 1111 489 blue-cone 31.2362085748 27.3577020566
1203 486 1214 503 blue-cone 22.6642456548 20.8717901341
1260 509 1276 533 blue-cone 15.5216465084 14.7272342999
1268 497 1279 517 blue-cone 22.6642456548 17.741021614
999 524 1024 557 blue-cone 9.86610167837 10.6376653174
720 529 745 563 blue-cone 9.86610167837 10.3247928081
1192 516 1215 543 blue-cone 10.7402225032 13.021230213
346 571 382 617 yellow-cone 6.79560208759 7.56915287601
202 535 226 568 yellow-cone 10.2849399476 10.6456878753
192 499 210 519 yellow-cone 13.7758944202 17.6456224121
256 485 269 502 yellow-cone 19.1477599734 20.8394893287
349 473 361 489 yellow-cone 20.7594591587 22.1590922171
495 465 502 475 yellow-cone 35.7264466204 35.592830779
637 460 642 470 yellow-cone 50.0955511473 35.6487109178
796 458 804 469 yellow-cone 31.2362085748 32.3318297032
901 462 908 473 yellow-cone 35.7264466204 32.35711889
1028 465 1038 479 yellow-cone 24.9500458266 25.3640136752
1192 476 1205 491 yellow-cone 19.1477599734 23.6180879059
