13
221 577 254 626 red-cone 7.4298099653 7.12147956399
684 560 724 609 red-cone 6.09815633788 7.08495558674
643 517 663 551 red-cone 12.3794031317 10.3639533902
606 500 625 523 red-cone 13.040884525 15.3323060953
577 486 589 506 red-cone 20.7594591587 17.7272737736
514 489 528 507 red-cone 17.766343553 19.6665532886
452 491 467 511 red-cone 16.5691532311 17.6862697434
384 495 399 513 red-cone 16.5691532311 19.6514108259
347 512 367 534 red-cone 12.3794031317 16.0170188758
309 532 339 566 red-cone 8.19101774661 10.2861977966
23 694 100 781 yellow-cone 3.08686653033 3.88833783454
820 703 900 801 blue-cone 2.96514779834 3.44496587089
1138 557 1175 601 blue-cone 6.6070821319 7.90739474576
