28
104 611 142 675 yellow-cone 6.42849800521 5.43235074487
72 495 90 523 yellow-cone 13.7758944202 12.6040160087
182 483 195 501 yellow-cone 19.1477599734 19.6817399216
249 491 268 512 blue-cone 13.040884525 16.7925257235
215 511 233 541 blue-cone 13.7758944202 11.7637482748
310 531 335 560 blue-cone 9.86610167837 12.1049294991
566 544 601 588 blue-cone 6.99490955848 7.91903273411
335 480 349 498 blue-cone 17.766343553 19.6665532886
342 468 355 486 yellow-cone 19.1477599734 19.6817399216
428 473 437 488 blue-cone 27.7438644245 23.69151703
494 461 504 478 yellow-cone 24.9500458266 20.888011262
537 465 550 482 blue-cone 19.1477599734 20.8394893287
652 464 662 479 blue-cone 24.9500458266 23.6730794302
661 458 674 474 yellow-cone 19.1477599734 22.1419574118
761 467 771 481 blue-cone 24.9500458266 25.3640136752
768 461 779 475 yellow-cone 22.6642456548 25.3443165914
873 467 884 483 blue-cone 22.6642456548 22.1762770175
899 463 910 483 yellow-cone 22.6642456548 17.741021614
882 529 905 575 blue-cone 10.7402225032 7.64289599458
1025 501 1052 565 big-red-cone 11.4019503736 8.51011849873
1085 520 1104 547 blue-cone 13.040884525 13.0608533405
1115 498 1140 545 big-red-cone 12.332627098 11.605675451
1144 507 1166 533 blue-cone 11.2369190944 13.5322886687
1148 494 1168 517 blue-cone 12.3794031317 15.3206267508
1076 485 1100 502 blue-cone 10.2849399476 20.6651588167
1065 473 1077 488 yellow-cone 20.7594591587 23.6363650315
976 472 988 493 blue-cone 20.7594591587 16.8831178797
1184 484 1194 503 yellow-cone 24.9500458266 18.6892732344
