32
572 558 629 647 big-red-cone 5.28458029358 5.9878101318
702 528 745 597 big-red-cone 7.07543957982 7.80091350165
1166 607 1241 728 big-red-cone 3.96681636432 4.35001405398
1156 549 1205 632 big-red-cone 6.18231267174 6.45716113761
299 646 364 724 blue-cone 3.68674740049 4.372570328
663 569 703 616 blue-cone 6.09815633788 7.38644305852
744 535 771 571 blue-cone 9.1215602989 9.73654921746
734 514 750 538 blue-cone 15.5216465084 14.7272342999
644 497 659 517 blue-cone 16.5691532311 17.6862697434
1150 519 1165 543 blue-cone 16.5691532311 14.7385581195
521 489 536 507 blue-cone 16.5691532311 19.6514108259
402 486 416 503 blue-cone 17.766343553 20.8234093644
262 487 276 505 blue-cone 17.766343553 19.6665532886
127 491 138 511 blue-cone 22.6642456548 17.741021614
149 485 162 500 yellow-cone 19.1477599734 23.6180879059
282 481 294 496 yellow-cone 20.7594591587 23.6363650315
437 478 447 494 yellow-cone 24.9500458266 22.1935119658
627 481 640 498 yellow-cone 19.1477599734 20.8394893287
760 488 774 506 yellow-cone 17.766343553 19.6665532886
917 504 936 528 yellow-cone 13.040884525 14.693460008
1147 599 1191 664 yellow-cone 5.52770692375 5.32548291145
1232 555 1270 600 yellow-cone 6.42849800521 7.72600994826
951 494 966 513 red-cone 16.5691532311 18.6171260456
980 484 992 503 red-cone 20.7594591587 18.6602881828
997 482 1007 496 red-cone 24.9500458266 25.3640136752
1013 477 1025 492 red-cone 20.7594591587 23.6363650315
1059 479 1070 493 red-cone 22.6642456548 25.3443165914
1100 480 1109 493 red-cone 27.7438644245 27.3363658038
1141 481 1151 495 red-cone 24.9500458266 25.3640136752
1153 486 1163 502 red-cone 24.9500458266 22.1935119658
1161 492 1173 509 red-cone 20.7594591587 20.8556162043
1159 504 1173 521 red-cone 17.766343553 20.8234093644
