19
129 757 201 862 blue-cone 3.31240118882 3.23266570529
318 596 355 648 blue-cone 6.6070821319 6.69087247718
266 541 288 574 blue-cone 11.2369190944 10.6618031935
129 524 148 550 blue-cone 13.040884525 13.5631938536
1119 582 1158 631 blue-cone 6.25908537389 7.09012789192
78 502 89 522 yellow-cone 22.6642456548 17.741021614
315 502 329 523 yellow-cone 17.766343553 16.8570456759
480 513 497 539 yellow-cone 14.5974085329 13.583947761
699 554 726 595 yellow-cone 9.1215602989 8.54916516655
761 520 785 549 red-cone 10.2849399476 12.1140586167
807 499 822 523 red-cone 16.5691532311 14.7385581195
829 488 841 509 red-cone 20.7594591587 16.8831178797
851 480 861 496 red-cone 24.9500458266 22.1935119658
907 479 917 496 red-cone 24.9500458266 20.888011262
959 480 969 498 red-cone 24.9500458266 19.7275661918
1009 481 1023 499 red-cone 17.766343553 19.6665532886
1035 490 1050 512 red-cone 16.5691532311 16.0784270394
1058 504 1074 529 red-cone 15.5216465084 14.1381449279
1079 527 1103 561 red-cone 10.2849399476 10.3325794084
