28
2 813 68 973 blue-cone 3.62838601004 2.13015940201
94 605 152 677 red-cone 4.15185978449 4.76006454923
246 523 281 576 red-cone 6.99490955848 6.57429132643
612 585 667 663 blue-cone 4.38756959501 4.40318336777
589 519 617 562 yellow-cone 8.78920456262 8.14542623305
439 497 470 533 yellow-cone 7.92089465135 9.70751559575
402 475 427 500 yellow-cone 9.86610167837 14.041718219
447 461 465 491 yellow-cone 13.7758944202 11.7637482748
525 455 539 476 yellow-cone 17.766343553 16.8570456759
862 497 889 533 blue-cone 9.1215602989 9.73654921746
669 488 692 515 blue-cone 10.7402225032 13.021230213
577 476 599 497 blue-cone 11.2369190944 16.7542621613
590 462 608 483 blue-cone 13.7758944202 16.8053546782
651 459 667 476 blue-cone 15.5216465084 20.7913895998
646 451 662 467 yellow-cone 15.5216465084 22.0908514498
727 454 735 470 blue-cone 31.2362085748 22.228132921
780 446 790 464 yellow-cone 24.9500458266 19.7275661918
820 450 832 466 blue-cone 20.7594591587 22.1590922171
920 453 932 469 blue-cone 20.7594591587 22.1590922171
930 448 943 466 yellow-cone 19.1477599734 19.6817399216
1020 457 1028 470 blue-cone 31.2362085748 27.3577020566
1030 454 1037 468 yellow-cone 35.7264466204 25.4234505564
1120 460 1136 475 blue-cone 15.5216465084 23.5635748798
1146 455 1162 473 yellow-cone 15.5216465084 19.6363123998
1087 495 1116 531 blue-cone 8.47978838133 9.72199018129
1200 583 1261 655 yellow-cone 3.93940698826 4.75010113419
1218 478 1239 529 big-red-cone 14.7261826121 10.7278321818
1213 464 1233 484 blue-cone 12.3794031317 17.6187207634
