13
1106 555 1144 599 blue-cone 6.42849800521 7.90160108345
783 706 862 804 blue-cone 3.00468767861 3.44726776517
0 701 52 790 yellow-cone 4.65056239834 3.86717191932
177 582 217 631 red-cone 6.09815633788 7.08495558674
272 532 301 568 red-cone 8.47978838133 9.72199018129
313 512 332 538 red-cone 13.040884525 13.5631938536
349 494 364 514 red-cone 16.5691532311 17.6862697434
418 489 433 512 red-cone 16.5691532311 15.3793649942
481 488 494 510 red-cone 19.1477599734 16.103241754
542 486 557 508 red-cone 16.5691532311 16.0784270394
574 500 592 525 red-cone 13.7758944202 14.1164979297
607 519 632 552 red-cone 9.86610167837 10.6376653174
654 563 687 609 red-cone 7.4298099653 7.58592388338
