16
10 495 23 512 yellow-cone 19.1477599734 20.8394893287
164 490 175 511 yellow-cone 22.6642456548 16.8962110609
343 487 355 510 yellow-cone 20.7594591587 15.4150206727
570 497 583 521 yellow-cone 19.1477599734 14.7613049412
737 519 757 548 yellow-cone 12.3794031317 12.1508419058
973 598 1007 654 yellow-cone 7.20595642938 6.22668919668
1070 544 1094 584 red-cone 10.2849399476 8.7826924971
1126 519 1146 547 red-cone 12.3794031317 12.5848005453
1153 503 1167 526 red-cone 17.766343553 15.3912156171
1178 489 1195 510 red-cone 14.5974085329 16.8182210374
1247 493 1264 515 red-cone 14.5974085329 16.0537564448
462 631 502 700 blue-cone 6.09815633788 5.03134527174
473 543 499 582 blue-cone 9.47950252326 8.99433282614
365 513 384 543 blue-cone 13.040884525 11.7547680064
240 505 256 529 blue-cone 15.5216465084 14.7272342999
81 505 97 528 blue-cone 15.5216465084 15.3675488347
