25
693 590 744 649 blue-cone 4.7451218438 5.83767885555
1012 538 1043 576 blue-cone 7.92089465135 9.19659372229
1055 479 1076 500 blue-cone 11.7809460897 16.7669795769
1219 494 1240 519 blue-cone 11.7809460897 14.0842628446
1206 454 1216 467 blue-cone 24.9500458266 27.3150916503
1110 453 1122 468 blue-cone 20.7594591587 23.6363650315
1041 456 1050 470 blue-cone 27.7438644245 25.3837682464
986 460 998 474 blue-cone 20.7594591587 25.3246768195
978 467 991 485 blue-cone 19.1477599734 19.6817399216
988 497 1008 525 yellow-cone 12.3794031317 12.5848005453
869 480 889 501 yellow-cone 12.3794031317 16.7797340604
826 463 838 478 yellow-cone 20.7594591587 23.6363650315
860 455 869 469 yellow-cone 27.7438644245 25.3837682464
923 450 933 464 yellow-cone 24.9500458266 25.3640136752
1165 452 1174 465 yellow-cone 27.7438644245 27.3363658038
678 527 706 565 red-cone 8.78920456262 9.21719284266
731 497 754 521 red-cone 10.7402225032 14.6488839896
515 494 534 518 red-cone 13.040884525 14.693460008
383 523 409 556 red-cone 9.47950252326 10.6296660673
204 464 211 475 red-cone 35.7264466204 32.35711889
97 479 110 495 red-cone 19.1477599734 22.1419574118
50 474 58 487 red-cone 31.2362085748 27.3577020566
104 474 114 489 red-cone 24.9500458266 23.6730794302
122 462 133 482 big-red-cone 28.3303070685 27.5668182002
17 472 31 495 big-red-cone 22.2079294413 23.9155811897
