3 0.73930562 0.48553720 0.03409795 0.08016529
3 0.51859885 0.45247933 0.02417855 0.07520662
3 0.21109733 0.49876034 0.04277743 0.09008265
2 0.27495351 0.47727272 0.02417855 0.04380165
2 0.37259763 0.46776861 0.01859888 0.03966942
2 0.48202109 0.50578511 0.02665840 0.04958678
1 0.32734036 0.50041324 0.02603844 0.05206612
1 0.46838191 0.46652892 0.01921885 0.04214876
1 0.54990703 0.50041324 0.02727836 0.05371901
0 0.40731555 0.48677686 0.01983881 0.04958678
0 0.62802231 0.48099172 0.02231866 0.05289256
0 0.66553009 0.51322311 0.02789833 0.05454545
