0 0.40793553 0.69793391 0.06695598 0.13801652
0 0.46032238 0.44628099 0.02913825 0.05289256
0 0.80068195 0.56487602 0.06013639 0.10826446
1 0.51456910 0.54421490 0.04959702 0.09504132
1 0.66738993 0.44462809 0.05145691 0.06776860
1 0.32641041 0.42892563 0.03657781 0.07107438
3 0.84810913 0.70578510 0.11407316 0.25619835
3 0.72132671 0.44380164 0.04773714 0.13057852
3 0.17761934 0.39752066 0.04773714 0.10413224
2 0.40173590 0.51198345 0.05455673 0.08677686
2 0.43676379 0.39380166 0.02789833 0.05041322
2 0.59392434 0.40289256 0.03347799 0.05371901
