1 0.59020460 0.37231404 0.02603844 0.06033058
1 0.49907005 0.36239669 0.02107874 0.04876033
1 0.59454435 0.47933885 0.02603844 0.08264463
0 0.69559824 0.51239669 0.04711717 0.06942149
0 0.71853691 0.58264464 0.05951643 0.11570248
0 0.47861129 0.40495867 0.03843769 0.05619835
2 0.34748915 0.48347107 0.05021699 0.08264463
2 0.35430875 0.38099173 0.02417855 0.05289256
2 0.55951643 0.43884298 0.03161810 0.06776860
3 0.44358340 0.54793388 0.06881587 0.17520662
3 0.27557346 0.41239670 0.03781773 0.12066115
3 0.38344699 0.33429751 0.02789833 0.07520662
