0 0.50588965 0.48471075 0.03843769 0.06528926
0 0.41847488 0.47107437 0.03099814 0.05454545
0 0.34965903 0.45785123 0.02107874 0.05289256
1 0.37941724 0.53512394 0.03471792 0.06198347
1 0.29696217 0.49710745 0.03595784 0.08347107
1 0.22473651 0.49421486 0.04897706 0.07768595
2 0.47954124 0.62768596 0.05145691 0.11157025
2 0.25573465 0.59132230 0.07253565 0.08347107
2 0.14197148 0.56280994 0.03595784 0.09586777
3 0.51828891 0.40578511 0.02975821 0.06776860
3 0.66026038 0.41528925 0.02603844 0.06859504
3 0.85461873 0.65909094 0.07625543 0.19586776
