3 0.49690020 0.48181817 0.03161810 0.06446281
3 0.08214507 0.46487603 0.02665840 0.05702479
2 0.33013019 0.54256201 0.02913825 0.05371901
2 0.41196528 0.46363637 0.01673900 0.03305785
2 0.24085554 0.47107437 0.02045877 0.03636364
1 0.73775572 0.65454543 0.04587725 0.08925620
1 0.61376315 0.54421490 0.03099814 0.05371901
1 0.30874148 0.49008265 0.02231866 0.03966942
0 0.12988220 0.45454547 0.01797892 0.03140496
0 0.27278364 0.45578513 0.01859888 0.03223141
0 0.81184131 0.54256201 0.03533788 0.05371901
