2 0.41196528 0.41322315 0.02169870 0.05289256
2 0.44358340 0.38057852 0.01797892 0.04049587
2 0.65902048 0.37809917 0.01859888 0.03884298
1 0.69094855 0.41570249 0.02665840 0.04958678
1 0.74457532 0.48925620 0.04959702 0.07768595
1 0.32703039 0.48388430 0.04277743 0.07520662
3 0.50061995 0.35082644 0.02045877 0.05537190
3 0.53471792 0.33512396 0.01549907 0.04710744
3 0.58958465 0.33264464 0.01487911 0.04380165
0 0.10446373 0.71528924 0.10229386 0.15785123
0 0.85895848 0.69214875 0.10353379 0.15454546
0 0.63329202 0.35991734 0.01673900 0.03223141
