3 0.32362059 0.51157027 0.04215747 0.10413224
3 0.38623682 0.46487603 0.03223807 0.07520662
3 0.41444513 0.44504133 0.02417855 0.06363636
0 0.47086176 0.49338844 0.02665840 0.04793388
0 0.65065098 0.54710746 0.03657781 0.05950413
0 0.58369499 0.42685950 0.01549907 0.02727273
1 0.49938005 0.53884298 0.03285803 0.06280991
1 0.47768134 0.44256198 0.01549907 0.03388430
2 0.52913827 0.46198347 0.01921885 0.04297521
2 0.60353380 0.49752066 0.02417855 0.04628099
2 0.62399256 0.47066116 0.01425914 0.03884298
1 0.60601366 0.44669423 0.01673900 0.03553719
