3 0.40917546 0.39297521 0.03347799 0.09834711
3 0.60229385 0.26652893 0.01673900 0.05371901
3 0.31122133 0.32190081 0.03347799 0.07355372
2 0.44141352 0.32066116 0.01859888 0.05123967
2 0.69590825 0.28719008 0.02169870 0.02892562
2 0.58679479 0.33966944 0.02293862 0.04462810
0 0.13546187 0.38388431 0.02913825 0.07190083
0 0.47396156 0.36322314 0.01921885 0.05041322
0 0.63887167 0.31239671 0.02541848 0.03471074
1 0.25573465 0.45785123 0.03285803 0.08099174
1 0.57718539 0.30082646 0.02479851 0.03636364
1 0.76875389 0.30371901 0.01611903 0.04876033
