0 0.34190950 0.46818182 0.01673900 0.03388430
0 0.47799131 0.49173555 0.02107874 0.03966942
0 0.57005578 0.57603306 0.03905766 0.06115703
1 0.52820832 0.52479339 0.03099814 0.04793388
1 0.64259142 0.49628100 0.02169870 0.03884298
1 0.33323002 0.54173553 0.03037818 0.05371901
2 0.36701798 0.51363635 0.02975821 0.05041322
2 0.30781153 0.48925620 0.01921885 0.04132231
2 0.15065096 0.61322314 0.04339740 0.07768595
3 0.78611284 0.53223139 0.04587725 0.09256198
3 0.88654679 0.49380165 0.03719777 0.07024793
3 0.46311221 0.65289259 0.06943583 0.14380166
