3 0.91413516 0.50330579 0.07005580 0.16859505
3 0.71450710 0.39752066 0.04277743 0.09586777
3 0.63112211 0.34876034 0.03223807 0.06611570
2 0.49566028 0.38512397 0.02293862 0.04462810
2 0.32145071 0.36818182 0.02417855 0.04214876
1 0.56168628 0.49834710 0.05455673 0.08264463
1 0.53161812 0.32107437 0.01301922 0.02727273
1 0.22659640 0.45123968 0.04401736 0.07603306
0 0.43459392 0.33925620 0.01983881 0.03553719
0 0.27433354 0.33016530 0.01921885 0.03553719
0 0.19962803 0.71776861 0.11035338 0.15289256
