0 0.17017978 0.57190084 0.02293862 0.03471074
0 0.28177309 0.56322312 0.01177929 0.02727273
0 0.75170487 0.58223140 0.01797892 0.02231405
3 0.53223807 0.55123967 0.01797892 0.04132231
3 0.65251082 0.55743802 0.02417855 0.03719008
3 0.40297583 0.54462808 0.02231866 0.03801653
2 0.45660260 0.56611568 0.01673900 0.02644628
2 0.38437694 0.57314050 0.01611903 0.02727273
1 0.20737755 0.54958677 0.01673900 0.03305785
1 0.57563543 0.57851237 0.01549907 0.02975207
1 0.62957221 0.56942147 0.01921885 0.02479339
2 0.82486051 0.57314050 0.01549907 0.02727273
