3 0.57067573 0.56983471 0.05269684 0.10826446
3 0.95350277 0.53595042 0.05083695 0.09834711
3 0.24178550 0.54958677 0.04835710 0.09421488
2 0.51828891 0.53801656 0.03347799 0.05289256
2 0.47861129 0.50289255 0.02107874 0.04214876
2 0.31928083 0.48512396 0.01983881 0.03636364
1 0.39553627 0.49090910 0.02107874 0.04297521
1 0.20737755 0.47314051 0.01797892 0.03057851
1 0.11469312 0.46239668 0.01487911 0.02727273
0 0.06788593 0.49876034 0.02417855 0.03719008
0 0.69063854 0.52561986 0.02603844 0.04793388
