2 0.65034097 0.46074381 0.02727836 0.05206612
2 0.66119033 0.40619835 0.01549907 0.03057851
2 0.61779290 0.36859503 0.01301922 0.02314050
3 0.57129574 0.51983470 0.06013639 0.12727273
3 0.14507130 0.60578513 0.08555487 0.17520662
3 0.70923746 0.35619834 0.00991940 0.03471074
1 0.45257285 0.47644627 0.03471792 0.05867768
1 0.54897708 0.42066115 0.02169870 0.03966942
1 0.67668939 0.37231404 0.01053937 0.02066116
0 0.59516430 0.38553718 0.01239926 0.02892562
0 0.69776815 0.43140495 0.02293862 0.04297521
0 0.69621825 0.38471073 0.01363918 0.02561983
