3 0.85833848 0.61694217 0.04277743 0.10165289
3 0.80688161 0.56818181 0.03781773 0.08016529
3 0.10973342 0.50082642 0.01983881 0.04958678
2 0.32300061 0.55702478 0.02603844 0.04958678
2 0.24147551 0.57479340 0.02665840 0.04380165
2 0.20799752 0.53099173 0.01673900 0.04049587
0 0.24085554 0.52107435 0.01673900 0.03223141
0 0.49814013 0.57148761 0.02417855 0.05371901
0 0.53099811 0.55413222 0.02293862 0.04214876
1 0.42002481 0.59958678 0.02665840 0.05371901
1 0.34469932 0.52520663 0.01611903 0.03223141
1 0.30874148 0.52066118 0.01487911 0.03305785
