2 0.59020460 0.67530322 0.07935524 0.22381477
2 0.23837569 0.40352812 0.05269684 0.12568909
2 0.42963421 0.35281146 0.04215747 0.12127894
3 0.48605084 0.41951489 0.06075636 0.22601984
3 0.22690639 0.68632853 0.13019219 0.36273429
3 0.09144451 0.43605292 0.08369498 0.25248072
1 0.19249845 0.53748620 0.07129572 0.17089306
1 0.66026038 0.57001102 0.07811531 0.17861080
1 0.61872286 0.35997796 0.04215747 0.10915105
0 0.36763793 0.58875412 0.07439554 0.15656009
0 0.39305642 0.43109152 0.05579665 0.14553472
0 0.67792934 0.45865491 0.06261624 0.13891952
