0 0.28921264 0.40738699 0.03161810 0.06945976
0 0.40452573 0.43825799 0.03657781 0.07386990
0 0.46683198 0.39911798 0.03099814 0.06174201
1 0.19590825 0.44818082 0.04339740 0.08048511
1 0.52293861 0.42392504 0.03409795 0.07166483
2 0.31308120 0.47794929 0.04587725 0.09371555
2 0.47985122 0.47353914 0.03595784 0.09151047
2 0.42560446 0.37872106 0.02789833 0.06063947
3 0.37755734 0.39581037 0.03967762 0.11466373
3 0.52758837 0.36934951 0.03099814 0.10143330
3 0.57098573 0.43054023 0.03967762 0.13120176
1 0.36112833 0.38588753 0.01425914 0.05953693
