3 0.32517049 0.36934951 0.05641662 0.14553472
3 0.45939243 0.50110251 0.06447613 0.24807057
3 0.67389959 0.39140022 0.06199628 0.17199560
2 0.63670182 0.54244763 0.06075636 0.15435502
2 0.57966524 0.46141124 0.05827650 0.12017640
2 0.15499070 0.54134512 0.08183509 0.14553472
1 0.24519528 0.59316427 0.08245505 0.16317530
1 0.22101673 0.47960308 0.05889647 0.12127894
1 0.53347796 0.40573320 0.04525729 0.09261301
0 0.19342840 0.73484015 0.11283323 0.20396914
0 0.50000000 0.63781697 0.07377557 0.19073869
0 0.40111592 0.43329659 0.05455673 0.09922823
