3 0.34593925 0.49834621 0.04463732 0.15214995
3 0.38437694 0.42171997 0.04215747 0.10694598
3 0.64507127 0.48125690 0.04277743 0.13120176
2 0.49814013 0.42613009 0.02665840 0.06063947
2 0.38282704 0.48897463 0.03285803 0.08048511
2 0.31029138 0.46141124 0.03409795 0.07166483
0 0.33044016 0.42888644 0.02355859 0.06394708
0 0.53006822 0.48952591 0.03223807 0.07276736
1 0.48729077 0.52976847 0.03595784 0.08930540
1 0.43056417 0.42337376 0.02417855 0.06394708
1 0.54215747 0.44597575 0.01425914 0.06284454
