3 0.50836951 0.39966923 0.02603844 0.09151047
3 0.49597025 0.42613009 0.02975821 0.10915105
3 0.41041538 0.41234839 0.03099814 0.10143330
0 0.57997519 0.46141124 0.02417855 0.06725468
0 0.60353380 0.43770674 0.02293862 0.05733186
0 0.59299439 0.41510475 0.01797892 0.04740904
1 0.30595165 0.42943770 0.02417855 0.06063947
1 0.38065717 0.40683573 0.02107874 0.05292172
1 0.52603841 0.40463066 0.01673900 0.04630651
2 0.44110355 0.40132305 0.01673900 0.05071665
2 0.33911964 0.45259097 0.03099814 0.06945976
2 0.48512089 0.47794929 0.03657781 0.07386990
