3 0.59516430 0.37927231 0.05827650 0.20507166
3 0.33508989 0.35446528 0.04897706 0.17530319
3 0.37228766 0.41896361 0.05765654 0.19845645
2 0.14507130 0.40738699 0.04959702 0.13561191
2 0.06695598 0.52646089 0.06199628 0.15986769
2 0.60663360 0.34178612 0.03533788 0.10363837
1 0.46993181 0.33902976 0.04215747 0.12238148
1 0.26069435 0.34729880 0.03409795 0.10584344
1 0.75232488 0.38588753 0.05145691 0.11025358
0 0.31897086 0.59922820 0.06881587 0.17750826
0 0.61004341 0.54410142 0.07687539 0.16648291
0 0.82982022 0.46747521 0.06013639 0.14773980
