0 0.51208925 0.20617419 0.02479851 0.07717751
0 0.51456910 0.28280044 0.03967762 0.10033076
0 0.10105394 0.25358325 0.05579665 0.11907387
1 0.17761934 0.20066153 0.03161810 0.09040794
1 0.30533168 0.24476296 0.04029758 0.09702315
1 0.66212028 0.26626241 0.03595784 0.07828005
2 0.59609425 0.37596473 0.05641662 0.13450937
2 0.42343459 0.22491731 0.03223807 0.07938258
2 0.34097955 0.18412349 0.02479851 0.06835722
3 0.70055795 0.29382581 0.05207688 0.17750826
3 0.24395536 0.28224918 0.07625543 0.21830210
3 0.41475511 0.35722160 0.07811531 0.25358325
