0 0.33818972 0.35226020 0.02789833 0.05181918
0 0.40142593 0.36824697 0.02417855 0.05953693
0 0.49752015 0.38147739 0.02789833 0.05953693
1 0.54370737 0.32910696 0.01735896 0.04740904
1 0.56385618 0.36328557 0.02417855 0.05402426
1 0.47427154 0.31697905 0.01611903 0.04079382
2 0.32579046 0.33131203 0.01177929 0.04740904
2 0.57873529 0.34123483 0.01673900 0.05181918
3 0.41413516 0.32469681 0.01859888 0.08269019
3 0.45443273 0.31477398 0.02479851 0.07386990
3 0.49907005 0.33517089 0.02603844 0.08379272
