3 0.33756974 0.42006615 0.08493491 0.20727673
3 0.55021697 0.41951489 0.07253565 0.20837927
3 0.60632360 0.32249174 0.04587725 0.13340683
2 0.29882208 0.33572215 0.03223807 0.08048511
2 0.16243026 0.32304299 0.03099814 0.07056230
2 0.61624300 0.40242559 0.03471792 0.11025358
0 0.08555487 0.46692392 0.05951643 0.14002205
0 0.33818972 0.30044103 0.02913825 0.06504961
0 0.45660260 0.36383682 0.03533788 0.09040794
1 0.04525729 0.38699007 0.05207688 0.09922823
1 0.24116553 0.37761852 0.04959702 0.09812569
1 0.51859885 0.31753033 0.02789833 0.07276736
