1 0.14879107 0.59922820 0.04711717 0.11797133
1 0.44389337 0.45865491 0.03843769 0.07938258
1 0.58276504 0.42888644 0.03223807 0.07497244
2 0.63670182 0.47905183 0.03719777 0.09371555
2 0.45071295 0.50110251 0.03595784 0.09371555
2 0.15127093 0.48787209 0.02851829 0.07386990
3 0.34159949 0.41786107 0.03223807 0.11025358
3 0.22349659 0.43825799 0.04277743 0.12679163
3 0.08431494 0.51267916 0.05703658 0.14773980
0 0.26813391 0.50165379 0.02789833 0.08158765
0 0.46590206 0.42006615 0.02293862 0.07056230
0 0.48574087 0.58213890 0.04773714 0.12348402
