3 0.30874148 0.64388090 0.07439554 0.22712238
3 0.20923744 0.49889746 0.04153751 0.13561191
3 0.09144451 0.55898565 0.04773714 0.16317530
2 0.13081215 0.63561189 0.06199628 0.12238148
2 0.53874767 0.51212788 0.03347799 0.08269019
2 0.62120271 0.46416759 0.02603844 0.07497244
1 0.57222569 0.63120174 0.06323621 0.12899669
1 0.40576565 0.49779493 0.03657781 0.07386990
1 0.46032238 0.45755237 0.02169870 0.06615215
0 0.30657160 0.48070562 0.02665840 0.07056230
0 0.38034719 0.57276738 0.04649721 0.11135612
0 0.72907627 0.51764059 0.04091755 0.08930540
