3 0.62802231 0.45314223 0.07811531 0.21609703
3 0.70613766 0.37706727 0.05083695 0.17199560
3 0.27061376 0.46085998 0.08121513 0.21389195
2 0.52293861 0.41014332 0.04029758 0.09481808
2 0.55858648 0.30705622 0.02355859 0.05181918
2 0.65778053 0.35281146 0.02851829 0.07497244
0 0.35368878 0.34454244 0.02789833 0.06945976
0 0.49070057 0.33020949 0.02789833 0.05843440
0 0.65220088 0.31918412 0.02479851 0.06284454
1 0.46590206 0.36934951 0.03781773 0.08158765
1 0.45412275 0.30595368 0.01797892 0.05622933
1 0.25914446 0.40022051 0.04339740 0.09040794
