3 0.43707377 0.50992280 0.02231866 0.08269019
3 0.47799131 0.49062845 0.01983881 0.07056230
3 0.38902667 0.48897463 0.01673900 0.06945976
2 0.41258526 0.50716650 0.01301922 0.03528115
2 0.40824550 0.49228224 0.01053937 0.03858875
2 0.30688158 0.50220507 0.01115933 0.04520397
0 0.29789212 0.52370453 0.02045877 0.05512679
0 0.34934905 0.53087097 0.01797892 0.05402426
1 0.34438935 0.49834621 0.01549907 0.03969129
1 0.49194050 0.51543552 0.02293862 0.04961411
1 0.52510852 0.49669239 0.01735896 0.04299890
