0 0.39367637 0.54299891 0.02355859 0.06284454
0 0.58369499 0.48125690 0.01425914 0.04520397
0 0.62523246 0.48511577 0.01301922 0.04189636
1 0.37600744 0.51708931 0.01921885 0.05071665
1 0.46280223 0.48952591 0.01053937 0.04189636
1 0.59981400 0.53914005 0.02169870 0.06174201
2 0.49256045 0.54961413 0.02417855 0.06284454
2 0.51425916 0.50826901 0.01921885 0.04851158
2 0.63670182 0.50937158 0.02107874 0.05292172
3 0.53688776 0.50496143 0.02727836 0.08820286
3 0.51735896 0.46968028 0.01921885 0.06615215
3 0.44823310 0.49117970 0.02355859 0.07828005
