0 0.33632982 0.59922820 0.05765654 0.14002205
0 0.72659642 0.47850055 0.02603844 0.06615215
0 0.75604463 0.51212788 0.04277743 0.08710033
1 0.65189087 0.45203969 0.02789833 0.06394708
1 0.54556727 0.44542447 0.02107874 0.05292172
1 0.37445754 0.44928336 0.02851829 0.05402426
2 0.67172968 0.57717752 0.05145691 0.12017640
2 0.44420335 0.43880928 0.02169870 0.05071665
2 0.23465592 0.53031975 0.04277743 0.09040794
3 0.49349040 0.47960308 0.05207688 0.13009922
3 0.28611284 0.44321939 0.03533788 0.10584344
3 0.15003100 0.47464168 0.04587725 0.12238148
