0 0.38220707 0.41841236 0.01549907 0.03638368
0 0.32982022 0.42888644 0.00991940 0.03528115
1 0.29045257 0.45314223 0.01673900 0.04851158
1 0.38344699 0.46251377 0.01301922 0.04079382
1 0.27805331 0.44432193 0.01549907 0.04410143
2 0.53564787 0.42668137 0.01239926 0.03528115
2 0.31277123 0.46416759 0.01053937 0.04410143
2 0.45939243 0.40959206 0.01115933 0.03638368
3 0.46280223 0.44597575 0.01797892 0.07386990
3 0.44141352 0.40848953 0.00991940 0.05622933
3 0.55703658 0.42061743 0.01053937 0.06504961
0 0.53440791 0.40242559 0.01239926 0.03307607
