2 0.43924364 0.38588753 0.01921885 0.05292172
2 0.34996900 0.36990076 0.01301922 0.05181918
2 0.21388717 0.38368246 0.02107874 0.05512679
3 0.32021078 0.36769569 0.03037818 0.08930540
3 0.16924985 0.35832414 0.02603844 0.08599780
3 0.07935524 0.37596473 0.03223807 0.10143330
1 0.48016119 0.36934951 0.01425914 0.04851158
1 0.25077495 0.36604190 0.02045877 0.05512679
1 0.16460012 0.41179714 0.02293862 0.06063947
0 0.28177309 0.40132305 0.02293862 0.05953693
0 0.36918786 0.41675854 0.02665840 0.06835722
0 0.52293861 0.41455346 0.01921885 0.06835722
