1 0.32951024 0.45424476 0.04649721 0.11686880
1 0.49845010 0.39084896 0.03099814 0.07166483
1 0.65809053 0.44762954 0.05641662 0.11907387
0 0.44482332 0.48456451 0.06385617 0.14443219
0 0.68567884 0.40959206 0.03471792 0.09812569
0 0.63267201 0.39360529 0.02789833 0.07938258
2 0.13050216 0.49228224 0.05889647 0.13561191
2 0.15840049 0.43384784 0.03781773 0.08930540
3 0.57067573 0.39470783 0.06261624 0.16979052
3 0.46125233 0.37872106 0.02603844 0.13120176
3 0.28766274 0.39525908 0.04711717 0.14663726
2 0.33694980 0.40077177 0.01921885 0.07828005
