3 0.42932424 0.46030870 0.02789833 0.08710033
3 0.37724736 0.49338478 0.03161810 0.10474090
3 0.32827032 0.45865491 0.02913825 0.08158765
1 0.27030379 0.49779493 0.02479851 0.06063947
1 0.33663979 0.53693497 0.03223807 0.07056230
1 0.49225047 0.47023153 0.01735896 0.04520397
0 0.46404216 0.51212788 0.02913825 0.06504961
0 0.51952881 0.49614114 0.02603844 0.05733186
0 0.22659640 0.52646089 0.03161810 0.06725468
2 0.17947923 0.49724367 0.02541848 0.05953693
2 0.28332299 0.46582139 0.01735896 0.04740904
2 0.40421575 0.46085998 0.01859888 0.04410143
