2 0.84376937 0.53638369 0.05207688 0.10474090
2 0.72876626 0.56394708 0.06261624 0.13120176
2 0.59981400 0.64057332 0.07997520 0.21168688
0 0.09547427 0.51653802 0.05455673 0.10474090
0 0.09516429 0.57772875 0.08493491 0.14553472
0 0.54029757 0.48621830 0.03533788 0.07497244
1 0.38964662 0.58599782 0.06509610 0.14884233
1 0.26286423 0.52756339 0.05083695 0.11576626
1 0.28890267 0.48291069 0.03843769 0.08158765
3 0.45164290 0.45203969 0.03905766 0.11686880
3 0.48760074 0.50110251 0.06261624 0.17309813
3 0.67172968 0.46857774 0.04153751 0.14112459
