0 0.61531305 0.59040797 0.08245505 0.16427784
0 0.27092373 0.47519293 0.03843769 0.08599780
0 0.21977681 0.61576629 0.09361438 0.17971334
1 0.66955984 0.52425581 0.04959702 0.10694598
1 0.41351518 0.54355019 0.05579665 0.14112459
1 0.09330440 0.54355019 0.06881587 0.12568909
2 0.81742096 0.48897463 0.04525729 0.11576626
2 0.63732177 0.46857774 0.03099814 0.10143330
2 0.54866707 0.45644984 0.02727836 0.07056230
3 0.50123990 0.46471885 0.06261624 0.15766263
3 0.37817731 0.43825799 0.04215747 0.11356119
3 0.14600123 0.45810363 0.05517669 0.15325248
