3 0.53688776 0.41565600 0.05331680 0.17861080
3 0.22535647 0.37596473 0.04773714 0.14773980
3 0.04556727 0.42116868 0.08865468 0.23594266
2 0.76162428 0.43109152 0.02417855 0.08820286
2 0.56447613 0.41510475 0.02045877 0.07828005
2 0.40018600 0.39360529 0.03037818 0.07276736
1 0.26255426 0.55678058 0.09981401 0.19625138
1 0.65778053 0.50992280 0.07687539 0.14002205
1 0.73775572 0.45975745 0.05703658 0.10363837
0 0.79758215 0.63009924 0.11097334 0.22822492
0 0.92281461 0.53197354 0.08121513 0.15104741
0 0.15933044 0.43439913 0.06075636 0.11466373
