3 0.29293242 0.42888644 0.04773714 0.15214995
3 0.45133293 0.44377068 0.04835710 0.14663726
3 0.59361440 0.48015437 0.05765654 0.16427784
2 0.22907625 0.39581037 0.03037818 0.06394708
2 0.12988220 0.43329659 0.04649721 0.08379272
2 0.07346559 0.49558985 0.06757595 0.11135612
1 0.40824550 0.60198456 0.07501550 0.13671444
1 0.18350899 0.55402428 0.07439554 0.13340683
1 0.68319899 0.59095919 0.05579665 0.14553472
0 0.55734658 0.45644984 0.03223807 0.08379272
0 0.71977681 0.51267916 0.04339740 0.10804851
0 0.36980781 0.42116868 0.03037818 0.07276736
