2 0.091796875 0.669921875 0.05078125 0.072265625
3 0.153125 0.64501953125 0.0484375 0.1103515625
2 0.317578125 0.5771484375 0.02265625 0.0390625
3 0.4203125 0.59521484375 0.04375 0.0830078125
3 0.415234375 0.5302734375 0.01953125 0.041015625
3 0.508203125 0.51904296875 0.01640625 0.0380859375
3 0.5796875 0.7509765625 0.0921875 0.1796875
3 0.65859375 0.54736328125 0.0265625 0.0537109375
3 0.6984375 0.51904296875 0.0171875 0.0380859375
2 0.7 0.5595703125 0.0203125 0.03515625
2 0.79140625 0.6611328125 0.04375 0.068359375
3 0.846484375 0.5712890625 0.03828125 0.0703125
2 0.884375 0.55859375 0.0203125 0.033203125
