3 0.068359375 0.7470703125 0.07421875 0.171875
3 0.036328125 0.6005859375 0.04140625 0.08203125
3 0.63046875 0.71630859375 0.06875 0.1591796875
2 0.492578125 0.64208984375 0.03828125 0.0634765625
2 0.19296875 0.75732421875 0.065625 0.1025390625
1 0.280078125 0.513671875 0.01171875 0.01953125
1 0.34609375 0.52197265625 0.0125 0.0224609375
1 0.4546875 0.5263671875 0.0125 0.021484375
1 0.611328125 0.52587890625 0.01328125 0.0224609375
1 0.758203125 0.52099609375 0.01171875 0.0224609375
1 0.870703125 0.51171875 0.01015625 0.01953125
