3 0.109375 0.56982421875 0.0296875 0.0634765625
3 0.286328125 0.62744140625 0.04609375 0.1005859375
3 0.35 0.56689453125 0.028125 0.0634765625
3 0.58359375 0.52978515625 0.0203125 0.0458984375
3 0.788671875 0.61376953125 0.04453125 0.0966796875
3 0.989453125 0.5478515625 0.02265625 0.060546875
3 0.828125 0.5048828125 0.0140625 0.033203125
2 0.86640625 0.75634765625 0.0640625 0.1025390625
2 0.563671875 0.64306640625 0.03828125 0.0634765625
2 0.71953125 0.52783203125 0.0140625 0.0244140625
2 0.91640625 0.53271484375 0.015625 0.0283203125
