2 0.10078125 0.67578125 0.0421875 0.0703125
2 0.3078125 0.58056640625 0.028125 0.0380859375
3 0.341796875 0.5693359375 0.02578125 0.0625
3 0.480078125 0.6259765625 0.04453125 0.09765625
3 0.538671875 0.56005859375 0.02890625 0.0595703125
3 0.622265625 0.52197265625 0.01484375 0.0341796875
3 0.71171875 0.517578125 0.0171875 0.033203125
3 0.78828125 0.544921875 0.025 0.05078125
3 0.884765625 0.52587890625 0.01640625 0.0380859375
3 0.908984375 0.57275390625 0.03359375 0.0654296875
2 0.8203125 0.55859375 0.01875 0.03125
2 0.73125 0.6240234375 0.034375 0.0546875
2 0.504296875 0.54833984375 0.01484375 0.0283203125
