3 0.62120271 0.58140498 0.04959702 0.11652893
3 0.36081836 0.49876034 0.03595784 0.07355372
3 0.52293861 0.47603306 0.02913825 0.06280991
1 0.51301920 0.52066118 0.02541848 0.05123967
1 0.52262866 0.56942147 0.02975821 0.06280991
1 0.32672039 0.52727270 0.03223807 0.04958678
0 0.44389337 0.49752066 0.02479851 0.03966942
0 0.44668320 0.54752064 0.03037818 0.05371901
0 0.57625544 0.50413221 0.02293862 0.04132231
2 0.33199009 0.59380168 0.04401736 0.06528926
2 0.27557346 0.55454546 0.04153751 0.05785124
2 0.54060757 0.53429753 0.02851829 0.04876033
