0 0.79417235 0.51487601 0.04215747 0.07933884
0 0.60663360 0.57685953 0.05517669 0.09586777
0 0.37104774 0.46115702 0.02665840 0.06446281
1 0.42808431 0.50371903 0.03409795 0.06859504
1 0.51704895 0.42024794 0.02355859 0.05371901
1 0.23093614 0.49752066 0.04029758 0.06776860
2 0.23868568 0.43636364 0.03347799 0.05619835
2 0.49349040 0.46239668 0.03843769 0.07190083
2 0.65220088 0.43966943 0.02479851 0.04958678
3 0.55052698 0.48636365 0.04711717 0.11983471
3 0.88189709 0.45785123 0.05889647 0.11735537
