3 0.25635463 0.53429753 0.01921885 0.04380165
3 0.58493489 0.54586774 0.02045877 0.04380165
3 0.50836951 0.51942146 0.01487911 0.03388430
2 0.53068817 0.54008263 0.01239926 0.02231405
2 0.65220088 0.57107437 0.01487911 0.03140496
2 0.63081217 0.54958677 0.01177929 0.02479339
1 0.41785493 0.54917353 0.01363918 0.02561983
1 0.36019838 0.53471076 0.00991940 0.02148760
1 0.61779290 0.53801656 0.01053937 0.02148760
0 0.31184128 0.55454546 0.01239926 0.02809917
0 0.48791072 0.56942147 0.01983881 0.03471074
0 0.44668320 0.53636366 0.01177929 0.02314050
