3 0.60849351 0.56776857 0.03905766 0.09090909
3 0.44482332 0.48223141 0.01797892 0.04545455
3 0.50681961 0.48677686 0.01301922 0.04297521
2 0.52479851 0.56198347 0.02665840 0.04958678
2 0.41010541 0.57107437 0.03161810 0.05289256
2 0.43180409 0.50867766 0.01549907 0.03223141
1 0.52293861 0.63677686 0.04277743 0.07190083
1 0.36949784 0.60867769 0.04339740 0.06033058
1 0.51797891 0.51694214 0.01797892 0.03553719
0 0.41041538 0.52644628 0.02107874 0.03801653
0 0.46435213 0.54256201 0.02231866 0.04380165
0 0.57129574 0.53595042 0.02789833 0.04049587
