0 0.46528208 0.49876034 0.02665840 0.05702479
0 0.61810291 0.48429751 0.02355859 0.04462810
0 0.79014260 0.50371903 0.03161810 0.05371901
1 0.42746437 0.44834712 0.01673900 0.03553719
1 0.41227525 0.47024792 0.02603844 0.04628099
1 0.28456292 0.49173555 0.03595784 0.05454545
2 0.25356477 0.45950413 0.02479851 0.04462810
2 0.37135771 0.45537189 0.02107874 0.04297521
2 0.49039057 0.46487603 0.02355859 0.04380165
3 0.66955984 0.51652890 0.04215747 0.10743801
3 0.59950405 0.45289257 0.02603844 0.06280991
3 0.34593925 0.53471076 0.05579665 0.11735537
