2 0.76627403 0.41322315 0.01983881 0.04793388
2 0.34221947 0.39256197 0.02479851 0.06115703
2 0.15871048 0.44917354 0.04215747 0.08181818
3 0.55827647 0.39504132 0.04153751 0.09421488
3 0.47799131 0.32975206 0.01859888 0.06446281
3 0.71512711 0.34876034 0.02913825 0.05950413
0 0.40173590 0.58016527 0.06199628 0.13057852
0 0.41785493 0.43842974 0.03347799 0.07190083
0 0.62988222 0.37727273 0.02727836 0.04545455
1 0.53812772 0.35454544 0.01735896 0.03801653
1 0.50712955 0.37933883 0.02355859 0.06611570
1 0.69032860 0.46404958 0.04029758 0.08016529
