0 0.35461873 0.39380166 0.01735896 0.03223141
0 0.17358959 0.40082645 0.02231866 0.04132231
0 0.92002481 0.48140496 0.03843769 0.06198347
1 0.28270304 0.72975206 0.08183509 0.16363636
1 0.88840669 0.57892561 0.06075636 0.09008265
1 0.81649101 0.39504132 0.01859888 0.03305785
2 0.51797891 0.38677686 0.01301922 0.02809917
2 0.65499067 0.38057852 0.01425914 0.02727273
2 0.89026660 0.43057850 0.02479851 0.04462810
3 0.45226288 0.40413222 0.03409795 0.07272727
3 0.61934286 0.43429753 0.03843769 0.08842975
3 0.75201488 0.37396693 0.02231866 0.04876033
