3 0.22845629 0.31587651 0.04401736 0.13340683
3 0.26875389 0.45369351 0.07997520 0.21058434
3 0.45536268 0.32855567 0.04649721 0.13230430
0 0.32951024 0.41841236 0.04525729 0.10474090
0 0.49535027 0.33517089 0.03595784 0.07497244
0 0.61500311 0.35281146 0.03347799 0.08158765
1 0.20210788 0.39195150 0.04587725 0.10033076
1 0.50495970 0.43164277 0.05021699 0.12017640
1 0.56137633 0.36879823 0.03657781 0.08930540
2 0.58245504 0.40793827 0.04525729 0.10584344
2 0.39708617 0.32910696 0.03285803 0.07386990
2 0.32300061 0.35226020 0.03595784 0.08048511
