2 0.26410416 0.36990076 0.01115933 0.02756339
2 0.33570987 0.37100330 0.00929944 0.03858875
2 0.48078117 0.38478500 0.01177929 0.03307607
2 0.95071298 0.99558985 0.03905766 0.09261301
3 0.46714199 0.36108050 0.01549907 0.05181918
3 0.47210169 0.38313121 0.02045877 0.06945976
0 0.41351518 0.37596473 0.01115933 0.02866593
1 0.41971481 0.36108050 0.00991940 0.03858875
1 0.34190950 0.38423374 0.01921885 0.04079382
1 0.26906386 0.38368246 0.01487911 0.04189636
0 0.33075017 0.40297684 0.01673900 0.04740904
0 0.33044016 0.36052921 0.01363918 0.03969129
3 0.40607563 0.38313121 0.02231866 0.06725468
