2 0.18660881 0.57607496 0.05207688 0.17971334
2 0.51239926 0.35170892 0.03781773 0.08820286
2 0.70830750 0.35281146 0.02789833 0.08599780
0 0.51456910 0.55788314 0.06695598 0.18302095
0 0.47892126 0.31532526 0.03533788 0.09702315
0 0.15313081 0.37431091 0.03843769 0.09812569
1 0.08245505 0.44928336 0.06943583 0.11797133
1 0.26658401 0.32414553 0.03843769 0.08379272
1 0.50805950 0.41289967 0.04277743 0.10915105
3 0.85647863 0.35667035 0.05269684 0.20396914
3 0.62554246 0.28500551 0.03967762 0.14002205
3 0.44792312 0.27618521 0.03781773 0.10033076
