2 0.38220707 0.50385886 0.03161810 0.07276736
2 0.44234347 0.41234839 0.01425914 0.03748622
2 0.60167390 0.42943770 0.02293862 0.05622933
3 0.57718539 0.45314223 0.03347799 0.10584344
3 0.67823929 0.43164277 0.03347799 0.09812569
3 0.46249226 0.41786107 0.02479851 0.08379272
0 0.55548668 0.40683573 0.01859888 0.04851158
0 0.34872907 0.42833516 0.01673900 0.04961411
1 0.48202109 0.48952591 0.02541848 0.07717751
1 0.30099195 0.48732084 0.03161810 0.06615215
1 0.24953502 0.47023153 0.02169870 0.05622933
0 0.29541227 0.44652700 0.02045877 0.05071665
