0 0.43769374 0.50606394 0.01363918 0.03307607
0 0.53750777 0.49173099 0.00991940 0.02866593
0 0.51983881 0.49117970 0.00557967 0.02756339
1 0.48295102 0.48897463 0.00743955 0.02535832
1 0.43087414 0.49173099 0.00619963 0.02425579
1 0.35058898 0.49779493 0.00805952 0.02535832
2 0.35926846 0.50882030 0.01053937 0.02976847
2 0.37755734 0.49393606 0.00867948 0.02646086
2 0.52572846 0.49834621 0.01115933 0.03087100
3 0.44916305 0.48897463 0.01301922 0.04740904
3 0.32393056 0.49448732 0.01301922 0.04740904
3 0.29045257 0.49944875 0.01549907 0.05071665
