3 0.43397397 0.48015437 0.05827650 0.19955899
3 0.36174831 0.41014332 0.04029758 0.13671444
3 0.23744576 0.47188532 0.04463732 0.17199560
2 0.57532549 0.55843443 0.06571606 0.14222713
2 0.67234963 0.45203969 0.04153751 0.10143330
2 0.21233726 0.59481806 0.07253565 0.14443219
1 0.51735896 0.45479602 0.04525729 0.09371555
1 0.40700558 0.41179714 0.02665840 0.06945976
1 0.06943583 0.53693497 0.06199628 0.12127894
0 0.14414135 0.47078279 0.03657781 0.09702315
0 0.26162431 0.43439913 0.03843769 0.07938258
0 0.53440791 0.41565600 0.02603844 0.07717751
