3 0.61283320 0.47905183 0.04649721 0.13120176
3 0.34748915 0.48952591 0.05393676 0.14553472
3 0.40979540 0.43880928 0.03719777 0.11466373
2 0.29324239 0.43054023 0.02727836 0.05843440
2 0.26348418 0.45589855 0.03099814 0.06284454
2 0.17947923 0.49117970 0.03285803 0.08930540
1 0.39305642 0.43936053 0.02479851 0.05402426
1 0.50898945 0.44762954 0.02355859 0.05292172
1 0.64290142 0.47078279 0.02479851 0.06174201
0 0.59826410 0.44321939 0.02355859 0.05292172
0 0.48667079 0.43054023 0.01983881 0.04520397
0 0.49907005 0.51047409 0.03843769 0.07938258
