0 0.934375 0.7451171875 0.0578125 0.099609375
0 0.8125 0.62353515625 0.0375 0.0556640625
0 0.64921875 0.58984375 0.0296875 0.04296875
0 0.454296875 0.58984375 0.03046875 0.04296875
0 0.104296875 0.6259765625 0.03984375 0.0546875
1 0.02265625 0.568359375 0.0203125 0.029296875
1 0.104296875 0.546875 0.01640625 0.02734375
1 0.162109375 0.5703125 0.01953125 0.033203125
1 0.2359375 0.537109375 0.0125 0.025390625
1 0.4625 0.55029296875 0.0140625 0.0302734375
1 0.66953125 0.556640625 0.01875 0.03125
1 0.891796875 0.578125 0.02265625 0.037109375
