0 0.037010 0.705801 0.073039 0.245856
0 0.245833 0.563536 0.062255 0.139963
0 0.074265 0.447974 0.025980 0.065378
0 0.427451 0.499079 0.034314 0.093923
0 0.540931 0.471455 0.025980 0.073665
0 0.472549 0.360037 0.023529 0.077348
1 0.511520 0.533149 0.040686 0.117864
1 0.550245 0.503683 0.024020 0.092081
1 0.571569 0.500000 0.020588 0.099448
1 0.625490 0.447514 0.021569 0.060773
1 0.725245 0.609116 0.053431 0.162983
1 0.778431 0.635820 0.054902 0.175875
1 0.414706 0.351289 0.029412 0.076427
1 0.159804 0.485727 0.059804 0.151934
