1 0.392188 0.594907 0.015625 0.041667
1 0.612240 0.587963 0.016146 0.040741
1 0.576562 0.569907 0.009375 0.026852
1 0.646615 0.557407 0.009896 0.024074
1 0.427865 0.576389 0.009896 0.025000
1 0.448437 0.562037 0.007292 0.022222
1 0.281510 0.677315 0.025521 0.080556
1 0.788542 0.565741 0.012500 0.033333
1 0.759115 0.554630 0.010937 0.024074
1 0.230208 0.583796 0.011458 0.028704
1 0.165365 0.572685 0.008854 0.023148
1 0.369792 0.570833 0.008333 0.021296
1 0.075781 0.581019 0.009896 0.028704
1 0.474740 0.558333 0.005729 0.014815
1 0.469271 0.554167 0.004167 0.013889
1 0.571354 0.557407 0.005208 0.018519
1 0.545833 0.555093 0.005208 0.015741
1 0.021615 0.570833 0.007812 0.021296
1 0.037500 0.562963 0.006250 0.016667
1 0.078125 0.558796 0.004167 0.013889
1 0.114062 0.567593 0.006250 0.020370
1 0.134115 0.559722 0.004687 0.013889
