1 0.648669 0.609211 0.017751 0.048684
1 0.583210 0.574671 0.005178 0.026974
1 0.555473 0.563158 0.006657 0.018421
1 0.546967 0.554605 0.005917 0.015789
1 0.553994 0.550658 0.003698 0.011842
1 0.744638 0.548355 0.006287 0.015132
1 0.709320 0.546382 0.004438 0.012500
1 0.677885 0.545066 0.003698 0.009868
1 0.561391 0.546382 0.004438 0.013816
2 0.125740 0.825987 0.088018 0.166447
2 0.354290 0.630592 0.021450 0.053289
2 0.415865 0.581908 0.012204 0.028289
2 0.436021 0.566118 0.008136 0.020395
2 0.448040 0.556579 0.005547 0.015789
