1 0.696746 0.602961 0.025148 0.051974
1 0.546783 0.584539 0.018861 0.038816
1 0.442678 0.579276 0.011095 0.030921
1 0.363351 0.577632 0.009246 0.025000
1 0.302885 0.580263 0.009615 0.022368
1 0.210244 0.589803 0.007766 0.020395
1 0.123891 0.599671 0.008136 0.020395
1 0.112981 0.593092 0.005547 0.011184
1 0.154216 0.581250 0.005178 0.009868
1 0.048077 0.615132 0.008136 0.019737
1 0.061206 0.606579 0.005547 0.013158
1 0.013683 0.619408 0.008136 0.015132
2 0.271635 0.777303 0.051405 0.130921
2 0.202108 0.652303 0.021080 0.053289
2 0.049926 0.642434 0.016272 0.036184
