0 0.709635 0.387500 0.008854 0.023148
0 0.282031 0.597222 0.048438 0.098148
0 0.840625 0.416204 0.018750 0.043519
0 0.629687 0.396759 0.006250 0.019444
0 0.383333 0.487963 0.017708 0.046296
0 0.420312 0.444907 0.009375 0.026852
0 0.437760 0.427778 0.007812 0.018519
0 0.458594 0.412963 0.006771 0.014815
0 0.463281 0.405093 0.003646 0.010185
0 0.578646 0.390741 0.006250 0.012963
0 0.850521 0.377778 0.008333 0.024074
0 0.821615 0.368519 0.008854 0.018519
0 0.722656 0.402315 0.010937 0.030556
0 0.635417 0.395370 0.006250 0.020370
0 0.683594 0.380556 0.006771 0.016667
