1 0.758876 0.608882 0.026627 0.061184
1 0.635355 0.581250 0.015533 0.037500
1 0.571746 0.570395 0.011095 0.031579
1 0.542530 0.559868 0.009615 0.023684
1 0.529586 0.551974 0.006657 0.018421
1 0.445821 0.547368 0.003328 0.014474
1 0.370007 0.558553 0.005547 0.015789
1 0.337463 0.559539 0.005547 0.015132
1 0.310836 0.558224 0.004808 0.015132
1 0.294194 0.557566 0.004068 0.012500
2 0.300481 0.771711 0.034393 0.105263
2 0.344120 0.652961 0.021820 0.062500
2 0.345599 0.609539 0.015163 0.036184
2 0.337463 0.583553 0.009246 0.025000
2 0.356879 0.571053 0.006657 0.018421
2 0.381657 0.563158 0.005917 0.017105
