0 0.274963 0.616118 0.024038 0.053289
0 0.418084 0.560197 0.012204 0.029605
0 0.456546 0.546382 0.009985 0.023026
0 0.701923 0.547039 0.011095 0.030921
0 0.688609 0.536184 0.011834 0.022368
0 0.730399 0.526316 0.009615 0.019737
0 0.494638 0.537171 0.007027 0.017763
0 0.528291 0.528947 0.004808 0.013158
0 0.575629 0.521053 0.003328 0.010526
0 0.621487 0.516118 0.003328 0.009868
0 0.661612 0.511842 0.002959 0.009211
0 0.693417 0.508224 0.002959 0.008553
0 0.724852 0.504605 0.003698 0.007895
0 0.757027 0.501974 0.003698 0.007895
