0 0.281990 0.617105 0.032914 0.061842
0 0.359467 0.576974 0.018491 0.036842
0 0.400333 0.556908 0.016642 0.025658
0 0.659024 0.545066 0.011095 0.024342
0 0.596893 0.537500 0.010355 0.021053
0 0.019416 0.731579 0.038092 0.106579
0 0.397004 0.542763 0.005547 0.015789
0 0.412907 0.536184 0.004808 0.011842
0 0.442862 0.528947 0.004068 0.009211
0 0.563794 0.530921 0.004808 0.013158
0 0.565828 0.523684 0.003698 0.007895
0 0.598558 0.521382 0.004068 0.009868
0 0.592271 0.514803 0.002589 0.007237
0 0.562500 0.515789 0.002959 0.005263
0 0.529586 0.518421 0.002959 0.006579
0 0.458025 0.526974 0.003328 0.010526
0 0.477256 0.525000 0.002589 0.006579
0 0.498151 0.521382 0.002959 0.007237
