1 0.875740 0.657566 0.036982 0.082237
1 0.415311 0.560526 0.008876 0.026316
1 0.295858 0.557237 0.007396 0.022368
1 0.094305 0.552303 0.006657 0.016447
1 0.137574 0.552632 0.007396 0.017105
1 0.217456 0.553947 0.007396 0.019737
2 0.035318 0.732237 0.060281 0.114474
2 0.171967 0.675987 0.042899 0.083553
2 0.332840 0.611842 0.027367 0.030263
2 0.314349 0.608224 0.011095 0.048026
2 0.537352 0.574013 0.017751 0.020395
2 0.551220 0.568750 0.009985 0.028289
2 0.620377 0.567763 0.010725 0.026316
2 0.821930 0.574671 0.011464 0.033553
2 0.074149 0.572697 0.006287 0.026974
