1 0.619638 0.608882 0.020340 0.050658
1 0.549741 0.572368 0.011464 0.028947
1 0.520525 0.564145 0.007027 0.020395
1 0.505362 0.558553 0.005547 0.017105
1 0.561391 0.547368 0.005178 0.014474
1 0.552700 0.543092 0.004808 0.011184
1 0.565459 0.543750 0.003698 0.011184
1 0.524778 0.552632 0.005178 0.015789
1 0.529031 0.541447 0.003328 0.010526
1 0.513129 0.540461 0.003328 0.008553
1 0.496857 0.539474 0.003328 0.009211
2 0.342456 0.629276 0.017012 0.048026
2 0.393306 0.584539 0.009246 0.025658
2 0.403107 0.573026 0.005917 0.019737
2 0.405695 0.562829 0.004438 0.015132
