0 0.071376 0.724013 0.073964 0.119079
0 0.329697 0.581250 0.018121 0.037500
0 0.424926 0.550658 0.011095 0.023684
0 0.454512 0.540789 0.008876 0.019737
0 0.715607 0.558224 0.017012 0.033553
0 0.653107 0.542434 0.009615 0.021711
0 0.693047 0.526316 0.008136 0.018421
0 0.651072 0.533882 0.009246 0.019079
0 0.488536 0.533553 0.003698 0.014474
0 0.518306 0.527303 0.004068 0.011184
0 0.562500 0.521382 0.002959 0.008553
0 0.605769 0.516776 0.002959 0.008553
0 0.644601 0.513158 0.003698 0.007895
0 0.674741 0.510526 0.003328 0.007895
0 0.704697 0.507566 0.003328 0.008553
