1 0.702848 0.584539 0.024038 0.048026
1 0.592641 0.554276 0.010725 0.023026
1 0.550296 0.542763 0.005917 0.015789
1 0.524593 0.536184 0.005547 0.011842
0 0.256657 0.620395 0.025148 0.048684
0 0.349482 0.570066 0.010355 0.025658
0 0.382951 0.551974 0.007766 0.018421
0 0.399963 0.541776 0.005547 0.015132
0 0.409763 0.537829 0.003698 0.009868
0 0.416790 0.534211 0.002219 0.007895
0 0.421598 0.532237 0.002219 0.006579
0 0.425666 0.529276 0.002219 0.005921
0 0.428070 0.527632 0.001849 0.005263
0 0.430288 0.527303 0.001849 0.004605
1 0.512944 0.532566 0.002959 0.009868
1 0.503883 0.529934 0.003328 0.009868
1 0.496672 0.527961 0.002959 0.007237
1 0.490939 0.526974 0.002589 0.006579
1 0.486501 0.525658 0.001849 0.005263
