1 0.308987 0.640461 0.024038 0.057237
1 0.355030 0.609539 0.015533 0.041447
1 0.359467 0.590789 0.014053 0.030263
1 0.278846 0.597039 0.013314 0.037500
1 0.319712 0.571382 0.009246 0.021711
1 0.236132 0.577632 0.007766 0.021053
1 0.715607 0.627632 0.017012 0.050000
1 0.628513 0.591118 0.015902 0.041447
1 0.584320 0.570066 0.006657 0.030921
1 0.038462 0.623684 0.027367 0.040789
1 0.165865 0.608224 0.012944 0.036184
1 0.310651 0.561513 0.006657 0.016447
1 0.396635 0.564803 0.007766 0.020395
1 0.556398 0.556579 0.009985 0.022368
1 0.544009 0.549671 0.007396 0.019079
1 0.534209 0.544408 0.004808 0.016447
1 0.529586 0.542105 0.003698 0.015789
1 0.421783 0.553289 0.004808 0.018421
1 0.434726 0.547368 0.004808 0.014474
1 0.442308 0.541447 0.004438 0.011842
