0 0.312870 0.616776 0.028846 0.057237
0 0.343935 0.568421 0.014793 0.034211
0 0.383136 0.547039 0.009615 0.023026
0 0.674926 0.552961 0.013314 0.030921
0 0.600407 0.537171 0.010725 0.021711
0 0.581176 0.530921 0.009246 0.021053
0 0.429734 0.537171 0.005178 0.015132
0 0.450074 0.531579 0.005178 0.013158
0 0.475037 0.527303 0.004068 0.009868
0 0.499260 0.523355 0.003698 0.008553
0 0.536243 0.518421 0.002959 0.007895
0 0.572855 0.516118 0.002959 0.007237
0 0.606509 0.513487 0.002219 0.007237
0 0.588388 0.527303 0.004438 0.012500
0 0.625555 0.522368 0.004068 0.011842
0 0.633506 0.511842 0.002959 0.007895
