1 0.536243 0.596382 0.019231 0.040132
1 0.453033 0.577632 0.008876 0.027632
1 0.421413 0.566447 0.009985 0.023684
1 0.444712 0.555263 0.006287 0.018421
1 0.470229 0.546382 0.005547 0.016447
1 0.504623 0.539474 0.004068 0.011842
1 0.537722 0.531579 0.002959 0.009211
1 0.562685 0.526974 0.003328 0.009211
1 0.676220 0.615132 0.014423 0.034211
1 0.773484 0.515132 0.006287 0.013158
2 0.241494 0.724671 0.041420 0.098026
2 0.262389 0.648684 0.021080 0.059211
2 0.267936 0.605263 0.015163 0.031579
2 0.277552 0.586842 0.008506 0.023684
2 0.339127 0.566118 0.005917 0.016447
2 0.391272 0.553618 0.005917 0.013816
