0 0.540196 0.545580 0.048039 0.135359
0 0.559069 0.479742 0.028922 0.090239
0 0.851961 0.630755 0.080392 0.189687
0 0.901225 0.513812 0.054412 0.134438
0 0.336275 0.485727 0.036275 0.098527
0 0.266912 0.456262 0.030882 0.078269
0 0.257108 0.300184 0.030882 0.077348
0 0.248529 0.444291 0.011765 0.046961
1 0.213480 0.346685 0.029902 0.076427
1 0.508578 0.477440 0.034804 0.093002
1 0.367892 0.847606 0.128922 0.304788
1 0.141912 0.649632 0.083824 0.216390
1 0.106127 0.537753 0.046569 0.134438
1 0.093382 0.447053 0.024020 0.070902
