0 0.205436 0.588158 0.015902 0.036842
0 0.347078 0.562829 0.013683 0.028289
0 0.392751 0.551316 0.009615 0.021053
0 0.413462 0.542105 0.007396 0.018421
0 0.429734 0.535526 0.005917 0.014474
0 0.704882 0.540789 0.008136 0.021053
0 0.629068 0.535526 0.007396 0.018421
0 0.590791 0.531250 0.007027 0.015132
0 0.453217 0.524013 0.002589 0.007237
0 0.432322 0.526645 0.003698 0.007237
0 0.423632 0.531250 0.004068 0.011184
0 0.464682 0.523026 0.002589 0.006579
0 0.480769 0.520395 0.002959 0.006579
0 0.498336 0.518092 0.002589 0.007237
0 0.525888 0.516447 0.002219 0.006579
0 0.541605 0.522368 0.002589 0.007895
0 0.544009 0.525658 0.003698 0.009211
0 0.550666 0.521382 0.002959 0.008553
0 0.561021 0.528289 0.003698 0.013158
0 0.579327 0.518421 0.004068 0.009211
