0 0.234467 0.677632 0.046598 0.093421
0 0.317493 0.584868 0.020340 0.040789
0 0.373706 0.553618 0.011464 0.025658
0 0.722633 0.560855 0.017751 0.037500
0 0.618343 0.540132 0.013314 0.023684
0 0.427700 0.539803 0.005547 0.016447
0 0.449519 0.533553 0.004068 0.013158
0 0.476146 0.527961 0.004068 0.011184
0 0.502219 0.523355 0.003698 0.009868
0 0.540680 0.519408 0.002959 0.008553
0 0.594675 0.533224 0.005917 0.016447
0 0.600037 0.528618 0.004068 0.013816
0 0.638683 0.523026 0.004438 0.011842
0 0.642197 0.511513 0.003328 0.008553
0 0.613905 0.513158 0.002959 0.006579
0 0.579327 0.516118 0.003328 0.007237
