0 0.223743 0.636842 0.034024 0.065789
0 0.341161 0.574342 0.014423 0.028947
0 0.379808 0.553618 0.009615 0.020395
0 0.398854 0.543750 0.006287 0.015132
1 0.602071 0.559211 0.013314 0.028947
1 0.554364 0.545724 0.005917 0.020395
1 0.527182 0.537171 0.006287 0.015132
1 0.514793 0.533882 0.004438 0.013816
0 0.409578 0.540132 0.004068 0.010526
0 0.416790 0.535526 0.002959 0.007895
0 0.421598 0.532895 0.002219 0.007895
0 0.425851 0.530592 0.002589 0.005921
0 0.428809 0.528289 0.001849 0.005263
0 0.430843 0.527632 0.001479 0.005263
1 0.506102 0.530921 0.003328 0.010526
1 0.498336 0.529276 0.002589 0.007237
1 0.492604 0.526645 0.002219 0.007237
1 0.488166 0.526316 0.001479 0.006579
1 0.484837 0.525329 0.002219 0.005921
