0 0.321930 0.585197 0.017382 0.040132
0 0.422892 0.551316 0.011464 0.025000
0 0.455251 0.540789 0.008876 0.022368
0 0.732249 0.559211 0.017012 0.036842
0 0.661243 0.541447 0.010355 0.025000
0 0.700074 0.524342 0.007396 0.015789
0 0.657175 0.532895 0.009615 0.019737
0 0.489275 0.533553 0.003698 0.014474
0 0.520155 0.526645 0.004068 0.012500
0 0.564904 0.519737 0.003328 0.010526
0 0.608913 0.515132 0.004068 0.010526
0 0.647929 0.511513 0.002959 0.008553
0 0.678254 0.509539 0.002959 0.009868
0 0.708395 0.505921 0.003328 0.007895
