1 0.671598 0.611184 0.014793 0.040789
1 0.572300 0.585855 0.009985 0.037500
1 0.526812 0.571382 0.011464 0.029605
1 0.492049 0.555592 0.007766 0.021711
1 0.447485 0.553947 0.007396 0.019737
1 0.402737 0.556908 0.005917 0.015132
2 0.292345 0.726974 0.041050 0.101316
2 0.328217 0.634868 0.021080 0.053947
2 0.342825 0.599013 0.010355 0.033553
2 0.348188 0.582566 0.008506 0.024342
2 0.330436 0.578618 0.007766 0.023026
2 0.299741 0.577303 0.007027 0.020395
2 0.252589 0.579276 0.006657 0.019079
2 0.210984 0.580263 0.005547 0.018421
