1 0.553070 0.578289 0.012944 0.035526
1 0.506657 0.571382 0.010355 0.026974
1 0.340791 0.584539 0.010725 0.028289
1 0.335244 0.564803 0.007027 0.017763
1 0.398854 0.559539 0.006287 0.016447
1 0.423632 0.554934 0.006287 0.017763
1 0.466716 0.549013 0.005178 0.015132
1 0.495932 0.543750 0.005178 0.015132
1 0.505547 0.540789 0.004438 0.011842
2 0.291605 0.642105 0.025518 0.055263
2 0.351516 0.600000 0.014423 0.036842
2 0.462278 0.567105 0.005917 0.022368
1 0.469305 0.570066 0.013314 0.016447
2 0.525148 0.558553 0.007396 0.021053
2 0.562130 0.552961 0.005917 0.017763
2 0.585244 0.546053 0.003328 0.015789
