0 0.371875 0.3506944444444445 0.035937500000000004 0.08750000000000001
0 0.8445312500000001 0.42847222222222225 0.037500000000000006 0.10416666666666667
0 0.7117187500000001 0.32222222222222224 0.029687500000000002 0.06944444444444445
0 0.45078125 0.2888888888888889 0.029687500000000002 0.05555555555555556
0 0.5796875 0.2590277777777778 0.0234375 0.04861111111111111
0 0.6609375000000001 0.25416666666666665 0.0171875 0.036111111111111115
0 0.794140625 0.3 0.025781250000000002 0.04722222222222222
0 0.7609375 0.2625 0.018750000000000003 0.03333333333333333
0 0.89609375 0.30347222222222225 0.0171875 0.04583333333333334
0 0.9484375 0.29444444444444445 0.010937500000000001 0.036111111111111115
0 0.823828125 0.25833333333333336 0.01015625 0.02777777777777778
0 0.923828125 0.26875 0.01171875 0.02361111111111111
0 0.9066406250000001 0.2625 0.00703125 0.019444444444444445
0 0.8972656250000001 0.25972222222222224 0.0054687500000000005 0.016666666666666666
0 0.8871093750000001 0.24861111111111112 0.0054687500000000005 0.019444444444444445
