0 0.349609375 0.39513888888888893 0.03828125 0.0763888888888889
0 0.78125 0.3909722222222222 0.037500000000000006 0.08194444444444444
0 0.43867187500000004 0.30347222222222225 0.02421875 0.051388888888888894
0 0.6820312500000001 0.31180555555555556 0.0203125 0.043055555555555555
0 0.55078125 0.2590277777777778 0.0125 0.043055555555555555
0 0.6390625000000001 0.25069444444444444 0.015625 0.034722222222222224
0 0.700390625 0.275 0.02109375 0.03888888888888889
0 0.7445312500000001 0.2673611111111111 0.015625 0.03194444444444445
0 0.7507812500000001 0.2534722222222222 0.0140625 0.034722222222222224
0 0.8210937500000001 0.27083333333333337 0.0171875 0.04166666666666667
0 0.8640625000000001 0.26666666666666666 0.0140625 0.03888888888888889
0 0.9027343750000001 0.28125 0.01953125 0.04027777777777778
