0 0.23125 0.37222222222222223 0.026562500000000003 0.06944444444444445
0 0.68671875 0.44236111111111115 0.034375 0.08750000000000001
0 0.6878906250000001 0.33611111111111114 0.01953125 0.04722222222222222
0 0.721875 0.29375 0.010937500000000001 0.029166666666666667
0 0.44296875 0.2881944444444445 0.0171875 0.043055555555555555
0 0.568359375 0.2625 0.01015625 0.030555555555555558
0 0.608984375 0.25069444444444444 0.013281250000000001 0.02638888888888889
0 0.736328125 0.2763888888888889 0.01015625 0.02777777777777778
0 0.6984375 0.2569444444444445 0.0078125 0.019444444444444445
0 0.6488281250000001 0.2465277777777778 0.0054687500000000005 0.015277777777777779
0 0.825390625 0.2673611111111111 0.00703125 0.018055555555555557
0 0.788671875 0.26180555555555557 0.0054687500000000005 0.015277777777777779
