0 0.287890625 0.4916666666666667 0.06171875 0.13611111111111113
0 0.389453125 0.31875000000000003 0.02890625 0.059722222222222225
0 0.7230468750000001 0.36458333333333337 0.02734375 0.059722222222222225
0 0.633984375 0.3055555555555556 0.02109375 0.04722222222222222
0 0.58828125 0.27569444444444446 0.0125 0.0375
0 0.563671875 0.2611111111111111 0.013281250000000001 0.030555555555555558
0 0.425390625 0.2763888888888889 0.02109375 0.04166666666666667
0 0.444921875 0.2611111111111111 0.01640625 0.03333333333333333
0 0.5484375 0.25069444444444444 0.009375000000000001 0.034722222222222224
0 0.44960937500000003 0.2520833333333333 0.01015625 0.03194444444444445
0 0.539453125 0.24305555555555555 0.01171875 0.030555555555555558
