0 0.330078125 0.4486111111111111 0.05078125 0.11666666666666667
0 0.9593750000000001 0.5326388888888889 0.043750000000000004 0.10416666666666667
0 0.728515625 0.3513888888888889 0.02890625 0.0638888888888889
0 0.6488281250000001 0.3013888888888889 0.01953125 0.036111111111111115
0 0.41718750000000004 0.31527777777777777 0.029687500000000002 0.058333333333333334
0 0.45078125 0.2763888888888889 0.021875000000000002 0.044444444444444446
0 0.606640625 0.2763888888888889 0.014843750000000001 0.03333333333333333
0 0.46992187500000004 0.25833333333333336 0.017968750000000002 0.02777777777777778
0 0.585546875 0.2576388888888889 0.013281250000000001 0.034722222222222224
0 0.5730468750000001 0.2520833333333333 0.013281250000000001 0.03194444444444445
0 0.478125 0.24861111111111112 0.0140625 0.03333333333333333
0 0.5613281250000001 0.24097222222222223 0.01015625 0.02638888888888889
