0 0.164453125 0.5666666666666667 0.05234375 0.13333333333333333
0 0.244921875 0.3652777777777778 0.02734375 0.0638888888888889
0 0.20468750000000002 0.32569444444444445 0.018750000000000003 0.04861111111111111
0 0.2484375 0.27083333333333337 0.010937500000000001 0.02777777777777778
0 0.3828125 0.2715277777777778 0.0140625 0.03194444444444445
0 0.5640625 0.3055555555555556 0.021875000000000002 0.05
0 0.751953125 0.42291666666666666 0.03828125 0.09583333333333334
0 0.08750000000000001 0.3215277777777778 0.015625 0.034722222222222224
0 0.136328125 0.28055555555555556 0.01015625 0.022222222222222223
0 0.8601562500000001 0.2888888888888889 0.010937500000000001 0.03333333333333333
0 0.798828125 0.26180555555555557 0.00859375 0.02361111111111111
0 0.7855468750000001 0.24930555555555556 0.00859375 0.02361111111111111
0 0.981640625 0.30069444444444443 0.01015625 0.03194444444444445
0 0.925 0.27708333333333335 0.009375000000000001 0.02361111111111111
0 0.9027343750000001 0.26458333333333334 0.00859375 0.020833333333333336
0 0.87109375 0.25277777777777777 0.00625 0.019444444444444445
0 0.051171875000000006 0.2951388888888889 0.00703125 0.020833333333333336
