0 0.8347656250000001 0.6333333333333333 0.07890625000000001 0.19166666666666668
0 0.706640625 0.3527777777777778 0.02421875 0.06666666666666667
0 0.724609375 0.29444444444444445 0.01171875 0.03888888888888889
0 0.42890625000000004 0.28750000000000003 0.015625 0.05
0 0.54453125 0.2638888888888889 0.0125 0.03333333333333333
0 0.6175781250000001 0.25 0.01015625 0.025
0 0.7421875 0.26458333333333334 0.0078125 0.02361111111111111
0 0.67109375 0.24583333333333335 0.00625 0.016666666666666666
0 0.6042968750000001 0.23055555555555557 0.00703125 0.016666666666666666
0 0.582421875 0.23541666666666666 0.00859375 0.020833333333333336
0 0.5378906250000001 0.22013888888888888 0.00703125 0.015277777777777779
0 0.47773437500000004 0.22013888888888888 0.00703125 0.015277777777777779
0 0.4078125 0.21458333333333335 0.00625 0.015277777777777779
0 0.38984375000000004 0.21180555555555555 0.00625 0.018055555555555557
0 0.40156250000000004 0.20833333333333334 0.004687500000000001 0.016666666666666666
0 0.46015625000000004 0.21180555555555555 0.004687500000000001 0.015277777777777779
0 0.47265625 0.2076388888888889 0.003125 0.0125
0 0.42617187500000003 0.20486111111111113 0.0054687500000000005 0.0125
0 0.508203125 0.20694444444444446 0.00390625 0.01388888888888889
0 0.5105468750000001 0.20277777777777778 0.00390625 0.011111111111111112
0 0.5183593750000001 0.20555555555555557 0.00390625 0.011111111111111112
0 0.45429687500000004 0.2013888888888889 0.00390625 0.011111111111111112
0 0.45859375 0.20416666666666666 0.003125 0.01388888888888889
