0 0.24726562500000002 0.4902777777777778 0.041406250000000006 0.1
0 0.209765625 0.3840277777777778 0.01953125 0.05416666666666667
0 0.23945312500000002 0.32083333333333336 0.01015625 0.025
0 0.39101562500000003 0.3159722222222222 0.01171875 0.034722222222222224
0 0.525390625 0.32916666666666666 0.01953125 0.044444444444444446
0 0.80859375 0.4375 0.0328125 0.08055555555555556
0 0.08671875000000001 0.3729166666666667 0.015625 0.034722222222222224
0 0.010546875 0.37777777777777777 0.01015625 0.02777777777777778
0 0.004687500000000001 0.3625 0.0078125 0.025
0 0.032421875 0.3402777777777778 0.01015625 0.022222222222222223
0 0.065625 0.32222222222222224 0.00625 0.019444444444444445
0 0.16132812500000002 0.32083333333333336 0.00859375 0.022222222222222223
0 0.16757812500000002 0.3055555555555556 0.00859375 0.019444444444444445
0 0.13359375 0.29583333333333334 0.00625 0.01388888888888889
0 0.40937500000000004 0.26805555555555555 0.0078125 0.02777777777777778
