0 0.18203125 0.3611111111111111 0.018750000000000003 0.05
0 0.34492187500000004 0.29305555555555557 0.01171875 0.03333333333333333
0 0.427734375 0.26666666666666666 0.01015625 0.025
0 0.48203125 0.2513888888888889 0.00625 0.019444444444444445
2 0.591796875 0.29444444444444445 0.014843750000000001 0.036111111111111115
0 0.9703125 0.42430555555555555 0.026562500000000003 0.0763888888888889
0 0.827734375 0.3138888888888889 0.013281250000000001 0.03888888888888889
0 0.7781250000000001 0.27569444444444446 0.010937500000000001 0.02638888888888889
0 0.753125 0.25625000000000003 0.010937500000000001 0.02361111111111111
2 0.62421875 0.2513888888888889 0.0078125 0.022222222222222223
2 0.63828125 0.23611111111111113 0.00625 0.01388888888888889
0 0.022656250000000003 0.32916666666666666 0.0078125 0.019444444444444445
0 0.51796875 0.23819444444444446 0.00625 0.015277777777777779
