0 0.27773437500000003 0.36458333333333337 0.02890625 0.07361111111111111
0 0.38789062500000004 0.2715277777777778 0.01640625 0.04027777777777778
0 0.38046875 0.23958333333333334 0.010937500000000001 0.029166666666666667
0 0.34609375000000003 0.2263888888888889 0.010937500000000001 0.02777777777777778
0 0.27187500000000003 0.22430555555555556 0.0078125 0.02361111111111111
0 0.24335937500000002 0.2125 0.00703125 0.016666666666666666
0 0.35781250000000003 0.20833333333333334 0.00625 0.019444444444444445
0 0.45234375000000004 0.2125 0.0078125 0.022222222222222223
0 0.529296875 0.23611111111111113 0.00859375 0.025
0 0.586328125 0.26875 0.014843750000000001 0.0375
0 0.648046875 0.35208333333333336 0.03359375 0.0625
0 0.7820312500000001 0.5 0.05 0.11666666666666667
0 0.915234375 0.34652777777777777 0.00859375 0.034722222222222224
0 0.9234375 0.3458333333333333 0.009375000000000001 0.03333333333333333
0 0.20078125000000002 0.22986111111111113 0.0078125 0.020833333333333336
0 0.10390625 0.24305555555555555 0.0078125 0.022222222222222223
0 0.118359375 0.22986111111111113 0.00703125 0.018055555555555557
