0 0.334765625 0.3680555555555556 0.02890625 0.075
0 0.798046875 0.49097222222222225 0.03671875 0.10972222222222222
0 0.8250000000000001 0.3979166666666667 0.018750000000000003 0.06805555555555556
0 0.56640625 0.3027777777777778 0.0171875 0.044444444444444446
0 0.9187500000000001 0.36597222222222225 0.015625 0.04027777777777778
0 0.90625 0.33819444444444446 0.0125 0.03194444444444445
0 0.704296875 0.2916666666666667 0.01015625 0.030555555555555558
0 0.72265625 0.28125 0.009375000000000001 0.029166666666666667
0 0.7328125000000001 0.26458333333333334 0.00625 0.020833333333333336
0 0.841015625 0.29930555555555555 0.00703125 0.020833333333333336
0 0.683203125 0.26805555555555555 0.00859375 0.025
0 0.6214843750000001 0.2520833333333333 0.00859375 0.02638888888888889
0 0.6433593750000001 0.24375000000000002 0.0054687500000000005 0.018055555555555557
0 0.53125 0.23402777777777778 0.0078125 0.020833333333333336
0 0.566796875 0.22916666666666669 0.0054687500000000005 0.016666666666666666
0 0.48164062500000004 0.21805555555555556 0.0054687500000000005 0.016666666666666666
0 0.45742187500000003 0.22291666666666668 0.00703125 0.020833333333333336
