0 0.7972656250000001 0.5402777777777777 0.05078125 0.1277777777777778
0 0.721875 0.3541666666666667 0.025 0.058333333333333334
0 0.72421875 0.2902777777777778 0.0125 0.03333333333333333
0 0.61875 0.2569444444444445 0.010937500000000001 0.025
0 0.525390625 0.26805555555555555 0.013281250000000001 0.030555555555555558
0 0.491796875 0.25277777777777777 0.01015625 0.02777777777777778
0 0.52109375 0.23750000000000002 0.010937500000000001 0.022222222222222223
0 0.45351562500000003 0.29583333333333334 0.017968750000000002 0.044444444444444446
0 0.276953125 0.3576388888888889 0.03359375 0.06527777777777778
0 0.374609375 0.23541666666666666 0.00703125 0.020833333333333336
0 0.4375 0.24375000000000002 0.009375000000000001 0.02361111111111111
0 0.45234375000000004 0.22708333333333333 0.0078125 0.018055555555555557
0 0.314453125 0.23194444444444445 0.00859375 0.019444444444444445
0 0.345703125 0.22361111111111112 0.00703125 0.016666666666666666
0 0.21054687500000002 0.23541666666666666 0.00859375 0.020833333333333336
0 0.15156250000000002 0.23402777777777778 0.00625 0.018055555555555557
0 0.25 0.225 0.00625 0.016666666666666666
0 0.10117187500000001 0.25069444444444444 0.00703125 0.018055555555555557
0 0.06328125 0.2465277777777778 0.00625 0.015277777777777779
0 0.898046875 0.2951388888888889 0.00703125 0.020833333333333336
0 0.91796875 0.2916666666666667 0.00625 0.016666666666666666
0 0.8015625000000001 0.2652777777777778 0.00625 0.016666666666666666
0 0.765234375 0.26666666666666666 0.00703125 0.019444444444444445
0 0.735546875 0.25277777777777777 0.0054687500000000005 0.016666666666666666
0 0.698828125 0.24930555555555556 0.0054687500000000005 0.018055555555555557
0 0.633984375 0.23750000000000002 0.0054687500000000005 0.016666666666666666
