0 0.361328125 0.42430555555555555 0.04453125 0.1125
0 0.4609375 0.2826388888888889 0.025 0.06527777777777778
0 0.49609375 0.23611111111111113 0.0203125 0.05
0 0.58125 0.2138888888888889 0.015625 0.044444444444444446
0 0.694921875 0.2076388888888889 0.014843750000000001 0.0375
0 0.8347656250000001 0.22847222222222224 0.01015625 0.03194444444444445
0 0.9750000000000001 0.2652777777777778 0.0125 0.036111111111111115
0 0.82578125 0.28541666666666665 0.018750000000000003 0.05416666666666667
0 0.8441406250000001 0.27361111111111114 0.01953125 0.05
0 0.92109375 0.2972222222222222 0.021875000000000002 0.05
0 0.909375 0.3763888888888889 0.034375 0.08055555555555556
