0 0.09453125000000001 0.6868055555555556 0.084375 0.19583333333333333
0 0.471484375 0.43819444444444444 0.03515625 0.09861111111111112
0 0.6171875 0.3479166666666667 0.026562500000000003 0.05694444444444444
0 0.5734375 0.2965277777777778 0.0171875 0.0375
0 0.555859375 0.26944444444444443 0.013281250000000001 0.03333333333333333
0 0.571875 0.2548611111111111 0.0078125 0.02361111111111111
0 0.86328125 0.36875 0.0203125 0.05416666666666667
0 0.7660156250000001 0.3180555555555556 0.01640625 0.036111111111111115
0 0.7171875000000001 0.29375 0.0140625 0.029166666666666667
0 0.6980468750000001 0.27222222222222225 0.01015625 0.025
0 0.716015625 0.2604166666666667 0.00703125 0.020833333333333336
0 0.971875 0.44375000000000003 0.026562500000000003 0.06527777777777778
