0 0.224609375 0.40902777777777777 0.041406250000000006 0.08472222222222223
0 0.68359375 0.3770833333333333 0.037500000000000006 0.08750000000000001
0 0.6628906250000001 0.3111111111111111 0.017968750000000002 0.05
0 0.6878906250000001 0.2729166666666667 0.01015625 0.03194444444444445
0 0.390234375 0.2916666666666667 0.01640625 0.04722222222222222
0 0.540234375 0.24583333333333335 0.01015625 0.025
0 0.6171875 0.23958333333333334 0.0078125 0.02361111111111111
0 0.735546875 0.2590277777777778 0.00859375 0.02361111111111111
0 0.677734375 0.23472222222222222 0.0054687500000000005 0.019444444444444445
0 0.790234375 0.2604166666666667 0.00703125 0.018055555555555557
0 0.77734375 0.2513888888888889 0.004687500000000001 0.01388888888888889
0 0.657421875 0.22777777777777777 0.0054687500000000005 0.016666666666666666
0 0.6265625 0.21597222222222223 0.004687500000000001 0.015277777777777779
0 0.576171875 0.21597222222222223 0.00390625 0.015277777777777779
0 0.5769531250000001 0.20902777777777778 0.00390625 0.0125
0 0.603515625 0.20416666666666666 0.00390625 0.011111111111111112
0 0.612890625 0.20416666666666666 0.00390625 0.011111111111111112
0 0.60703125 0.2013888888888889 0.003125 0.011111111111111112
0 0.51953125 0.2076388888888889 0.004687500000000001 0.015277777777777779
0 0.51171875 0.20208333333333334 0.004687500000000001 0.0125
0 0.50234375 0.20555555555555557 0.003125 0.01388888888888889
0 0.5320312500000001 0.2 0.003125 0.011111111111111112
0 0.57265625 0.20486111111111113 0.003125 0.0125
