0 0.15937500000000002 0.46944444444444444 0.037500000000000006 0.09444444444444444
0 0.18828125 0.3666666666666667 0.018750000000000003 0.05555555555555556
0 0.268359375 0.3041666666666667 0.014843750000000001 0.03333333333333333
0 0.36054687500000004 0.26319444444444445 0.01015625 0.029166666666666667
0 0.427734375 0.24375000000000002 0.00859375 0.020833333333333336
0 0.38789062500000004 0.22986111111111113 0.0054687500000000005 0.0125
0 0.42812500000000003 0.22916666666666669 0.00625 0.016666666666666666
0 0.51328125 0.28541666666666665 0.015625 0.04027777777777778
0 0.55390625 0.2520833333333333 0.0140625 0.034722222222222224
0 0.5417968750000001 0.21875 0.0054687500000000005 0.018055555555555557
0 0.5789062500000001 0.22916666666666669 0.0078125 0.025
0 0.625 0.34652777777777777 0.0234375 0.0625
0 0.9539062500000001 0.28750000000000003 0.0125 0.04166666666666667
0 0.96875 0.29444444444444445 0.0125 0.03333333333333333
