0 0.3875 0.34652777777777777 0.025 0.07361111111111111
0 0.405859375 0.25416666666666665 0.013281250000000001 0.030555555555555558
0 0.7234375000000001 0.27569444444444446 0.021875000000000002 0.05694444444444444
0 0.60078125 0.21875 0.010937500000000001 0.03194444444444445
0 0.56953125 0.19791666666666669 0.00625 0.020833333333333336
0 0.56484375 0.19097222222222224 0.00625 0.018055555555555557
0 0.610546875 0.1736111111111111 0.00703125 0.019444444444444445
0 0.69453125 0.16875 0.00625 0.018055555555555557
0 0.701171875 0.16319444444444445 0.00390625 0.018055555555555557
0 0.7683593750000001 0.1701388888888889 0.0054687500000000005 0.015277777777777779
0 0.8597656250000001 0.1798611111111111 0.0054687500000000005 0.018055555555555557
0 0.844921875 0.17083333333333334 0.0054687500000000005 0.016666666666666666
