2 0.07773437500000001 0.8847222222222223 0.07265625 0.18333333333333335
2 0.35273437500000004 0.4590277777777778 0.02421875 0.06805555555555556
0 0.21406250000000002 0.46805555555555556 0.0234375 0.058333333333333334
0 0.31484375000000003 0.46111111111111114 0.026562500000000003 0.06666666666666667
2 0.421875 0.3701388888888889 0.015625 0.04583333333333334
2 0.444921875 0.33958333333333335 0.013281250000000001 0.03194444444444445
0 0.59140625 0.34097222222222223 0.0140625 0.03194444444444445
0 0.580078125 0.32708333333333334 0.01015625 0.02361111111111111
1 0.640625 0.33958333333333335 0.009375000000000001 0.02638888888888889
1 0.665625 0.3368055555555556 0.0078125 0.02638888888888889
1 0.6890625 0.3423611111111111 0.0078125 0.02361111111111111
1 0.7113281250000001 0.34305555555555556 0.00703125 0.025
1 0.736328125 0.3458333333333333 0.00859375 0.022222222222222223
1 0.7546875000000001 0.3458333333333333 0.009375000000000001 0.02777777777777778
1 0.7777343750000001 0.35000000000000003 0.01015625 0.02777777777777778
1 0.796875 0.3548611111111111 0.009375000000000001 0.02638888888888889
1 0.84296875 0.36319444444444443 0.0078125 0.02638888888888889
0 0.71015625 0.30694444444444446 0.0078125 0.019444444444444445
0 0.7296875 0.3138888888888889 0.009375000000000001 0.022222222222222223
0 0.749609375 0.3236111111111111 0.01015625 0.022222222222222223
0 0.769140625 0.3298611111111111 0.00859375 0.02361111111111111
0 0.8523437500000001 0.36597222222222225 0.010937500000000001 0.029166666666666667
0 0.899609375 0.6840277777777778 0.057031250000000006 0.12916666666666668
0 0.833984375 0.5423611111111112 0.03828125 0.08472222222222223
0 0.810546875 0.47847222222222224 0.02734375 0.06805555555555556
0 0.8460937500000001 0.4465277777777778 0.0234375 0.0625
0 0.8910156250000001 0.44930555555555557 0.01953125 0.05416666666666667
0 0.953125 0.4569444444444445 0.021875000000000002 0.05
1 0.818359375 0.3597222222222222 0.00859375 0.025
2 0.91171875 0.35833333333333334 0.0078125 0.025
2 0.9519531250000001 0.3763888888888889 0.00703125 0.022222222222222223
