0 0.17421875 0.4 0.025 0.0638888888888889
0 0.266796875 0.3125 0.017968750000000002 0.03888888888888889
0 0.31171875000000004 0.28194444444444444 0.0171875 0.036111111111111115
0 0.381640625 0.2534722222222222 0.01171875 0.02638888888888889
0 0.455078125 0.23472222222222222 0.00859375 0.019444444444444445
0 0.494140625 0.2263888888888889 0.00859375 0.016666666666666666
0 0.52578125 0.21805555555555556 0.0078125 0.01388888888888889
0 0.552734375 0.21319444444444446 0.0054687500000000005 0.0125
0 0.5640625 0.225 0.0078125 0.016666666666666666
0 0.5378906250000001 0.23541666666666666 0.01015625 0.018055555555555557
0 0.498046875 0.24791666666666667 0.01015625 0.02638888888888889
0 0.484375 0.2652777777777778 0.010937500000000001 0.030555555555555558
0 0.50546875 0.2847222222222222 0.0171875 0.04166666666666667
0 0.5769531250000001 0.3527777777777778 0.032031250000000004 0.06944444444444445
0 0.97578125 0.275 0.0078125 0.019444444444444445
0 0.8910156250000001 0.25069444444444444 0.00703125 0.018055555555555557
0 0.8734375000000001 0.2423611111111111 0.00625 0.018055555555555557
