0 0.37265625 0.36597222222222225 0.034375 0.07361111111111111
0 0.448828125 0.2777777777777778 0.01640625 0.03888888888888889
0 0.48203125 0.24930555555555556 0.0078125 0.020833333333333336
0 0.4921875 0.23680555555555557 0.00625 0.015277777777777779
0 0.5015625 0.22986111111111113 0.00625 0.018055555555555557
0 0.529296875 0.22986111111111113 0.00703125 0.015277777777777779
0 0.7390625000000001 0.4104166666666667 0.0328125 0.07361111111111111
0 0.634765625 0.2965277777777778 0.01640625 0.0375
0 0.599609375 0.26458333333333334 0.00859375 0.02361111111111111
0 0.5875 0.25069444444444444 0.0078125 0.018055555555555557
0 0.578125 0.2388888888888889 0.004687500000000001 0.01388888888888889
0 0.6039062500000001 0.23958333333333334 0.004687500000000001 0.0125
0 0.63203125 0.24027777777777778 0.004687500000000001 0.01388888888888889
0 0.9886718750000001 0.3138888888888889 0.00703125 0.016666666666666666
0 0.9050781250000001 0.2902777777777778 0.0054687500000000005 0.01388888888888889
