0 0.1546875 0.83125 0.1203125 0.2847222222222222
0 0.39570312500000004 0.3701388888888889 0.02421875 0.06805555555555556
0 0.7828125 0.40694444444444444 0.028125 0.07222222222222223
0 0.67734375 0.3215277777777778 0.018750000000000003 0.043055555555555555
0 0.63984375 0.2881944444444445 0.009375000000000001 0.03194444444444445
0 0.6175781250000001 0.26875 0.00859375 0.02361111111111111
0 0.45351562500000003 0.2986111111111111 0.014843750000000001 0.036111111111111115
0 0.47500000000000003 0.26875 0.0125 0.029166666666666667
0 0.49375 0.2548611111111111 0.009375000000000001 0.02361111111111111
0 0.508203125 0.24375000000000002 0.00703125 0.018055555555555557
0 0.544921875 0.23958333333333334 0.0054687500000000005 0.015277777777777779
0 0.6000000000000001 0.24305555555555555 0.00625 0.01388888888888889
0 0.60546875 0.2555555555555556 0.00625 0.019444444444444445
0 0.6589843750000001 0.25416666666666665 0.0054687500000000005 0.01388888888888889
0 0.703125 0.25972222222222224 0.00625 0.016666666666666666
0 0.75 0.26666666666666666 0.00625 0.016666666666666666
0 0.802734375 0.27569444444444446 0.0054687500000000005 0.0125
