1 0.14609375 0.6118055555555556 0.07500000000000001 0.15416666666666667
1 0.9613281250000001 0.5819444444444445 0.04609375 0.11388888888888889
2 0.9222656250000001 0.3944444444444445 0.025781250000000002 0.06944444444444445
2 0.9437500000000001 0.4527777777777778 0.018750000000000003 0.07777777777777778
2 0.899609375 0.42708333333333337 0.022656250000000003 0.06805555555555556
0 0.32109375 0.3979166666666667 0.034375 0.08472222222222223
0 0.436328125 0.31319444444444444 0.017968750000000002 0.043055555555555555
0 0.519140625 0.26875 0.014843750000000001 0.029166666666666667
0 0.559765625 0.25625000000000003 0.01015625 0.020833333333333336
0 0.58125 0.24791666666666667 0.009375000000000001 0.020833333333333336
0 0.594140625 0.2423611111111111 0.00703125 0.018055555555555557
0 0.608984375 0.23750000000000002 0.0054687500000000005 0.01388888888888889
0 0.712109375 0.3965277777777778 0.032031250000000004 0.06805555555555556
0 0.68359375 0.32222222222222224 0.0171875 0.04722222222222222
0 0.671484375 0.28611111111111115 0.01015625 0.030555555555555558
0 0.6742187500000001 0.27083333333333337 0.0078125 0.022222222222222223
0 0.67578125 0.2590277777777778 0.004687500000000001 0.015277777777777779
0 0.6796875 0.2534722222222222 0.003125 0.0125
0 0.6820312500000001 0.24861111111111112 0.003125 0.011111111111111112
0 0.68515625 0.2451388888888889 0.003125 0.0125
0 0.6199218750000001 0.23541666666666666 0.00390625 0.0125
0 0.6316406250000001 0.2326388888888889 0.00390625 0.0125
0 0.6429687500000001 0.22986111111111113 0.004687500000000001 0.0125
0 0.6687500000000001 0.23194444444444445 0.003125 0.011111111111111112
0 0.688671875 0.24097222222222223 0.00390625 0.0125
0 0.6941406250000001 0.23958333333333334 0.00390625 0.009722222222222222
0 0.7046875 0.23750000000000002 0.003125 0.008333333333333333
0 0.7074218750000001 0.24097222222222223 0.0023437500000000003 0.006944444444444445
0 0.734375 0.2451388888888889 0.003125 0.009722222222222222
0 0.74609375 0.2451388888888889 0.003125 0.009722222222222222
0 0.7644531250000001 0.24930555555555556 0.00390625 0.009722222222222222
0 0.7765625 0.24791666666666667 0.004687500000000001 0.009722222222222222
0 0.7992187500000001 0.2555555555555556 0.003125 0.011111111111111112
0 0.8050781250000001 0.25416666666666665 0.0023437500000000003 0.008333333333333333
