2 0.18359375 0.5326388888888889 0.03125 0.07916666666666666
2 0.33203125 0.42638888888888893 0.0203125 0.05277777777777778
2 0.366015625 0.38125000000000003 0.013281250000000001 0.0375
2 0.321875 0.33958333333333335 0.010937500000000001 0.029166666666666667
2 0.26171875 0.34097222222222223 0.010937500000000001 0.02361111111111111
0 0.24375000000000002 0.31875000000000003 0.0078125 0.018055555555555557
0 0.27890625 0.3159722222222222 0.00625 0.015277777777777779
0 0.3125 0.3145833333333333 0.00625 0.018055555555555557
0 0.357421875 0.3125 0.00859375 0.022222222222222223
0 0.40351562500000004 0.3125 0.01015625 0.025
0 0.49531250000000004 0.3159722222222222 0.0125 0.02638888888888889
0 0.585546875 0.3201388888888889 0.01171875 0.029166666666666667
0 0.650390625 0.3340277777777778 0.01171875 0.03194444444444445
0 0.69921875 0.3625 0.0171875 0.03888888888888889
0 0.7140625 0.4138888888888889 0.0234375 0.058333333333333334
0 0.87890625 0.7215277777777778 0.0703125 0.1763888888888889
2 0.357421875 0.3506944444444445 0.00859375 0.03194444444444445
0 0.872265625 0.33263888888888893 0.00703125 0.018055555555555557
0 0.7933593750000001 0.31736111111111115 0.00703125 0.015277777777777779
0 0.74140625 0.3076388888888889 0.00625 0.018055555555555557
0 0.6898437500000001 0.30208333333333337 0.00625 0.018055555555555557
0 0.55703125 0.2902777777777778 0.00625 0.016666666666666666
0 0.9574218750000001 0.36041666666666666 0.00859375 0.02638888888888889
