2 0.41328125000000004 0.41875 0.026562500000000003 0.07361111111111111
2 0.49140625000000004 0.33958333333333335 0.0140625 0.04861111111111111
2 0.508984375 0.3111111111111111 0.01015625 0.036111111111111115
2 0.51484375 0.29583333333333334 0.0140625 0.03333333333333333
0 0.75 0.4326388888888889 0.0234375 0.07083333333333333
0 0.658203125 0.34861111111111115 0.01953125 0.04166666666666667
0 0.6171875 0.31875000000000003 0.0140625 0.04027777777777778
0 0.602734375 0.30833333333333335 0.01015625 0.030555555555555558
0 0.590234375 0.29930555555555555 0.01171875 0.0375
0 0.57421875 0.28402777777777777 0.0078125 0.02361111111111111
0 0.5652343750000001 0.28611111111111115 0.00859375 0.02777777777777778
