2 0.37226562500000004 0.4118055555555556 0.02890625 0.07083333333333333
2 0.43125 0.3340277777777778 0.0140625 0.0375
2 0.443359375 0.3180555555555556 0.014843750000000001 0.04722222222222222
2 0.44960937500000003 0.2902777777777778 0.01171875 0.03333333333333333
0 0.6882812500000001 0.40625 0.03125 0.06527777777777778
0 0.59296875 0.3298611111111111 0.015625 0.04027777777777778
0 0.56015625 0.3076388888888889 0.0140625 0.029166666666666667
0 0.5328125 0.29444444444444445 0.0140625 0.02777777777777778
0 0.521484375 0.28611111111111115 0.01015625 0.02777777777777778
2 0.46171875 0.2847222222222222 0.0078125 0.02777777777777778
