2 0.29375 0.45763888888888893 0.029687500000000002 0.07083333333333333
2 0.487890625 0.36597222222222225 0.014843750000000001 0.04027777777777778
2 0.6371093750000001 0.3451388888888889 0.01171875 0.029166666666666667
2 0.7523437500000001 0.3548611111111111 0.010937500000000001 0.02638888888888889
2 0.9167968750000001 0.3902777777777778 0.01015625 0.02777777777777778
0 0.9226562500000001 0.7111111111111111 0.05625 0.13611111111111113
0 0.7468750000000001 0.5 0.0328125 0.075
0 0.7644531250000001 0.4222222222222222 0.022656250000000003 0.05277777777777778
0 0.81171875 0.40972222222222227 0.021875000000000002 0.044444444444444446
0 0.8738281250000001 0.4118055555555556 0.01640625 0.04027777777777778
