2 0.23164062500000002 0.4951388888888889 0.032031250000000004 0.09027777777777778
2 0.393359375 0.38125000000000003 0.02109375 0.05694444444444444
2 0.48945312500000004 0.33611111111111114 0.014843750000000001 0.04166666666666667
2 0.534765625 0.3125 0.01953125 0.036111111111111115
2 0.55234375 0.29791666666666666 0.0125 0.029166666666666667
2 0.569921875 0.2923611111111111 0.01015625 0.020833333333333336
2 0.58984375 0.2881944444444445 0.0125 0.02638888888888889
0 0.696875 0.5013888888888889 0.043750000000000004 0.09166666666666667
0 0.680859375 0.41111111111111115 0.032031250000000004 0.05555555555555556
0 0.6839843750000001 0.36388888888888893 0.022656250000000003 0.044444444444444446
0 0.6765625000000001 0.33125 0.0171875 0.034722222222222224
0 0.6828125 0.31319444444444444 0.010937500000000001 0.04027777777777778
0 0.6902343750000001 0.30833333333333335 0.01015625 0.030555555555555558
0 0.703125 0.2986111111111111 0.010937500000000001 0.03333333333333333
