2 0.42617187500000003 0.4201388888888889 0.017968750000000002 0.05416666666666667
2 0.47890625000000003 0.33958333333333335 0.009375000000000001 0.029166666666666667
2 0.5546875 0.32222222222222224 0.00625 0.019444444444444445
2 0.640625 0.31666666666666665 0.004687500000000001 0.019444444444444445
2 0.822265625 0.33819444444444446 0.00703125 0.020833333333333336
2 0.951171875 0.3715277777777778 0.013281250000000001 0.029166666666666667
0 0.7957031250000001 0.42708333333333337 0.01953125 0.04861111111111111
0 0.693359375 0.35833333333333334 0.01015625 0.03333333333333333
0 0.6996093750000001 0.34305555555555556 0.00703125 0.030555555555555558
0 0.7507812500000001 0.3423611111111111 0.0078125 0.02361111111111111
0 0.7972656250000001 0.3451388888888889 0.00859375 0.02361111111111111
0 0.8519531250000001 0.35625 0.00859375 0.02361111111111111
0 0.96875 0.3909722222222222 0.0171875 0.043055555555555555
