2 0.17148437500000002 0.7006944444444445 0.06171875 0.14027777777777778
2 0.3953125 0.37986111111111115 0.015625 0.04027777777777778
2 0.436328125 0.3229166666666667 0.00703125 0.02361111111111111
2 0.444140625 0.3041666666666667 0.00703125 0.019444444444444445
0 0.923046875 0.6298611111111111 0.05390625 0.10972222222222222
0 0.64609375 0.37083333333333335 0.018750000000000003 0.03888888888888889
0 0.577734375 0.3180555555555556 0.00859375 0.025
0 0.550390625 0.3013888888888889 0.00703125 0.016666666666666666
0 0.525 0.28611111111111115 0.004687500000000001 0.016666666666666666
2 0.45039062500000004 0.2923611111111111 0.0054687500000000005 0.015277777777777779
