2 0.39375000000000004 0.3965277777777778 0.0234375 0.05416666666666667
2 0.470703125 0.3388888888888889 0.01171875 0.03888888888888889
2 0.51953125 0.3145833333333333 0.0078125 0.02638888888888889
2 0.58359375 0.3027777777777778 0.00625 0.022222222222222223
2 0.646484375 0.2986111111111111 0.00703125 0.016666666666666666
2 0.7234375000000001 0.3013888888888889 0.0078125 0.019444444444444445
2 0.7816406250000001 0.3125 0.00703125 0.016666666666666666
2 0.8625 0.32916666666666666 0.0125 0.02777777777777778
2 0.9320312500000001 0.35000000000000003 0.004687500000000001 0.019444444444444445
0 0.731640625 0.4277777777777778 0.022656250000000003 0.058333333333333334
0 0.6878906250000001 0.36041666666666666 0.014843750000000001 0.0375
0 0.6781250000000001 0.3340277777777778 0.010937500000000001 0.029166666666666667
0 0.698828125 0.3229166666666667 0.01015625 0.02361111111111111
0 0.7386718750000001 0.31875000000000003 0.00703125 0.020833333333333336
0 0.7835937500000001 0.3229166666666667 0.0078125 0.02361111111111111
0 0.83359375 0.3298611111111111 0.0078125 0.02361111111111111
0 0.89609375 0.3493055555555556 0.00625 0.015277777777777779
0 0.9710937500000001 0.37222222222222223 0.00625 0.016666666666666666
