2 0.150390625 0.5708333333333333 0.041406250000000006 0.1
2 0.30000000000000004 0.39722222222222225 0.0171875 0.04722222222222222
2 0.40078125000000003 0.3590277777777778 0.0125 0.03194444444444445
2 0.5296875 0.33611111111111114 0.0078125 0.025
2 0.6179687500000001 0.325 0.0078125 0.025
2 0.6890625 0.31875000000000003 0.009375000000000001 0.02361111111111111
2 0.7578125 0.31875000000000003 0.00625 0.020833333333333336
2 0.8070312500000001 0.3145833333333333 0.00625 0.018055555555555557
2 0.83125 0.3125 0.00625 0.019444444444444445
2 0.85703125 0.31319444444444444 0.00625 0.018055555555555557
2 0.87890625 0.3145833333333333 0.00625 0.018055555555555557
0 0.8921875 0.4916666666666667 0.028125 0.0638888888888889
0 0.7523437500000001 0.4104166666666667 0.021875000000000002 0.04861111111111111
0 0.7250000000000001 0.3763888888888889 0.015625 0.036111111111111115
0 0.763671875 0.3541666666666667 0.01171875 0.030555555555555558
0 0.812109375 0.34861111111111115 0.01015625 0.02777777777777778
0 0.8621093750000001 0.3458333333333333 0.00859375 0.022222222222222223
0 0.898046875 0.3416666666666667 0.00859375 0.022222222222222223
0 0.9339843750000001 0.3402777777777778 0.0054687500000000005 0.019444444444444445
0 0.9625 0.3416666666666667 0.00625 0.016666666666666666
0 0.985546875 0.3402777777777778 0.00703125 0.022222222222222223
0 0.96875 0.33125 0.00625 0.018055555555555557
0 0.9378906250000001 0.31736111111111115 0.00703125 0.015277777777777779
