2 0.232421875 0.5840277777777778 0.04296875 0.10416666666666667
2 0.35625 0.39722222222222225 0.021875000000000002 0.05
2 0.39375000000000004 0.3451388888888889 0.0140625 0.03194444444444445
2 0.40351562500000004 0.3201388888888889 0.00859375 0.02638888888888889
2 0.393359375 0.30972222222222223 0.00703125 0.019444444444444445
2 0.38984375000000004 0.2965277777777778 0.004687500000000001 0.015277777777777779
0 0.620703125 0.3979166666666667 0.025781250000000002 0.05694444444444444
0 0.558984375 0.3402777777777778 0.014843750000000001 0.03333333333333333
0 0.5265625 0.31666666666666665 0.0125 0.02777777777777778
0 0.49296875 0.29930555555555555 0.00625 0.020833333333333336
0 0.47421875 0.2881944444444445 0.00625 0.018055555555555557
0 0.44570312500000003 0.28541666666666665 0.0054687500000000005 0.015277777777777779
0 0.40390625 0.28402777777777777 0.004687500000000001 0.0125
0 0.35546875 0.28541666666666665 0.004687500000000001 0.0125
2 0.35195312500000003 0.29444444444444445 0.0054687500000000005 0.01388888888888889
0 0.827734375 0.6430555555555556 0.05390625 0.13055555555555556
0 0.7625000000000001 0.3284722222222222 0.0078125 0.020833333333333336
2 0.7933593750000001 0.32708333333333334 0.0054687500000000005 0.015277777777777779
2 0.732421875 0.3111111111111111 0.0054687500000000005 0.01388888888888889
