2 0.234375 0.7472222222222222 0.06406250000000001 0.15
2 0.36875 0.4743055555555556 0.028125 0.07083333333333333
2 0.35703125 0.4 0.0171875 0.044444444444444446
2 0.307421875 0.3736111111111111 0.01640625 0.03888888888888889
2 0.27382812500000003 0.3625 0.013281250000000001 0.030555555555555558
2 0.25546875 0.35625 0.010937500000000001 0.02361111111111111
2 0.266796875 0.3368055555555556 0.00859375 0.018055555555555557
0 0.784765625 0.4416666666666667 0.02890625 0.061111111111111116
0 0.61328125 0.36944444444444446 0.018750000000000003 0.04722222222222222
0 0.49296875 0.33472222222222225 0.015625 0.030555555555555558
0 0.43828125 0.3277777777777778 0.015625 0.030555555555555558
0 0.41250000000000003 0.3090277777777778 0.009375000000000001 0.020833333333333336
0 0.40390625 0.3194444444444445 0.010937500000000001 0.022222222222222223
0 0.401171875 0.3145833333333333 0.00859375 0.02361111111111111
0 0.45429687500000004 0.2986111111111111 0.00703125 0.016666666666666666
0 0.49531250000000004 0.2916666666666667 0.0078125 0.016666666666666666
0 0.5320312500000001 0.28611111111111115 0.00625 0.01388888888888889
0 0.544140625 0.28402777777777777 0.0054687500000000005 0.0125
