0 0.677734375 0.44930555555555557 0.025781250000000002 0.06805555555555556
0 0.60078125 0.36597222222222225 0.015625 0.04027777777777778
0 0.6484375 0.34097222222222223 0.0125 0.03194444444444445
0 0.63984375 0.3194444444444445 0.0078125 0.025
0 0.59921875 0.3013888888888889 0.0078125 0.019444444444444445
0 0.57265625 0.2902777777777778 0.00625 0.016666666666666666
0 0.5484375 0.2826388888888889 0.004687500000000001 0.0125
0 0.5183593750000001 0.2763888888888889 0.00390625 0.011111111111111112
0 0.5046875000000001 0.27361111111111114 0.003125 0.011111111111111112
2 0.49609375 0.27847222222222223 0.003125 0.009722222222222222
2 0.501953125 0.28541666666666665 0.00390625 0.0125
2 0.52109375 0.29791666666666666 0.004687500000000001 0.018055555555555557
2 0.530859375 0.30625 0.00703125 0.018055555555555557
2 0.5281250000000001 0.31875000000000003 0.0078125 0.020833333333333336
2 0.45703125 0.33472222222222225 0.010937500000000001 0.030555555555555558
2 0.35468750000000004 0.4118055555555556 0.021875000000000002 0.05694444444444444
