2 0.26406250000000003 0.5173611111111112 0.034375 0.07916666666666666
2 0.154296875 0.45625000000000004 0.017968750000000002 0.04583333333333334
2 0.09765625 0.44930555555555557 0.0203125 0.04027777777777778
2 0.10390625 0.41458333333333336 0.0171875 0.029166666666666667
2 0.132421875 0.39722222222222225 0.013281250000000001 0.02777777777777778
2 0.160546875 0.37777777777777777 0.013281250000000001 0.022222222222222223
2 0.183984375 0.3625 0.00703125 0.016666666666666666
0 0.24765625000000002 0.38125000000000003 0.0125 0.029166666666666667
0 0.262890625 0.3597222222222222 0.00859375 0.022222222222222223
0 0.269140625 0.3472222222222222 0.00703125 0.019444444444444445
0 0.2765625 0.33611111111111114 0.00625 0.01388888888888889
0 0.31328125 0.37430555555555556 0.0203125 0.034722222222222224
0 0.41445312500000003 0.36875 0.022656250000000003 0.04861111111111111
0 0.544921875 0.39375 0.03515625 0.059722222222222225
0 0.767578125 0.49722222222222223 0.03828125 0.09722222222222222
0 0.9968750000000001 0.3423611111111111 0.00625 0.02361111111111111
2 0.9046875000000001 0.2916666666666667 0.0078125 0.016666666666666666
0 0.894140625 0.3180555555555556 0.01171875 0.02777777777777778
0 0.594921875 0.2986111111111111 0.00859375 0.022222222222222223
0 0.554296875 0.2972222222222222 0.00859375 0.016666666666666666
0 0.52265625 0.2951388888888889 0.009375000000000001 0.015277777777777779
2 0.568359375 0.2833333333333333 0.00703125 0.016666666666666666
2 0.5847656250000001 0.2826388888888889 0.0054687500000000005 0.015277777777777779
2 0.60859375 0.28541666666666665 0.0078125 0.015277777777777779
