2 0.045312500000000006 0.763888888888889 0.0703125 0.15833333333333333
2 0.412890625 0.43333333333333335 0.02109375 0.0638888888888889
2 0.519140625 0.38958333333333334 0.01953125 0.051388888888888894
2 0.607421875 0.3590277777777778 0.013281250000000001 0.04027777777777778
2 0.6640625 0.3388888888888889 0.010937500000000001 0.030555555555555558
2 0.704296875 0.3277777777777778 0.00859375 0.019444444444444445
0 0.8078125 0.7312500000000001 0.0703125 0.1763888888888889
0 0.825390625 0.4673611111111111 0.02890625 0.07083333333333333
0 0.823828125 0.4048611111111111 0.017968750000000002 0.04027777777777778
0 0.8230468750000001 0.3701388888888889 0.013281250000000001 0.029166666666666667
2 0.73203125 0.31736111111111115 0.00625 0.015277777777777779
