2 0.15390625000000002 0.576388888888889 0.037500000000000006 0.08888888888888889
2 0.31679687500000003 0.4256944444444445 0.014843750000000001 0.04861111111111111
2 0.388671875 0.35694444444444445 0.00859375 0.02777777777777778
2 0.39140625 0.3368055555555556 0.0078125 0.02361111111111111
2 0.37890625 0.32430555555555557 0.00625 0.018055555555555557
2 0.366015625 0.3138888888888889 0.00390625 0.01388888888888889
0 0.6484375 0.4256944444444445 0.0234375 0.05694444444444444
0 0.582421875 0.35208333333333336 0.01171875 0.03194444444444445
0 0.5417968750000001 0.32916666666666666 0.00859375 0.025
0 0.49609375 0.3145833333333333 0.0078125 0.020833333333333336
0 0.459765625 0.30625 0.0054687500000000005 0.015277777777777779
0 0.43085937500000004 0.30069444444444443 0.00390625 0.0125
0 0.7621093750000001 0.6097222222222223 0.049218750000000006 0.11388888888888889
