0 0.8207031250000001 0.5715277777777777 0.05078125 0.1125
0 0.5613281250000001 0.38125000000000003 0.01953125 0.04861111111111111
0 0.48671875000000003 0.33125 0.0125 0.029166666666666667
2 0.33984375 0.49583333333333335 0.037500000000000006 0.08611111111111111
2 0.35390625000000003 0.39861111111111114 0.0203125 0.05555555555555556
2 0.349609375 0.33333333333333337 0.00703125 0.025
2 0.35390625000000003 0.3180555555555556 0.00625 0.016666666666666666
0 0.44179687500000003 0.3111111111111111 0.00859375 0.022222222222222223
0 0.398046875 0.3013888888888889 0.00703125 0.016666666666666666
0 0.38125000000000003 0.2986111111111111 0.00625 0.016666666666666666
2 0.327734375 0.3076388888888889 0.0054687500000000005 0.015277777777777779
