2 0.091796875 0.8236111111111112 0.08359375000000001 0.17500000000000002
2 0.29921875000000003 0.43125 0.034375 0.07083333333333333
0 0.8289062500000001 0.6548611111111111 0.065625 0.1625
0 0.6355468750000001 0.43194444444444446 0.03515625 0.07777777777777778
0 0.653515625 0.3805555555555556 0.01953125 0.04722222222222222
0 0.70625 0.35555555555555557 0.0125 0.036111111111111115
0 0.68125 0.3298611111111111 0.0140625 0.029166666666666667
0 0.6468750000000001 0.3180555555555556 0.010937500000000001 0.022222222222222223
0 0.775 0.32222222222222224 0.0078125 0.022222222222222223
0 0.8089843750000001 0.3375 0.01171875 0.02777777777777778
0 0.8765625 0.3729166666666667 0.0140625 0.03194444444444445
2 0.9378906250000001 0.36388888888888893 0.01171875 0.022222222222222223
2 0.99375 0.39305555555555555 0.009375000000000001 0.022222222222222223
0 0.991796875 0.44027777777777777 0.01640625 0.04166666666666667
2 0.444921875 0.35000000000000003 0.01953125 0.03888888888888889
2 0.54296875 0.33055555555555555 0.009375000000000001 0.02777777777777778
