2 0.35078125000000004 0.42708333333333337 0.025 0.05694444444444444
2 0.413671875 0.3527777777777778 0.013281250000000001 0.03333333333333333
2 0.39882812500000003 0.32569444444444445 0.00703125 0.020833333333333336
2 0.34375 0.3215277777777778 0.00625 0.020833333333333336
0 0.6722656250000001 0.46597222222222223 0.03359375 0.08194444444444444
0 0.564453125 0.35208333333333336 0.01640625 0.0375
0 0.501953125 0.31875000000000003 0.01015625 0.02361111111111111
0 0.48281250000000003 0.3104166666666667 0.0078125 0.020833333333333336
0 0.427734375 0.30486111111111114 0.00703125 0.018055555555555557
0 0.37226562500000004 0.30208333333333337 0.00390625 0.015277777777777779
0 0.43867187500000004 0.2965277777777778 0.0054687500000000005 0.015277777777777779
