2 0.09531250000000001 0.7166666666666667 0.0734375 0.15
2 0.42812500000000003 0.3944444444444445 0.018750000000000003 0.05
0 0.833203125 0.6895833333333333 0.05859375 0.1486111111111111
0 0.681640625 0.40902777777777777 0.017968750000000002 0.051388888888888894
0 0.653515625 0.36458333333333337 0.01640625 0.034722222222222224
0 0.6394531250000001 0.3368055555555556 0.01171875 0.029166666666666667
2 0.5015625 0.33263888888888893 0.0078125 0.02638888888888889
2 0.517578125 0.3201388888888889 0.0054687500000000005 0.020833333333333336
2 0.53046875 0.3041666666666667 0.004687500000000001 0.01388888888888889
2 0.56171875 0.29791666666666666 0.004687500000000001 0.015277777777777779
2 0.5886718750000001 0.29444444444444445 0.00390625 0.01388888888888889
0 0.6273437500000001 0.3194444444444445 0.0078125 0.022222222222222223
0 0.614453125 0.30833333333333335 0.00703125 0.019444444444444445
0 0.63671875 0.3 0.00625 0.016666666666666666
2 0.6121093750000001 0.2916666666666667 0.0054687500000000005 0.01388888888888889
0 0.6722656250000001 0.2965277777777778 0.0054687500000000005 0.018055555555555557
