2 0.244921875 0.7513888888888889 0.05078125 0.15
2 0.287109375 0.4902777777777778 0.02890625 0.06944444444444445
2 0.284375 0.42291666666666666 0.0203125 0.04583333333333334
2 0.29296875 0.3840277777777778 0.015625 0.034722222222222224
2 0.33828125000000003 0.3506944444444445 0.0140625 0.02361111111111111
2 0.38710937500000003 0.3284722222222222 0.00859375 0.020833333333333336
2 0.47265625 0.30694444444444446 0.0078125 0.022222222222222223
0 0.5242187500000001 0.34652777777777777 0.0140625 0.03194444444444445
0 0.524609375 0.33333333333333337 0.01171875 0.030555555555555558
0 0.5417968750000001 0.3229166666666667 0.01171875 0.02638888888888889
0 0.57265625 0.3729166666666667 0.0234375 0.04583333333333334
0 0.601171875 0.3125 0.01015625 0.025
0 0.6578125 0.3055555555555556 0.0125 0.022222222222222223
0 0.70625 0.3041666666666667 0.009375000000000001 0.019444444444444445
0 0.71875 0.3013888888888889 0.0078125 0.016666666666666666
0 0.7269531250000001 0.2965277777777778 0.0054687500000000005 0.0125
0 0.6746093750000001 0.41944444444444445 0.02734375 0.061111111111111116
2 0.6277343750000001 0.2923611111111111 0.00703125 0.018055555555555557
