0 0.661328125 0.45208333333333334 0.025781250000000002 0.0625
2 0.330078125 0.4340277777777778 0.02109375 0.059722222222222225
2 0.43359375 0.35208333333333336 0.009375000000000001 0.034722222222222224
0 0.6351562500000001 0.35694444444444445 0.010937500000000001 0.030555555555555558
0 0.60078125 0.3194444444444445 0.0078125 0.022222222222222223
0 0.5890625 0.30208333333333337 0.003125 0.015277777777777779
0 0.591796875 0.29305555555555557 0.0023437500000000003 0.011111111111111112
0 0.593359375 0.2881944444444445 0.0023437500000000003 0.009722222222222222
2 0.48554687500000004 0.3138888888888889 0.0054687500000000005 0.016666666666666666
2 0.51328125 0.2986111111111111 0.004687500000000001 0.016666666666666666
2 0.528515625 0.29097222222222224 0.00390625 0.0125
2 0.5390625 0.2868055555555556 0.003125 0.009722222222222222
2 0.5437500000000001 0.2826388888888889 0.0015625 0.006944444444444445
