2 0.377734375 0.4104166666666667 0.01953125 0.051388888888888894
2 0.44648437500000004 0.33819444444444446 0.01171875 0.03194444444444445
2 0.49921875000000004 0.3215277777777778 0.009375000000000001 0.02638888888888889
2 0.5265625 0.3138888888888889 0.0078125 0.022222222222222223
0 0.59296875 0.3402777777777778 0.0140625 0.030555555555555558
0 0.6265625 0.3215277777777778 0.0078125 0.018055555555555557
0 0.6328125 0.3840277777777778 0.0171875 0.043055555555555555
0 0.761328125 0.5444444444444445 0.04296875 0.09722222222222222
2 0.966796875 0.38819444444444445 0.00859375 0.018055555555555557
0 0.9304687500000001 0.38958333333333334 0.0125 0.03194444444444445
2 0.8558593750000001 0.3506944444444445 0.00703125 0.018055555555555557
0 0.8140625 0.3541666666666667 0.0078125 0.019444444444444445
