2 0.10507812500000001 0.7715277777777778 0.06484375 0.1625
2 0.36171875000000003 0.40555555555555556 0.028125 0.05277777777777778
2 0.38984375000000004 0.34861111111111115 0.0171875 0.036111111111111115
2 0.325 0.33472222222222225 0.009375000000000001 0.025
2 0.32539062500000004 0.31736111111111115 0.01015625 0.018055555555555557
0 0.9339843750000001 0.7861111111111111 0.06796875000000001 0.1638888888888889
0 0.640234375 0.4041666666666667 0.02109375 0.05277777777777778
0 0.5765625 0.3548611111111111 0.0171875 0.043055555555555555
0 0.496875 0.3236111111111111 0.0125 0.025
0 0.42617187500000003 0.3138888888888889 0.01015625 0.022222222222222223
0 0.412890625 0.30486111111111114 0.00859375 0.02361111111111111
2 0.90390625 0.38333333333333336 0.009375000000000001 0.03333333333333333
