2 0.21875 0.5277777777777778 0.035937500000000004 0.09444444444444444
2 0.40664062500000003 0.39861111111111114 0.02421875 0.05
2 0.46601562500000004 0.35694444444444445 0.014843750000000001 0.03333333333333333
2 0.47304687500000003 0.33125 0.00859375 0.02361111111111111
2 0.482421875 0.3138888888888889 0.00703125 0.019444444444444445
0 0.65546875 0.49375 0.040625 0.09305555555555556
0 0.6468750000000001 0.36736111111111114 0.015625 0.034722222222222224
0 0.602734375 0.3354166666666667 0.013281250000000001 0.02361111111111111
0 0.9578125000000001 0.4326388888888889 0.015625 0.034722222222222224
0 0.791015625 0.3652777777777778 0.01171875 0.025
2 0.8460937500000001 0.36180555555555555 0.0125 0.020833333333333336
2 0.9625 0.4027777777777778 0.009375000000000001 0.025
0 0.7140625 0.33958333333333335 0.009375000000000001 0.020833333333333336
