2 0.26640625 0.6256944444444444 0.05 0.11527777777777778
2 0.44375000000000003 0.35694444444444445 0.018750000000000003 0.03888888888888889
2 0.462890625 0.3277777777777778 0.01171875 0.02777777777777778
2 0.478515625 0.30972222222222223 0.01015625 0.019444444444444445
2 0.487890625 0.2965277777777778 0.0054687500000000005 0.015277777777777779
2 0.4921875 0.28958333333333336 0.004687500000000001 0.0125
2 0.49765625 0.28402777777777777 0.003125 0.009722222222222222
2 0.34765625 0.4277777777777778 0.0171875 0.05555555555555556
0 0.95625 0.6451388888888889 0.051562500000000004 0.1125
0 0.75546875 0.4444444444444445 0.029687500000000002 0.06666666666666667
0 0.675 0.37777777777777777 0.0234375 0.044444444444444446
0 0.637890625 0.34861111111111115 0.017968750000000002 0.036111111111111115
0 0.6046875 0.3263888888888889 0.0078125 0.025
0 0.59140625 0.31666666666666665 0.00625 0.019444444444444445
0 0.58203125 0.3076388888888889 0.0078125 0.015277777777777779
0 0.5640625 0.29930555555555555 0.004687500000000001 0.0125
0 0.553125 0.2916666666666667 0.004687500000000001 0.01388888888888889
