2 0.266796875 0.625 0.05390625 0.11666666666666667
2 0.34765625 0.42986111111111114 0.0234375 0.0625
2 0.444140625 0.35555555555555557 0.01640625 0.036111111111111115
2 0.46484375 0.3298611111111111 0.010937500000000001 0.02638888888888889
2 0.478125 0.3090277777777778 0.009375000000000001 0.020833333333333336
2 0.48750000000000004 0.2965277777777778 0.004687500000000001 0.015277777777777779
2 0.49257812500000003 0.28958333333333336 0.0054687500000000005 0.015277777777777779
2 0.498046875 0.28402777777777777 0.00390625 0.009722222222222222
0 0.9558593750000001 0.6493055555555556 0.05078125 0.1125
0 0.7546875000000001 0.44722222222222224 0.034375 0.06666666666666667
0 0.6765625000000001 0.37569444444444444 0.025 0.043055555555555555
0 0.6375000000000001 0.3479166666666667 0.0140625 0.034722222222222224
0 0.6046875 0.32708333333333334 0.009375000000000001 0.02361111111111111
0 0.591796875 0.31875000000000003 0.00859375 0.020833333333333336
0 0.58203125 0.3076388888888889 0.0078125 0.015277777777777779
0 0.5640625 0.29930555555555555 0.00625 0.015277777777777779
0 0.553125 0.2902777777777778 0.004687500000000001 0.011111111111111112
