3 0.044140625 0.68603515625 0.07109375 0.1337890625
3 0.233984375 0.671875 0.05546875 0.125
3 0.159765625 0.5791015625 0.03359375 0.06640625
3 0.23046875 0.5859375 0.03125 0.0703125
3 0.51484375 0.5810546875 0.0328125 0.06640625
3 0.569921875 0.68701171875 0.06328125 0.1337890625
3 0.73671875 0.60791015625 0.0390625 0.0791015625
3 0.874609375 0.6953125 0.06640625 0.134765625
1 0.12109375 0.6083984375 0.03125 0.044921875
1 0.14453125 0.744140625 0.0609375 0.095703125
1 0.344921875 0.60205078125 0.03046875 0.0439453125
1 0.7796875 0.63037109375 0.0296875 0.0498046875
1 0.896875 0.78466796875 0.0640625 0.1064453125
0 0.5703125 0.75 0.065625 0.09765625
0 0.4734375 0.59814453125 0.0296875 0.0439453125
0 0.303125 0.68359375 0.053125 0.076171875
0 0.20625 0.60986328125 0.0296875 0.0458984375
