1 0.625390625 0.70458984375 0.05390625 0.0830078125
3 0.63671875 0.6572265625 0.0484375 0.115234375
3 0.553515625 0.5810546875 0.03359375 0.07421875
0 0.5046875 0.58984375 0.0296875 0.046875
1 0.3875 0.57861328125 0.0234375 0.0419921875
3 0.35390625 0.55419921875 0.028125 0.0556640625
3 0.340234375 0.54345703125 0.02421875 0.0498046875
1 0.281640625 0.55908203125 0.01953125 0.0341796875
0 0.246875 0.57470703125 0.021875 0.0361328125
0 0.096484375 0.6044921875 0.03359375 0.048828125
3 0.09609375 0.5810546875 0.0359375 0.068359375
3 0.162109375 0.59375 0.04140625 0.076171875
1 0.170703125 0.6201171875 0.03046875 0.05078125
3 0.208984375 0.65185546875 0.04921875 0.1181640625
3 0.240625 0.771484375 0.0921875 0.19140625
1 0.240625 0.68505859375 0.046875 0.0732421875
0 0.26328125 0.845703125 0.075 0.103515625
