3 0.295703125 0.67724609375 0.05703125 0.1318359375
3 0.2453125 0.634765625 0.0453125 0.1015625
0 0.2046875 0.55419921875 0.0203125 0.0322265625
0 0.225390625 0.67333984375 0.04765625 0.0712890625
1 0.27265625 0.73828125 0.0609375 0.09375
0 0.469921875 0.6376953125 0.04140625 0.060546875
1 0.5390625 0.60595703125 0.0296875 0.0478515625
3 0.62578125 0.5869140625 0.034375 0.076171875
3 0.639453125 0.609375 0.04765625 0.087890625
1 0.6796875 0.671875 0.0484375 0.07421875
0 0.892578125 0.73681640625 0.06015625 0.0966796875
