3 0.087890625 0.69775390625 0.07734375 0.1416015625
1 0.12890625 0.611328125 0.03125 0.048828125
3 0.164453125 0.580078125 0.03515625 0.0703125
0 0.2203125 0.61083984375 0.028125 0.0498046875
3 0.24296875 0.5859375 0.0296875 0.07421875
3 0.28671875 0.67578125 0.0625 0.1328125
1 0.210546875 0.75830078125 0.06171875 0.0986328125
1 0.3625 0.59912109375 0.0265625 0.0458984375
0 0.35546875 0.6865234375 0.053125 0.080078125
0 0.490234375 0.59375 0.03046875 0.04296875
3 0.530078125 0.57568359375 0.03359375 0.0673828125
3 0.633203125 0.68017578125 0.05546875 0.1298828125
0 0.651171875 0.740234375 0.06328125 0.095703125
3 0.757421875 0.59814453125 0.03671875 0.0771484375
1 0.800390625 0.619140625 0.02734375 0.048828125
3 0.92265625 0.67822265625 0.0703125 0.1279296875
1 0.9640625 0.7578125 0.0546875 0.095703125
