3 0.29765625 0.61572265625 0.0421875 0.0927734375
1 0.319921875 0.66259765625 0.04140625 0.0673828125
3 0.415234375 0.61328125 0.03984375 0.091796875
0 0.4359375 0.64697265625 0.04375 0.0634765625
1 0.546875 0.6142578125 0.028125 0.05078125
0 0.639453125 0.59521484375 0.02734375 0.0419921875
3 0.65859375 0.57470703125 0.025 0.0654296875
3 0.68046875 0.77880859375 0.0984375 0.1943359375
3 0.7640625 0.69580078125 0.065625 0.1416015625
1 0.865625 0.7880859375 0.071875 0.11328125
1 0.909375 0.59326171875 0.0203125 0.0380859375
3 0.86796875 0.57861328125 0.0296875 0.0654296875
3 0.966796875 0.6435546875 0.05703125 0.10546875
