1 0.44375 0.75244140625 0.0578125 0.0986328125
3 0.43515625 0.69580078125 0.0703125 0.1435546875
0 0.3703125 0.533203125 0.015625 0.025390625
0 0.41640625 0.60986328125 0.0296875 0.0517578125
3 0.429296875 0.5849609375 0.02734375 0.07421875
3 0.4734375 0.60791015625 0.046875 0.0869140625
1 0.465625 0.642578125 0.0359375 0.05859375
0 0.59765625 0.595703125 0.028125 0.046875
1 0.651171875 0.57958984375 0.02265625 0.0380859375
3 0.72109375 0.56591796875 0.028125 0.0615234375
3 0.728515625 0.58154296875 0.03359375 0.0693359375
1 0.753125 0.62158203125 0.03125 0.0517578125
0 0.897265625 0.6630859375 0.04453125 0.068359375
3 0.96796875 0.66259765625 0.0578125 0.1162109375
