3 0.044140625 0.59326171875 0.03828125 0.0712890625
0 0.063671875 0.62890625 0.03515625 0.05078125
3 0.103125 0.6015625 0.0375 0.076171875
0 0.05546875 0.7265625 0.0546875 0.08984375
1 0.218359375 0.62158203125 0.03203125 0.0498046875
0 0.362890625 0.61865234375 0.03203125 0.0517578125
0 0.244921875 0.84716796875 0.08046875 0.1044921875
3 0.30703125 0.76708984375 0.0953125 0.1865234375
3 0.416015625 0.599609375 0.03828125 0.076171875
3 0.656640625 0.64208984375 0.05234375 0.1025390625
1 0.700390625 0.67529296875 0.03984375 0.0673828125
3 0.736328125 0.8076171875 0.09453125 0.18359375
