1 0.05546875 0.814453125 0.0828125 0.12109375
0 0.067578125 0.71435546875 0.05234375 0.0849609375
3 0.107421875 0.6650390625 0.05859375 0.119140625
3 0.116015625 0.72900390625 0.07265625 0.1591796875
0 0.14375 0.56298828125 0.021875 0.0361328125
0 0.372265625 0.67626953125 0.05078125 0.0732421875
1 0.47421875 0.63525390625 0.0328125 0.0576171875
3 0.580078125 0.61376953125 0.04296875 0.0908203125
3 0.57890625 0.64697265625 0.0515625 0.1083984375
1 0.603515625 0.74169921875 0.06796875 0.0986328125
0 0.8703125 0.8486328125 0.0734375 0.1015625
