1 0.12578125 0.6103515625 0.034375 0.048828125
1 0.2015625 0.7548828125 0.0625 0.099609375
1 0.3609375 0.59912109375 0.028125 0.0458984375
1 0.798046875 0.6201171875 0.03046875 0.048828125
1 0.95703125 0.76123046875 0.059375 0.1005859375
3 0.918359375 0.6787109375 0.07109375 0.126953125
3 0.755078125 0.59814453125 0.03828125 0.0771484375
3 0.62578125 0.67919921875 0.059375 0.1279296875
3 0.52890625 0.5751953125 0.034375 0.068359375
3 0.2796875 0.67431640625 0.0625 0.1318359375
3 0.240625 0.58447265625 0.03125 0.0732421875
3 0.163671875 0.57861328125 0.03671875 0.0693359375
3 0.08203125 0.6953125 0.0765625 0.142578125
0 0.219140625 0.609375 0.03203125 0.048828125
0 0.347265625 0.6845703125 0.05546875 0.078125
0 0.488671875 0.59326171875 0.03046875 0.0439453125
0 0.640625 0.7412109375 0.0625 0.09765625
