3 0.044921875 0.58935546875 0.03671875 0.0693359375
0 0.065625 0.62451171875 0.0375 0.0517578125
3 0.105078125 0.59912109375 0.03828125 0.0771484375
0 0.0609375 0.7197265625 0.0546875 0.08984375
1 0.2171875 0.61767578125 0.0328125 0.0498046875
0 0.25 0.84033203125 0.0859375 0.1162109375
3 0.30859375 0.75634765625 0.0921875 0.1806640625
0 0.361328125 0.61376953125 0.03359375 0.0498046875
3 0.4140625 0.595703125 0.0390625 0.076171875
3 0.651171875 0.6357421875 0.05234375 0.099609375
1 0.69453125 0.6689453125 0.0375 0.06640625
3 0.72578125 0.80078125 0.0984375 0.193359375
