1 0.386328125 0.8232421875 0.07734375 0.123046875
3 0.395703125 0.74755859375 0.08828125 0.1728515625
3 0.462109375 0.60302734375 0.03515625 0.0810546875
3 0.496484375 0.63232421875 0.04453125 0.1005859375
3 0.800390625 0.6025390625 0.04140625 0.080078125
3 0.79765625 0.5830078125 0.0375 0.0703125
0 0.444921875 0.63037109375 0.03828125 0.0556640625
1 0.475 0.673828125 0.0453125 0.0703125
0 0.43046875 0.54296875 0.0171875 0.02734375
0 0.648046875 0.6171875 0.03359375 0.05078125
1 0.7171875 0.59765625 0.025 0.04296875
1 0.821484375 0.65380859375 0.03984375 0.0615234375
0 0.9828125 0.71630859375 0.0359375 0.0869140625
