3 0.2875 0.615234375 0.0390625 0.08984375
1 0.301171875 0.662109375 0.03984375 0.06640625
3 0.40625 0.61328125 0.04375 0.091796875
0 0.419140625 0.6484375 0.04453125 0.064453125
1 0.539453125 0.61669921875 0.02890625 0.0517578125
0 0.63828125 0.59765625 0.028125 0.04296875
3 0.660546875 0.5771484375 0.02734375 0.06640625
3 0.87734375 0.58203125 0.028125 0.06640625
3 0.96796875 0.65185546875 0.0578125 0.1103515625
3 0.62734375 0.79150390625 0.0984375 0.2001953125
3 0.7359375 0.7060546875 0.071875 0.1484375
0 0.762890625 0.7001953125 0.03359375 0.08203125
1 0.82890625 0.8076171875 0.0796875 0.12109375
1 0.919921875 0.59814453125 0.02421875 0.0400390625
