3 0.287890625 0.6640625 0.06171875 0.12890625
3 0.328125 0.58056640625 0.0453125 0.0849609375
3 0.8421875 0.568359375 0.0671875 0.119140625
3 0.70625 0.5126953125 0.04375 0.083984375
0 0.325390625 0.625 0.04921875 0.072265625
0 0.253125 0.5390625 0.025 0.046875
0 0.1390625 0.541015625 0.021875 0.029296875
0 0.576953125 0.47412109375 0.01796875 0.0341796875
0 0.712109375 0.435546875 0.01796875 0.029296875
0 0.8421875 0.41357421875 0.0125 0.0244140625
0 0.99375 0.39794921875 0.0140625 0.0263671875
1 0.747265625 0.55126953125 0.04609375 0.0673828125
1 0.0984375 0.52685546875 0.01875 0.0341796875
1 0.228515625 0.50830078125 0.01953125 0.0341796875
1 0.391015625 0.49853515625 0.01640625 0.0361328125
1 0.762109375 0.46142578125 0.03359375 0.0380859375
1 0.844921875 0.43359375 0.01796875 0.037109375
1 0.93515625 0.4150390625 0.0171875 0.033203125
2 0.551953125 0.4560546875 0.01953125 0.03125
2 0.535546875 0.45068359375 0.01328125 0.0322265625
2 0.52109375 0.4462890625 0.0171875 0.02734375
2 0.501953125 0.4423828125 0.01328125 0.025390625
2 0.471484375 0.44775390625 0.01328125 0.0224609375
2 0.441796875 0.45263671875 0.01640625 0.0244140625
2 0.408984375 0.45703125 0.01171875 0.02734375
2 0.400390625 0.47314453125 0.01796875 0.0244140625
2 0.396484375 0.48388671875 0.01015625 0.0283203125
0 0.008203125 0.55908203125 0.01484375 0.0244140625
