0 0.26875 0.734375 0.06875 0.10546875
0 0.230078125 0.529296875 0.02578125 0.041015625
0 0.109375 0.53662109375 0.0234375 0.0322265625
0 0.334375 0.5791015625 0.0265625 0.056640625
0 0.30390625 0.5439453125 0.0234375 0.048828125
0 0.50859375 0.474609375 0.0171875 0.029296875
0 0.627734375 0.44580078125 0.01171875 0.0263671875
0 0.743359375 0.42578125 0.01015625 0.0234375
0 0.87421875 0.41015625 0.0125 0.0234375
0 0.989453125 0.40234375 0.01171875 0.021484375
1 0.975 0.6103515625 0.0484375 0.09765625
1 0.653515625 0.51904296875 0.03828125 0.0595703125
1 0.669140625 0.46337890625 0.02578125 0.0419921875
1 0.742578125 0.44287109375 0.01328125 0.0283203125
1 0.8203125 0.42626953125 0.0125 0.0302734375
1 0.906640625 0.41796875 0.01640625 0.03125
1 0.342578125 0.49609375 0.01640625 0.03125
1 0.18125 0.51171875 0.0203125 0.033203125
1 0.047265625 0.52880859375 0.01640625 0.0224609375
2 0.484375 0.4658203125 0.015625 0.03125
2 0.463671875 0.45849609375 0.01484375 0.0244140625
2 0.44609375 0.4599609375 0.0125 0.021484375
2 0.428125 0.45166015625 0.009375 0.0224609375
2 0.40234375 0.46142578125 0.015625 0.0244140625
2 0.37421875 0.46337890625 0.01875 0.0263671875
3 0.3265625 0.595703125 0.0578125 0.109375
3 0.72421875 0.52685546875 0.065625 0.0947265625
3 0.626953125 0.50244140625 0.03828125 0.0849609375
