0 0.0390625 0.51123046875 0.0125 0.0224609375
0 0.151171875 0.490234375 0.00859375 0.017578125
0 0.240234375 0.48046875 0.01171875 0.017578125
0 0.447265625 0.46044921875 0.01015625 0.0166015625
0 0.5078125 0.45556640625 0.0109375 0.0205078125
0 0.629296875 0.453125 0.01328125 0.01953125
0 0.746484375 0.4599609375 0.01171875 0.021484375
0 0.838671875 0.47265625 0.01796875 0.02734375
0 0.837890625 0.5107421875 0.02109375 0.03515625
0 0.678515625 0.5556640625 0.03359375 0.046875
1 0.6296875 0.7109375 0.059375 0.087890625
1 0.410546875 0.541015625 0.02421875 0.0390625
1 0.22734375 0.5537109375 0.03125 0.04296875
1 0.030078125 0.556640625 0.02265625 0.033203125
1 0.00546875 0.533203125 0.0109375 0.03515625
1 0.049609375 0.51806640625 0.01171875 0.0185546875
1 0.1109375 0.5029296875 0.0109375 0.0234375
1 0.1765625 0.4912109375 0.0109375 0.021484375
1 0.259375 0.482421875 0.0140625 0.01953125
1 0.33046875 0.4736328125 0.0125 0.021484375
1 0.408984375 0.46533203125 0.01015625 0.0205078125
1 0.490625 0.4619140625 0.0125 0.0234375
1 0.571875 0.4599609375 0.0203125 0.021484375
1 0.642578125 0.46337890625 0.01484375 0.0205078125
1 0.696875 0.48046875 0.01875 0.0234375
1 0.625390625 0.50390625 0.01796875 0.033203125
3 0.0859375 0.54736328125 0.03125 0.0517578125
3 0.896875 0.4140625 0.009375 0.01953125
3 0.94140625 0.4130859375 0.0125 0.015625
2 0.97578125 0.5517578125 0.0234375 0.044921875
