2 0.177734375 0.72607421875 0.05546875 0.0888671875
2 0.32890625 0.55908203125 0.0328125 0.0478515625
2 0.377734375 0.50439453125 0.02265625 0.0361328125
2 0.4171875 0.46435546875 0.0171875 0.0302734375
2 0.483984375 0.45263671875 0.01796875 0.0263671875
2 0.54375 0.4423828125 0.0203125 0.033203125
2 0.60546875 0.4306640625 0.0203125 0.02734375
2 0.651171875 0.45361328125 0.02421875 0.0380859375
2 0.709765625 0.49267578125 0.03359375 0.0537109375
2 0.856640625 0.6240234375 0.06640625 0.09765625
