2 0.389453125 0.56103515625 0.02578125 0.0439453125
2 0.4390625 0.5068359375 0.0203125 0.03515625
2 0.460546875 0.482421875 0.01796875 0.02734375
2 0.48203125 0.4609375 0.0140625 0.0234375
2 0.53203125 0.451171875 0.015625 0.025390625
2 0.578515625 0.443359375 0.01328125 0.0234375
2 0.626953125 0.4345703125 0.01328125 0.0234375
2 0.652734375 0.44580078125 0.01484375 0.0263671875
2 0.68359375 0.46240234375 0.021875 0.0322265625
2 0.730859375 0.501953125 0.02890625 0.048828125
0 0.858203125 0.6337890625 0.06015625 0.095703125
1 0.290234375 0.6787109375 0.05078125 0.076171875
1 0.09921875 0.6044921875 0.025 0.037109375
