3 0.381640625 0.599609375 0.05859375 0.107421875
3 0.83671875 0.51416015625 0.053125 0.1025390625
3 0.725390625 0.47802734375 0.03828125 0.0732421875
0 0.285546875 0.77783203125 0.07109375 0.1162109375
0 0.39765625 0.57666015625 0.0328125 0.0615234375
0 0.308984375 0.517578125 0.02421875 0.0390625
0 0.194140625 0.525390625 0.01796875 0.033203125
0 0.061328125 0.54443359375 0.01796875 0.0283203125
0 0.603125 0.4521484375 0.025 0.03125
0 0.730078125 0.41943359375 0.01640625 0.0283203125
0 0.8515625 0.39453125 0.015625 0.02734375
1 0.75703125 0.5068359375 0.040625 0.060546875
1 0.775 0.4375 0.0265625 0.041015625
1 0.851953125 0.41259765625 0.02265625 0.0322265625
1 0.93671875 0.39404296875 0.01875 0.0322265625
1 0.42734375 0.482421875 0.0171875 0.03125
1 0.26796875 0.494140625 0.015625 0.02734375
1 0.140234375 0.5166015625 0.01796875 0.02734375
2 0.577734375 0.44287109375 0.01484375 0.0244140625
2 0.5578125 0.43603515625 0.015625 0.0263671875
2 0.54140625 0.43505859375 0.015625 0.0244140625
2 0.523828125 0.43212890625 0.01640625 0.0263671875
2 0.494921875 0.43798828125 0.01484375 0.0263671875
2 0.466015625 0.4423828125 0.01328125 0.0234375
2 0.4359375 0.44580078125 0.009375 0.0205078125
0 0.994921875 0.37451171875 0.01015625 0.0302734375
3 0.396484375 0.541015625 0.02890625 0.068359375
0 0.376171875 0.53369140625 0.01484375 0.0380859375
