2 0.424609375 0.53271484375 0.02421875 0.0400390625
2 0.465234375 0.4912109375 0.01796875 0.03125
2 0.48359375 0.47021484375 0.015625 0.0263671875
2 0.503515625 0.451171875 0.01171875 0.021484375
2 0.551171875 0.44091796875 0.01328125 0.0224609375
2 0.59375 0.4326171875 0.0125 0.0234375
2 0.638671875 0.4248046875 0.01015625 0.01953125
2 0.662890625 0.43310546875 0.01328125 0.0244140625
2 0.6890625 0.44677734375 0.01875 0.0283203125
2 0.722265625 0.47900390625 0.02421875 0.0400390625
1 0.165234375 0.57861328125 0.02265625 0.0341796875
1 0.02109375 0.595703125 0.021875 0.03125
1 0.35546875 0.619140625 0.040625 0.060546875
0 0.8078125 0.56689453125 0.04375 0.0693359375
