3 0.2546875 0.57958984375 0.040625 0.0810546875
3 0.219140625 0.55908203125 0.02734375 0.0634765625
3 0.46640625 0.498046875 0.021875 0.05859375
3 0.55078125 0.50830078125 0.03125 0.0654296875
0 0.265234375 0.65576171875 0.04140625 0.0693359375
0 0.1921875 0.56201171875 0.021875 0.0361328125
0 0.2375 0.57666015625 0.015625 0.0400390625
0 0.1015625 0.5625 0.01875 0.029296875
0 0.345703125 0.49755859375 0.01171875 0.0205078125
0 0.445703125 0.4677734375 0.01484375 0.01953125
0 0.659375 0.42578125 0.0109375 0.021484375
0 0.756640625 0.41015625 0.01171875 0.021484375
1 0.730859375 0.53564453125 0.03359375 0.0576171875
1 0.49140625 0.5126953125 0.028125 0.041015625
1 0.490234375 0.47509765625 0.01796875 0.0302734375
1 0.546484375 0.4560546875 0.01328125 0.01953125
1 0.614453125 0.4404296875 0.01328125 0.025390625
1 0.686328125 0.42626953125 0.01328125 0.0224609375
1 0.779296875 0.416015625 0.01171875 0.021484375
1 0.862109375 0.40087890625 0.01640625 0.0224609375
1 0.962890625 0.3955078125 0.01796875 0.0234375
1 0.193359375 0.52783203125 0.01484375 0.0283203125
1 0.02421875 0.5546875 0.01875 0.02734375
2 0.3140625 0.49267578125 0.0171875 0.0283203125
2 0.292578125 0.49072265625 0.01171875 0.0205078125
2 0.272265625 0.48876953125 0.01328125 0.0185546875
2 0.251953125 0.49072265625 0.01328125 0.0166015625
2 0.223828125 0.494140625 0.01171875 0.017578125
2 0.19609375 0.49951171875 0.0109375 0.0185546875
2 0.1796875 0.51953125 0.0140625 0.021484375
2 0.172265625 0.51611328125 0.01171875 0.0185546875
0 0.544140625 0.4423828125 0.00859375 0.01171875
2 0.1625 0.5068359375 0.0078125 0.015625
