2 0.408203125 0.544921875 0.01953125 0.03515625
2 0.44140625 0.5126953125 0.015625 0.025390625
2 0.45703125 0.4951171875 0.0140625 0.0234375
2 0.473828125 0.47900390625 0.01328125 0.0205078125
2 0.51796875 0.4716796875 0.0140625 0.01953125
2 0.559375 0.46484375 0.0125 0.01953125
2 0.6 0.45751953125 0.0109375 0.0224609375
2 0.62109375 0.46484375 0.0140625 0.0234375
2 0.64296875 0.4765625 0.0140625 0.02734375
2 0.667578125 0.50048828125 0.02421875 0.0380859375
0 0.721484375 0.56103515625 0.03359375 0.0595703125
0 0.946484375 0.4638671875 0.02109375 0.037109375
0 0.0171875 0.74365234375 0.03125 0.0732421875
1 0.358203125 0.60498046875 0.03203125 0.0517578125
1 0.1671875 0.58349609375 0.021875 0.0322265625
1 0.02421875 0.59912109375 0.0234375 0.0322265625
