0 0.2453125 0.82763671875 0.0921875 0.1416015625
0 0.392578125 0.5908203125 0.03515625 0.068359375
0 0.309765625 0.5205078125 0.02578125 0.041015625
0 0.1984375 0.52587890625 0.0203125 0.0361328125
0 0.062890625 0.546875 0.02109375 0.033203125
0 0.615625 0.44873046875 0.021875 0.0361328125
0 0.74609375 0.41357421875 0.015625 0.0322265625
0 0.873828125 0.38818359375 0.01640625 0.0302734375
1 0.775390625 0.509765625 0.03828125 0.06640625
1 0.79453125 0.43359375 0.0234375 0.046875
1 0.874609375 0.40869140625 0.01640625 0.0341796875
1 0.965234375 0.38671875 0.01640625 0.033203125
1 0.435546875 0.48046875 0.02265625 0.041015625
1 0.2734375 0.49658203125 0.0234375 0.0341796875
1 0.14921875 0.5185546875 0.01875 0.03515625
2 0.58984375 0.43896484375 0.015625 0.0283203125
2 0.572265625 0.43359375 0.01640625 0.029296875
2 0.55546875 0.42919921875 0.0171875 0.0244140625
2 0.53671875 0.4248046875 0.01875 0.025390625
2 0.509375 0.43359375 0.0125 0.02734375
2 0.48125 0.43798828125 0.01875 0.0244140625
2 0.45 0.4423828125 0.0140625 0.025390625
2 0.44140625 0.46337890625 0.0140625 0.0283203125
3 0.37109375 0.62109375 0.0640625 0.126953125
3 0.394921875 0.54931640625 0.04140625 0.0966796875
3 0.862109375 0.52197265625 0.06015625 0.1220703125
3 0.741796875 0.48291015625 0.04140625 0.0888671875
2 0.44296875 0.45068359375 0.0109375 0.0185546875
