1 0.220703125 0.55029296875 0.02578125 0.0400390625
1 0.405078125 0.5419921875 0.02421875 0.0390625
1 0.617578125 0.5087890625 0.01796875 0.033203125
1 0.688671875 0.4814453125 0.01640625 0.021484375
1 0.61875 0.71044921875 0.05625 0.0888671875
1 0.636328125 0.4658203125 0.01171875 0.021484375
1 0.5625 0.4619140625 0.0140625 0.021484375
1 0.48125 0.46435546875 0.0125 0.0205078125
1 0.403125 0.4658203125 0.0125 0.01953125
1 0.323046875 0.47412109375 0.01015625 0.0205078125
1 0.252734375 0.482421875 0.01171875 0.021484375
1 0.169140625 0.49267578125 0.01484375 0.0263671875
1 0.10390625 0.5029296875 0.0125 0.0234375
1 0.0421875 0.5185546875 0.0125 0.0234375
1 0.021484375 0.55615234375 0.02109375 0.0361328125
0 0.668359375 0.5595703125 0.02421875 0.04296875
0 0.82890625 0.515625 0.0171875 0.03515625
0 0.83046875 0.478515625 0.0125 0.025390625
0 0.73984375 0.4609375 0.0125 0.021484375
0 0.6234375 0.45263671875 0.009375 0.0185546875
0 0.501953125 0.45703125 0.01015625 0.015625
0 0.440234375 0.458984375 0.01171875 0.015625
0 0.23125 0.478515625 0.0109375 0.017578125
0 0.145703125 0.49267578125 0.01015625 0.0166015625
0 0.03203125 0.509765625 0.0078125 0.015625
3 0.07734375 0.5458984375 0.028125 0.05078125
3 0.889453125 0.41943359375 0.01015625 0.0146484375
3 0.934765625 0.4189453125 0.00703125 0.017578125
2 0.966015625 0.55517578125 0.03046875 0.0478515625
