3 0.054296875 0.81298828125 0.08984375 0.1689453125
3 0.81171875 0.6640625 0.0890625 0.1640625
0 0.1265625 0.72998046875 0.0546875 0.0888671875
0 0.1203125 0.63134765625 0.0359375 0.0556640625
0 0.02265625 0.60888671875 0.028125 0.0400390625
0 0.583203125 0.51708984375 0.03359375 0.0439453125
0 0.7609375 0.45849609375 0.01875 0.0341796875
0 0.91328125 0.42333984375 0.0109375 0.0283203125
1 0.9234375 0.80908203125 0.109375 0.1708984375
1 0.782421875 0.580078125 0.03828125 0.080078125
1 0.848046875 0.50439453125 0.03359375 0.0576171875
1 0.94140625 0.45654296875 0.0296875 0.0439453125
1 0.33203125 0.55224609375 0.0265625 0.0419921875
1 0.155859375 0.55419921875 0.01953125 0.0361328125
1 0.012890625 0.57568359375 0.02109375 0.0361328125
2 0.355859375 0.52099609375 0.02421875 0.0400390625
2 0.398046875 0.4794921875 0.01328125 0.033203125
2 0.387890625 0.4912109375 0.01484375 0.02734375
2 0.37578125 0.50390625 0.015625 0.03125
2 0.43203125 0.47314453125 0.01875 0.0302734375
2 0.470703125 0.47021484375 0.01640625 0.0263671875
2 0.5046875 0.458984375 0.01875 0.029296875
2 0.523828125 0.4677734375 0.01328125 0.029296875
2 0.540625 0.47314453125 0.0125 0.0322265625
2 0.5546875 0.48828125 0.0203125 0.03515625
