3 0.050390625 0.51123046875 0.02734375 0.0517578125
0 0.648046875 0.52734375 0.02578125 0.041015625
0 0.805859375 0.48583984375 0.02109375 0.0322265625
0 0.8078125 0.44873046875 0.0140625 0.0244140625
0 0.716796875 0.4296875 0.01328125 0.017578125
0 0.6015625 0.421875 0.0078125 0.013671875
0 0.4796875 0.42236328125 0.009375 0.0107421875
0 0.41640625 0.4228515625 0.009375 0.013671875
0 0.209375 0.4443359375 0.0078125 0.01171875
0 0.118359375 0.4560546875 0.01015625 0.015625
0 0.005078125 0.47412109375 0.01015625 0.0185546875
2 0.941015625 0.529296875 0.03046875 0.046875
2 0.912109375 0.39404296875 0.00703125 0.0126953125
2 0.865234375 0.392578125 0.00859375 0.015625
1 0.5984375 0.68017578125 0.0578125 0.0947265625
1 0.38125 0.50634765625 0.028125 0.0380859375
1 0.19453125 0.51806640625 0.0296875 0.0380859375
1 0.144921875 0.45751953125 0.01015625 0.0185546875
1 0.078125 0.46875 0.0109375 0.017578125
1 0.016796875 0.4833984375 0.01484375 0.021484375
1 0.59609375 0.474609375 0.021875 0.033203125
1 0.666015625 0.44970703125 0.01640625 0.0244140625
1 0.612890625 0.43408203125 0.01328125 0.0185546875
1 0.54140625 0.4296875 0.0125 0.017578125
1 0.459765625 0.42724609375 0.00859375 0.0166015625
1 0.380859375 0.43017578125 0.00859375 0.0166015625
1 0.228515625 0.4453125 0.01015625 0.017578125
1 0.299609375 0.43603515625 0.00703125 0.0185546875
2 0.754296875 0.39013671875 0.00859375 0.0126953125
