3 0.357421875 0.5087890625 0.03359375 0.05078125
3 0.2765625 0.51220703125 0.0265625 0.0498046875
3 0.133984375 0.5810546875 0.03671875 0.07421875
3 0.078125 0.5791015625 0.0359375 0.060546875
0 0.238671875 0.72802734375 0.06640625 0.0888671875
0 0.1875 0.61572265625 0.0359375 0.0537109375
0 0.10859375 0.5908203125 0.0265625 0.041015625
0 0.039453125 0.58935546875 0.03203125 0.0361328125
0 0.1515625 0.53466796875 0.015625 0.0263671875
0 0.230078125 0.50048828125 0.02421875 0.0224609375
0 0.31484375 0.47314453125 0.0078125 0.0224609375
0 0.419140625 0.451171875 0.01796875 0.025390625
0 0.5046875 0.42724609375 0.0140625 0.0283203125
0 0.71171875 0.38818359375 0.015625 0.0185546875
0 0.77890625 0.3798828125 0.0140625 0.01953125
0 0.91171875 0.3701171875 0.0203125 0.02734375
1 0.497265625 0.505859375 0.03671875 0.04296875
1 0.69296875 0.48388671875 0.0359375 0.0478515625
1 0.928515625 0.431640625 0.03359375 0.044921875
1 0.936328125 0.3828125 0.01796875 0.03125
1 0.850390625 0.38525390625 0.02109375 0.0244140625
1 0.76171875 0.39306640625 0.0203125 0.0322265625
1 0.676171875 0.400390625 0.01953125 0.0234375
1 0.5953125 0.41552734375 0.021875 0.0185546875
1 0.524609375 0.4287109375 0.01796875 0.01953125
1 0.443359375 0.44677734375 0.01640625 0.0205078125
1 0.383203125 0.4619140625 0.01640625 0.025390625
1 0.326953125 0.47998046875 0.01640625 0.0224609375
1 0.30546875 0.52294921875 0.021875 0.0361328125
1 0.28203125 0.5009765625 0.0203125 0.02734375
1 0.26171875 0.515625 0.0171875 0.03515625
2 0.10703125 0.5322265625 0.0203125 0.029296875
2 0.07734375 0.5380859375 0.025 0.025390625
2 0.051171875 0.53759765625 0.01953125 0.0244140625
2 0.0265625 0.544921875 0.0140625 0.021484375
