1 0.606640625 0.72998046875 0.05703125 0.0947265625
1 0.3921875 0.576171875 0.0265625 0.037109375
1 0.605078125 0.53173828125 0.02109375 0.0341796875
1 0.67421875 0.50146484375 0.0171875 0.0224609375
1 0.620703125 0.48974609375 0.01640625 0.0224609375
1 0.55 0.48828125 0.0140625 0.0234375
1 0.4703125 0.4931640625 0.0125 0.017578125
1 0.39140625 0.50341796875 0.0140625 0.0224609375
1 0.23984375 0.52392578125 0.0125 0.0166015625
1 0.207421875 0.59521484375 0.02578125 0.0380859375
1 0.011328125 0.60693359375 0.02265625 0.0380859375
1 0.03203125 0.57177734375 0.01875 0.0224609375
1 0.092578125 0.5537109375 0.01796875 0.017578125
1 0.15703125 0.5390625 0.0140625 0.021484375
0 0.655078125 0.57763671875 0.02578125 0.0439453125
0 0.8140625 0.52392578125 0.021875 0.0361328125
0 0.816015625 0.48779296875 0.01640625 0.0244140625
0 0.724609375 0.47607421875 0.01328125 0.0166015625
0 0.60859375 0.47705078125 0.0125 0.0185546875
0 0.48984375 0.484375 0.0125 0.01953125
0 0.425 0.49169921875 0.0140625 0.0166015625
0 0.220703125 0.525390625 0.01328125 0.017578125
0 0.13125 0.53955078125 0.0109375 0.0185546875
0 0.02109375 0.5625 0.0171875 0.021484375
3 0.065234375 0.5947265625 0.02578125 0.0546875
2 0.946875 0.55419921875 0.034375 0.0517578125
2 0.871875 0.4287109375 0.009375 0.015625
2 0.919921875 0.42529296875 0.00859375 0.0126953125
1 0.310546875 0.513671875 0.01171875 0.021484375
