3 0.344140625 0.6298828125 0.05546875 0.126953125
3 0.369921875 0.5576171875 0.04296875 0.087890625
3 0.855078125 0.53369140625 0.06015625 0.1201171875
3 0.73046875 0.4833984375 0.0453125 0.08984375
0 0.3703125 0.59912109375 0.0375 0.0673828125
0 0.29296875 0.529296875 0.021875 0.0390625
0 0.18203125 0.53369140625 0.0203125 0.0322265625
0 0.046484375 0.5556640625 0.02109375 0.033203125
0 0.60234375 0.45654296875 0.021875 0.0341796875
0 0.734765625 0.41943359375 0.01484375 0.0283203125
0 0.8640625 0.39306640625 0.015625 0.0263671875
1 0.76640625 0.517578125 0.0421875 0.06640625
1 0.78203125 0.4365234375 0.025 0.041015625
1 0.863671875 0.41259765625 0.02109375 0.0341796875
1 0.9515625 0.39013671875 0.015625 0.0322265625
1 0.422265625 0.48681640625 0.01796875 0.0341796875
1 0.259765625 0.49853515625 0.01953125 0.0322265625
1 0.133203125 0.52490234375 0.01796875 0.0322265625
0 0.200390625 0.859375 0.10078125 0.130859375
2 0.576171875 0.4443359375 0.01640625 0.02734375
2 0.562109375 0.4375 0.01328125 0.025390625
2 0.543359375 0.43408203125 0.01484375 0.0263671875
2 0.526953125 0.43115234375 0.01640625 0.0205078125
2 0.4984375 0.4365234375 0.0140625 0.0234375
2 0.46796875 0.4423828125 0.0171875 0.025390625
2 0.433984375 0.44677734375 0.01015625 0.0263671875
2 0.422265625 0.47119140625 0.01171875 0.0263671875
