2 0.38203125 0.6015625 0.0453125 0.0625
2 0.47578125 0.50634765625 0.028125 0.0400390625
2 0.509765625 0.46923828125 0.02109375 0.0361328125
2 0.53984375 0.4375 0.0171875 0.02734375
2 0.598046875 0.42919921875 0.01796875 0.0263671875
2 0.653515625 0.419921875 0.01640625 0.02734375
2 0.709765625 0.4111328125 0.01796875 0.025390625
2 0.748046875 0.4287109375 0.01953125 0.03125
2 0.79453125 0.458984375 0.0265625 0.04296875
2 0.884375 0.53857421875 0.0453125 0.0771484375
1 0.039453125 0.63427734375 0.03359375 0.0517578125
1 0.113671875 0.87060546875 0.05703125 0.0576171875
