0 0.214453125 0.69580078125 0.05703125 0.0908203125
0 0.184375 0.5634765625 0.0234375 0.046875
0 0.098046875 0.5595703125 0.02265625 0.041015625
0 0.360546875 0.49951171875 0.01640625 0.0283203125
0 0.46953125 0.4736328125 0.0125 0.029296875
0 0.69609375 0.43408203125 0.0140625 0.0224609375
0 0.796484375 0.4228515625 0.01171875 0.021484375
1 0.7640625 0.56787109375 0.0484375 0.0810546875
1 0.505859375 0.5283203125 0.03203125 0.052734375
1 0.510546875 0.4833984375 0.01953125 0.0390625
1 0.574609375 0.4638671875 0.01796875 0.029296875
1 0.644921875 0.447265625 0.01328125 0.033203125
1 0.72109375 0.43701171875 0.0125 0.0283203125
1 0.819140625 0.4248046875 0.01328125 0.02734375
1 0.908203125 0.4189453125 0.01015625 0.021484375
1 0.200390625 0.5244140625 0.01640625 0.03125
1 0.02890625 0.54443359375 0.01875 0.0302734375
2 0.331640625 0.49365234375 0.01484375 0.0283203125
2 0.3125 0.48828125 0.0140625 0.025390625
2 0.292578125 0.48583984375 0.01015625 0.0205078125
2 0.2734375 0.48486328125 0.0125 0.0224609375
2 0.24609375 0.4892578125 0.0125 0.0234375
2 0.216796875 0.494140625 0.01328125 0.021484375
3 0.23203125 0.59765625 0.0453125 0.08984375
3 0.209765625 0.572265625 0.03046875 0.0625
3 0.566796875 0.5283203125 0.03984375 0.083984375
3 0.4796875 0.509765625 0.03125 0.064453125
2 0.192578125 0.51708984375 0.00703125 0.0205078125
2 0.187890625 0.5107421875 0.00546875 0.013671875
2 0.18515625 0.5009765625 0.0078125 0.015625
