3 0.10546875 0.62109375 0.0359375 0.064453125
3 0.051171875 0.615234375 0.02890625 0.05078125
3 0.3265625 0.55126953125 0.0265625 0.0498046875
3 0.248046875 0.55419921875 0.02421875 0.0478515625
2 0.075 0.5751953125 0.0140625 0.0234375
2 0.04453125 0.57470703125 0.0125 0.0185546875
2 0.01875 0.578125 0.0125 0.01953125
1 0.951953125 0.736328125 0.06953125 0.1171875
1 0.6578125 0.52734375 0.025 0.044921875
1 0.466015625 0.5517578125 0.02265625 0.03515625
1 0.887890625 0.47802734375 0.01953125 0.0361328125
1 0.959375 0.4443359375 0.0140625 0.02734375
1 0.89375 0.43115234375 0.0125 0.0205078125
1 0.813671875 0.43212890625 0.01328125 0.0185546875
1 0.7265625 0.4384765625 0.0125 0.01953125
1 0.644140625 0.44921875 0.01015625 0.01953125
1 0.564453125 0.46484375 0.01484375 0.021484375
1 0.494140625 0.47705078125 0.01015625 0.0185546875
1 0.413671875 0.4921875 0.00859375 0.017578125
1 0.353125 0.5068359375 0.0140625 0.01953125
1 0.295703125 0.5244140625 0.01328125 0.0234375
1 0.276171875 0.5625 0.01796875 0.029296875
1 0.25234375 0.5419921875 0.0125 0.025390625
1 0.23359375 0.55810546875 0.0140625 0.0244140625
0 0.2125 0.75341796875 0.05625 0.0810546875
0 0.158984375 0.65380859375 0.03359375 0.0556640625
0 0.077734375 0.62646484375 0.01953125 0.0361328125
0 0.0109375 0.6259765625 0.0203125 0.033203125
0 0.118359375 0.57373046875 0.01796875 0.0263671875
0 0.19921875 0.54296875 0.0125 0.01953125
0 0.2875 0.52001953125 0.0109375 0.0185546875
0 0.389453125 0.494140625 0.01015625 0.015625
0 0.474609375 0.474609375 0.01015625 0.015625
0 0.6796875 0.43798828125 0.009375 0.0166015625
0 0.744140625 0.431640625 0.00546875 0.01171875
0 0.87578125 0.42041015625 0.0109375 0.0166015625
0 0.967578125 0.53515625 0.03359375 0.056640625
