2 0.051953125 0.52099609375 0.01484375 0.0263671875
2 0.022265625 0.52392578125 0.01328125 0.0185546875
3 0.08359375 0.56982421875 0.0359375 0.0693359375
3 0.027734375 0.564453125 0.02578125 0.056640625
3 0.2265625 0.513671875 0.0234375 0.046875
3 0.308203125 0.51171875 0.03046875 0.05078125
1 0.905859375 0.7275390625 0.06328125 0.109375
1 0.63515625 0.50732421875 0.0265625 0.0361328125
1 0.862890625 0.474609375 0.02421875 0.033203125
1 0.9359375 0.4443359375 0.0171875 0.029296875
1 0.874609375 0.4248046875 0.01484375 0.021484375
1 0.794140625 0.42236328125 0.01328125 0.0205078125
1 0.7078125 0.42431640625 0.015625 0.0205078125
1 0.6265625 0.427734375 0.0140625 0.01953125
1 0.546484375 0.43798828125 0.01171875 0.0185546875
1 0.476953125 0.4453125 0.01484375 0.021484375
1 0.44296875 0.5185546875 0.025 0.0390625
1 0.255859375 0.52099609375 0.02421875 0.0322265625
1 0.212109375 0.5126953125 0.01328125 0.029296875
1 0.23046875 0.49951171875 0.015625 0.0341796875
1 0.276171875 0.48291015625 0.01484375 0.0263671875
1 0.334765625 0.46875 0.00859375 0.0234375
1 0.39296875 0.45654296875 0.009375 0.0185546875
0 0.93125 0.53515625 0.0359375 0.05859375
0 0.98828125 0.41845703125 0.0125 0.0224609375
0 0.856640625 0.4130859375 0.01171875 0.01953125
0 0.72734375 0.41650390625 0.0140625 0.0185546875
0 0.660546875 0.4208984375 0.01171875 0.021484375
0 0.455859375 0.443359375 0.01484375 0.021484375
0 0.370703125 0.45703125 0.01328125 0.01953125
0 0.188671875 0.7119140625 0.05703125 0.08203125
0 0.13359375 0.607421875 0.0375 0.048828125
0 0.05625 0.57470703125 0.021875 0.0439453125
0 0.097265625 0.5244140625 0.01484375 0.01953125
0 0.18046875 0.49658203125 0.0109375 0.0166015625
0 0.266796875 0.47802734375 0.01171875 0.0205078125
