0 0.123046875 0.72802734375 0.06171875 0.0908203125
0 0.120703125 0.62939453125 0.03828125 0.0576171875
0 0.02421875 0.60888671875 0.0265625 0.0458984375
0 0.586328125 0.51513671875 0.03359375 0.0419921875
0 0.765625 0.455078125 0.0203125 0.041015625
0 0.92109375 0.421875 0.0203125 0.02734375
1 0.936328125 0.8173828125 0.11484375 0.17578125
1 0.7890625 0.57861328125 0.0390625 0.0771484375
1 0.852734375 0.5029296875 0.03359375 0.0546875
1 0.949609375 0.45166015625 0.02734375 0.0478515625
1 0.33671875 0.55322265625 0.0296875 0.0458984375
1 0.16015625 0.55419921875 0.0234375 0.0380859375
1 0.021484375 0.5751953125 0.02265625 0.03515625
2 0.558984375 0.48583984375 0.02421875 0.0341796875
2 0.5421875 0.47265625 0.0171875 0.029296875
2 0.528125 0.4658203125 0.0125 0.029296875
2 0.51015625 0.4580078125 0.0140625 0.0234375
2 0.4734375 0.46533203125 0.015625 0.0244140625
2 0.439453125 0.470703125 0.01484375 0.025390625
2 0.402734375 0.48046875 0.01328125 0.0234375
2 0.389453125 0.4892578125 0.01171875 0.029296875
2 0.380078125 0.50048828125 0.01953125 0.0322265625
2 0.362109375 0.521484375 0.01953125 0.037109375
3 0.815234375 0.66552734375 0.10078125 0.1767578125
3 0.05703125 0.81787109375 0.09375 0.1787109375
