3 0.246484375 0.57421875 0.03515625 0.076171875
3 0.210546875 0.5517578125 0.02421875 0.064453125
3 0.53671875 0.5029296875 0.0328125 0.05859375
3 0.449609375 0.4951171875 0.02109375 0.0546875
2 0.298046875 0.4921875 0.01796875 0.025390625
2 0.276171875 0.4873046875 0.01171875 0.01953125
2 0.25625 0.486328125 0.0125 0.0234375
2 0.234765625 0.4853515625 0.01328125 0.01953125
2 0.205859375 0.4931640625 0.01484375 0.01953125
2 0.178125 0.4990234375 0.009375 0.017578125
2 0.163671875 0.51904296875 0.01640625 0.0224609375
2 0.144921875 0.50341796875 0.00859375 0.0185546875
2 0.148828125 0.5087890625 0.00546875 0.01953125
1 0.709765625 0.53173828125 0.03046875 0.0517578125
1 0.989453125 0.5322265625 0.02265625 0.060546875
1 0.47890625 0.51220703125 0.025 0.0400390625
1 0.440234375 0.4931640625 0.01171875 0.03125
1 0.4734375 0.47509765625 0.0171875 0.0263671875
1 0.528515625 0.45703125 0.01484375 0.03125
1 0.59375 0.44091796875 0.009375 0.0205078125
1 0.664453125 0.42919921875 0.01328125 0.0185546875
1 0.756640625 0.41748046875 0.01328125 0.0185546875
1 0.83984375 0.40673828125 0.0125 0.0224609375
1 0.93828125 0.3994140625 0.015625 0.021484375
1 0.180078125 0.525390625 0.02265625 0.02734375
0 0.263671875 0.6435546875 0.04453125 0.064453125
0 0.22734375 0.5703125 0.021875 0.044921875
0 0.1796875 0.55419921875 0.0203125 0.0380859375
0 0.08671875 0.55419921875 0.025 0.0361328125
0 0.33125 0.49462890625 0.015625 0.0224609375
0 0.4265625 0.46728515625 0.0109375 0.0224609375
0 0.642578125 0.42529296875 0.01328125 0.0185546875
0 0.733984375 0.4150390625 0.01015625 0.017578125
0 0.980078125 0.39013671875 0.01328125 0.0166015625
1 0.00625 0.55419921875 0.0109375 0.0263671875
