0 0.696875 0.5517578125 0.03125 0.0546875
0 0.856640625 0.5087890625 0.01953125 0.033203125
0 0.855859375 0.46826171875 0.02109375 0.0283203125
0 0.762890625 0.451171875 0.01328125 0.02734375
0 0.646484375 0.447265625 0.01328125 0.025390625
0 0.525390625 0.4501953125 0.01328125 0.021484375
0 0.46328125 0.45458984375 0.0171875 0.0166015625
0 0.256640625 0.4755859375 0.01328125 0.017578125
0 0.169140625 0.49072265625 0.01484375 0.0185546875
0 0.058984375 0.50634765625 0.01484375 0.0224609375
1 0.65 0.7099609375 0.065625 0.103515625
1 0.425390625 0.537109375 0.03984375 0.044921875
1 0.64296875 0.5009765625 0.021875 0.0390625
1 0.715625 0.47265625 0.0171875 0.033203125
1 0.661328125 0.45947265625 0.01484375 0.0263671875
1 0.5890625 0.45458984375 0.0140625 0.0244140625
1 0.506640625 0.45654296875 0.01484375 0.0166015625
1 0.427734375 0.46142578125 0.01640625 0.0224609375
1 0.3484375 0.46923828125 0.015625 0.0224609375
1 0.278125 0.47607421875 0.0171875 0.0244140625
1 0.19375 0.48974609375 0.0140625 0.0263671875
1 0.13125 0.5 0.01875 0.025390625
1 0.06953125 0.51611328125 0.0171875 0.0244140625
1 0.049609375 0.55322265625 0.02421875 0.0380859375
1 0.02265625 0.53125 0.0171875 0.029296875
1 0.24375 0.548828125 0.0234375 0.041015625
3 0.1015625 0.54248046875 0.0265625 0.0517578125
3 0.013671875 0.5458984375 0.01328125 0.056640625
2 0.990234375 0.5458984375 0.02109375 0.05859375
2 0.9140625 0.4130859375 0.0078125 0.017578125
2 0.96328125 0.4111328125 0.0078125 0.01171875
2 0.802734375 0.41357421875 0.00703125 0.0107421875
