0 0.27265625 0.80029296875 0.084375 0.1259765625
0 0.3171875 0.51806640625 0.025 0.0380859375
0 0.20546875 0.52099609375 0.0203125 0.0361328125
0 0.07109375 0.54052734375 0.0234375 0.0380859375
0 0.403515625 0.58154296875 0.03359375 0.0654296875
0 0.61875 0.44921875 0.01875 0.03515625
0 0.746484375 0.416015625 0.01484375 0.029296875
0 0.87109375 0.390625 0.0140625 0.03125
0 0.3828125 0.5341796875 0.0234375 0.048828125
1 0.777734375 0.509765625 0.03984375 0.05859375
1 0.794140625 0.4365234375 0.02578125 0.03515625
1 0.87265625 0.41064453125 0.0171875 0.0302734375
1 0.958984375 0.390625 0.02109375 0.029296875
1 0.440625 0.47802734375 0.01875 0.0322265625
1 0.28125 0.49462890625 0.0171875 0.0283203125
1 0.15390625 0.51513671875 0.0171875 0.0283203125
2 0.59140625 0.4384765625 0.015625 0.0234375
2 0.576953125 0.431640625 0.01484375 0.0234375
2 0.558984375 0.42919921875 0.01328125 0.0244140625
2 0.544140625 0.42822265625 0.01953125 0.0185546875
2 0.510546875 0.4306640625 0.01640625 0.01953125
2 0.481640625 0.43896484375 0.01171875 0.0263671875
3 0.384765625 0.60791015625 0.05390625 0.1181640625
3 0.858984375 0.51904296875 0.06015625 0.1162109375
3 0.743359375 0.4794921875 0.03046875 0.0859375
2 0.440625 0.46484375 0.0140625 0.01953125
2 0.44296875 0.4560546875 0.009375 0.015625
2 0.44765625 0.44189453125 0.0109375 0.0166015625
