0 0.16171875 0.791015625 0.0765625 0.107421875
0 0.249609375 0.6357421875 0.03984375 0.064453125
0 0.2171875 0.57177734375 0.028125 0.0439453125
0 0.116796875 0.56005859375 0.02578125 0.0322265625
0 0.62890625 0.47509765625 0.025 0.0361328125
0 0.796484375 0.4267578125 0.01953125 0.029296875
0 0.947265625 0.3955078125 0.01484375 0.025390625
1 0.883203125 0.66845703125 0.07734375 0.1123046875
1 0.866796875 0.46435546875 0.03203125 0.0439453125
1 0.96328125 0.42431640625 0.025 0.0361328125
1 0.400390625 0.50732421875 0.02421875 0.0361328125
1 0.2328125 0.5146484375 0.0203125 0.029296875
1 0.0984375 0.53369140625 0.01875 0.0263671875
1 0.79296875 0.5205078125 0.01875 0.0546875
2 0.603125 0.451171875 0.015625 0.025390625
2 0.587890625 0.439453125 0.01171875 0.01953125
2 0.570703125 0.4326171875 0.01171875 0.021484375
2 0.5546875 0.42919921875 0.0109375 0.0185546875
2 0.52109375 0.43359375 0.0109375 0.017578125
2 0.487109375 0.4384765625 0.01171875 0.021484375
2 0.450390625 0.4453125 0.01015625 0.017578125
2 0.432421875 0.46337890625 0.01328125 0.0244140625
2 0.417578125 0.4814453125 0.01953125 0.025390625
3 0.808984375 0.57666015625 0.06640625 0.1259765625
3 0.21484375 0.68505859375 0.0671875 0.1298828125
2 0.441015625 0.455078125 0.01171875 0.01953125
