3 0.32578125 0.5947265625 0.046875 0.095703125
3 0.718359375 0.5234375 0.04453125 0.0859375
3 0.61953125 0.49560546875 0.0359375 0.0634765625
0 0.267578125 0.72705078125 0.06328125 0.0966796875
0 0.298828125 0.54345703125 0.02578125 0.0419921875
0 0.225 0.5302734375 0.0234375 0.03515625
0 0.1046875 0.53271484375 0.0140625 0.0322265625
0 0.504296875 0.47412109375 0.01640625 0.0283203125
0 0.62109375 0.44482421875 0.0109375 0.0263671875
0 0.866796875 0.4140625 0.01015625 0.021484375
1 0.96796875 0.60546875 0.0578125 0.0859375
1 0.64765625 0.5185546875 0.0421875 0.052734375
1 0.6625 0.46240234375 0.0203125 0.0361328125
1 0.73359375 0.44140625 0.021875 0.033203125
1 0.812109375 0.42626953125 0.01484375 0.0283203125
1 0.89609375 0.41650390625 0.0140625 0.0283203125
1 0.339453125 0.4951171875 0.02265625 0.033203125
1 0.17578125 0.50927734375 0.01875 0.0322265625
1 0.04296875 0.5263671875 0.01875 0.033203125
2 0.476171875 0.46533203125 0.01484375 0.0302734375
2 0.45859375 0.45654296875 0.0171875 0.0283203125
2 0.4421875 0.45703125 0.0171875 0.0234375
2 0.42578125 0.45263671875 0.0109375 0.0263671875
2 0.397265625 0.45703125 0.01640625 0.021484375
2 0.36640625 0.4619140625 0.01875 0.0234375
2 0.333203125 0.48828125 0.01015625 0.017578125
2 0.33359375 0.47509765625 0.0109375 0.0126953125
2 0.333984375 0.46484375 0.00859375 0.013671875
0 0.980859375 0.4033203125 0.01015625 0.015625
0 0.73515625 0.427734375 0.009375 0.015625
