2 0.41796875 0.54736328125 0.025 0.0419921875
2 0.46484375 0.4990234375 0.01875 0.033203125
2 0.484765625 0.47607421875 0.01796875 0.0263671875
2 0.505859375 0.4560546875 0.01171875 0.021484375
2 0.55546875 0.44677734375 0.0140625 0.0244140625
2 0.601171875 0.439453125 0.01171875 0.021484375
2 0.647265625 0.43115234375 0.01484375 0.0244140625
2 0.673046875 0.4423828125 0.01328125 0.02734375
2 0.701953125 0.45703125 0.01953125 0.03515625
2 0.744140625 0.4951171875 0.02734375 0.04296875
0 0.85234375 0.609375 0.0578125 0.0859375
1 0.331640625 0.6513671875 0.04453125 0.0703125
1 0.141015625 0.5888671875 0.02265625 0.037109375
