2 0.403515625 0.5830078125 0.04140625 0.064453125
2 0.483203125 0.4970703125 0.02578125 0.04296875
2 0.512890625 0.46044921875 0.01953125 0.0322265625
2 0.541796875 0.43310546875 0.01640625 0.0283203125
2 0.598046875 0.419921875 0.01640625 0.029296875
2 0.651171875 0.40869140625 0.01640625 0.0263671875
2 0.70546875 0.40087890625 0.0171875 0.0244140625
2 0.74140625 0.4140625 0.0171875 0.0390625
2 0.783203125 0.439453125 0.03046875 0.044921875
2 0.861328125 0.50732421875 0.04140625 0.0693359375
1 0.20078125 0.82958984375 0.0796875 0.1220703125
1 0.07421875 0.62451171875 0.03125 0.0498046875
