0 0.0390625 0.72802734375 0.0515625 0.0830078125
0 0.739453125 0.5576171875 0.02734375 0.046875
0 0.901953125 0.515625 0.01953125 0.03515625
0 0.90078125 0.47509765625 0.015625 0.0224609375
0 0.806640625 0.45751953125 0.01015625 0.0205078125
0 0.6890625 0.45068359375 0.0078125 0.0146484375
0 0.565234375 0.4521484375 0.00859375 0.013671875
0 0.50234375 0.4560546875 0.00625 0.01171875
0 0.2109375 0.4853515625 0.0078125 0.015625
0 0.102734375 0.50244140625 0.00859375 0.0166015625
0 0.008984375 0.52197265625 0.01171875 0.0205078125
3 0.1453125 0.5390625 0.028125 0.048828125
3 0.062890625 0.5390625 0.02421875 0.044921875
1 0.693359375 0.716796875 0.05703125 0.091796875
1 0.468359375 0.53759765625 0.02421875 0.0361328125
1 0.28515625 0.54638671875 0.0234375 0.0380859375
1 0.0921875 0.546875 0.01875 0.029296875
1 0.046875 0.53857421875 0.0140625 0.0263671875
1 0.11171875 0.51171875 0.0140625 0.017578125
1 0.171875 0.4970703125 0.009375 0.017578125
1 0.234765625 0.486328125 0.01015625 0.017578125
1 0.316796875 0.47607421875 0.01015625 0.0146484375
1 0.465625 0.462890625 0.0109375 0.015625
1 0.54609375 0.45947265625 0.0078125 0.0126953125
1 0.62734375 0.45947265625 0.009375 0.0146484375
1 0.70078125 0.46337890625 0.0109375 0.0185546875
1 0.75546875 0.47900390625 0.0140625 0.0244140625
1 0.684375 0.50537109375 0.01875 0.0302734375
1 0.386328125 0.46875 0.01171875 0.017578125
0 0.297265625 0.47412109375 0.01015625 0.0146484375
2 0.95859375 0.41650390625 0.009375 0.0146484375
2 0.843359375 0.41552734375 0.01015625 0.0126953125
