2 0.349609375 0.57421875 0.02421875 0.044921875
2 0.409765625 0.5107421875 0.02265625 0.03515625
2 0.434375 0.48291015625 0.015625 0.0283203125
2 0.458203125 0.45751953125 0.01328125 0.0244140625
2 0.509765625 0.44677734375 0.01640625 0.0244140625
2 0.558984375 0.43701171875 0.01328125 0.0244140625
2 0.608203125 0.42919921875 0.01484375 0.0244140625
2 0.638671875 0.43994140625 0.01640625 0.0283203125
2 0.67265625 0.45947265625 0.0234375 0.0361328125
2 0.7296875 0.5087890625 0.03125 0.05078125
0 0.915234375 0.68994140625 0.07734375 0.1181640625
1 0.218359375 0.7431640625 0.06015625 0.087890625
1 0.03515625 0.6318359375 0.03125 0.04296875
