2 0.401953125 0.5810546875 0.03671875 0.05859375
2 0.4796875 0.49560546875 0.0234375 0.0380859375
2 0.511328125 0.46142578125 0.02109375 0.0322265625
2 0.537890625 0.4326171875 0.01484375 0.025390625
2 0.59609375 0.42333984375 0.0140625 0.0263671875
2 0.64765625 0.4130859375 0.0125 0.025390625
2 0.703515625 0.40283203125 0.01484375 0.0244140625
2 0.737890625 0.41796875 0.01953125 0.033203125
2 0.780078125 0.44140625 0.02109375 0.04296875
2 0.85859375 0.50732421875 0.0328125 0.0673828125
1 0.07109375 0.625 0.0328125 0.044921875
1 0.2046875 0.82470703125 0.075 0.1142578125
