2 0.421484375 0.544921875 0.02578125 0.044921875
2 0.466796875 0.49609375 0.01953125 0.033203125
2 0.487109375 0.47412109375 0.01640625 0.0263671875
2 0.50703125 0.45458984375 0.0140625 0.0205078125
2 0.55703125 0.4453125 0.015625 0.025390625
2 0.601953125 0.4384765625 0.01484375 0.025390625
2 0.648046875 0.4306640625 0.01328125 0.0234375
2 0.67421875 0.4423828125 0.015625 0.02734375
2 0.702734375 0.4580078125 0.02109375 0.03125
2 0.7421875 0.49365234375 0.0265625 0.0458984375
0 0.85234375 0.6064453125 0.053125 0.083984375
1 0.334765625 0.6484375 0.04609375 0.06640625
1 0.14296875 0.58642578125 0.0265625 0.0380859375
