3 0.081640625 0.544921875 0.02734375 0.05078125
2 0.970703125 0.5537109375 0.03046875 0.05078125
1 0.62578125 0.70947265625 0.0546875 0.0869140625
1 0.40859375 0.53857421875 0.025 0.0361328125
1 0.6234375 0.50537109375 0.01875 0.0283203125
1 0.694921875 0.4794921875 0.01640625 0.02734375
1 0.639453125 0.4638671875 0.01171875 0.01953125
1 0.5671875 0.45849609375 0.0125 0.0185546875
1 0.4859375 0.4599609375 0.0109375 0.017578125
1 0.4078125 0.46337890625 0.015625 0.0185546875
1 0.32734375 0.47216796875 0.0109375 0.0185546875
1 0.256640625 0.48046875 0.01484375 0.01953125
1 0.22421875 0.54931640625 0.0234375 0.0380859375
1 0.17421875 0.4912109375 0.0109375 0.017578125
1 0.1078125 0.50341796875 0.0125 0.0205078125
1 0.046875 0.517578125 0.015625 0.021484375
1 0.02578125 0.55419921875 0.025 0.0302734375
0 0.673828125 0.5576171875 0.02578125 0.044921875
0 0.833203125 0.51171875 0.02109375 0.033203125
0 0.834765625 0.47216796875 0.01328125 0.0263671875
0 0.743359375 0.4560546875 0.01171875 0.0234375
0 0.628125 0.451171875 0.0125 0.021484375
0 0.505859375 0.453125 0.01328125 0.021484375
0 0.443359375 0.4560546875 0.01328125 0.013671875
0 0.2359375 0.47900390625 0.0125 0.0205078125
0 0.14765625 0.49072265625 0.0109375 0.0166015625
0 0.0375 0.51025390625 0.0109375 0.0205078125
