0 0.16015625 0.7109375 0.053125 0.0859375
0 0.878515625 0.5546875 0.02734375 0.046875
0 0.943359375 0.4443359375 0.01328125 0.017578125
0 0.816015625 0.4375 0.01328125 0.021484375
0 0.688671875 0.4384765625 0.01171875 0.017578125
0 0.626171875 0.4404296875 0.01171875 0.021484375
0 0.418359375 0.45947265625 0.01015625 0.0166015625
0 0.334375 0.47119140625 0.0109375 0.0185546875
0 0.23125 0.48828125 0.0140625 0.01953125
0 0.14140625 0.5029296875 0.0171875 0.025390625
0 0.058984375 0.529296875 0.01484375 0.025390625
0 0.01796875 0.58056640625 0.025 0.0419921875
0 0.10078125 0.6103515625 0.034375 0.046875
1 0.8421875 0.73193359375 0.0609375 0.1025390625
1 0.5953125 0.5263671875 0.0265625 0.04296875
1 0.8171875 0.49609375 0.0203125 0.033203125
1 0.88984375 0.46923828125 0.0140625 0.0283203125
1 0.83046875 0.45166015625 0.0140625 0.0244140625
1 0.751953125 0.4443359375 0.01484375 0.0234375
1 0.66875 0.44482421875 0.0140625 0.0205078125
1 0.590625 0.44775390625 0.0140625 0.0185546875
1 0.509375 0.4560546875 0.0203125 0.01953125
1 0.43984375 0.4609375 0.0125 0.015625
1 0.40859375 0.5302734375 0.021875 0.041015625
1 0.359375 0.474609375 0.0125 0.025390625
1 0.295703125 0.47900390625 0.01328125 0.0205078125
1 0.23984375 0.4970703125 0.0125 0.0234375
1 0.21875 0.533203125 0.01875 0.033203125
1 0.176171875 0.52392578125 0.01328125 0.0283203125
1 0.1953125 0.509765625 0.015625 0.029296875
3 0.27265625 0.5224609375 0.0265625 0.05078125
3 0.1890625 0.52197265625 0.01875 0.0517578125
3 0.048046875 0.57421875 0.03203125 0.06640625
2 0.01171875 0.529296875 0.015625 0.033203125
