0 0.1453125 0.75732421875 0.0671875 0.1025390625
0 0.1625 0.6376953125 0.0375 0.06640625
0 0.07265625 0.60693359375 0.0265625 0.0419921875
0 0.659375 0.537109375 0.025 0.0546875
0 0.8515625 0.4853515625 0.0203125 0.037109375
1 0.896484375 0.63134765625 0.05859375 0.0888671875
1 0.953125 0.5390625 0.040625 0.0625
1 0.393359375 0.56787109375 0.03046875 0.0498046875
1 0.21875 0.5595703125 0.0265625 0.041015625
1 0.082421875 0.56884765625 0.02734375 0.0380859375
2 0.422265625 0.53466796875 0.02109375 0.0341796875
2 0.442578125 0.515625 0.02109375 0.033203125
2 0.4546875 0.498046875 0.0109375 0.037109375
2 0.468359375 0.49169921875 0.01484375 0.0322265625
2 0.50546875 0.4853515625 0.0171875 0.025390625
2 0.5421875 0.47998046875 0.01875 0.0263671875
2 0.5796875 0.47216796875 0.015625 0.0283203125
2 0.59765625 0.48095703125 0.015625 0.0322265625
2 0.615234375 0.48876953125 0.01796875 0.0400390625
2 0.633203125 0.5068359375 0.02109375 0.037109375
3 0.93359375 0.75830078125 0.1265625 0.2177734375
3 0.0484375 0.849609375 0.090625 0.154296875
