3 0.846484375 0.6796875 0.09609375 0.173828125
0 0.1359375 0.74169921875 0.059375 0.0849609375
0 0.130078125 0.638671875 0.03828125 0.0546875
0 0.036328125 0.61279296875 0.02890625 0.0400390625
0 0.602734375 0.51708984375 0.03515625 0.0458984375
0 0.7859375 0.4560546875 0.0234375 0.029296875
0 0.940625 0.4189453125 0.0171875 0.02734375
2 0.373828125 0.5234375 0.01953125 0.03125
2 0.39296875 0.5029296875 0.015625 0.029296875
2 0.403125 0.48828125 0.009375 0.025390625
2 0.414453125 0.47900390625 0.01484375 0.0224609375
2 0.45390625 0.47216796875 0.0109375 0.0224609375
2 0.4890625 0.46630859375 0.0109375 0.0224609375
2 0.524609375 0.46044921875 0.01015625 0.0244140625
2 0.542578125 0.46240234375 0.01328125 0.0244140625
2 0.558984375 0.47021484375 0.01328125 0.0302734375
2 0.574609375 0.486328125 0.01640625 0.03515625
1 0.81328125 0.5849609375 0.04375 0.07421875
1 0.87734375 0.501953125 0.0359375 0.0546875
1 0.970703125 0.4521484375 0.03203125 0.04296875
1 0.35 0.55615234375 0.0296875 0.0400390625
1 0.1734375 0.55859375 0.021875 0.033203125
1 0.033203125 0.57763671875 0.02265625 0.0283203125
1 0.956640625 0.841796875 0.08203125 0.16796875
3 0.05546875 0.83642578125 0.0953125 0.1748046875
