0 0.133203125 0.74267578125 0.06171875 0.0849609375
0 0.132421875 0.63720703125 0.03671875 0.0615234375
0 0.037890625 0.61474609375 0.02890625 0.0439453125
0 0.606640625 0.5185546875 0.02890625 0.048828125
0 0.78984375 0.4541015625 0.0203125 0.037109375
0 0.945703125 0.42041015625 0.01953125 0.0341796875
1 0.03984375 0.5791015625 0.0234375 0.037109375
1 0.178125 0.56103515625 0.028125 0.0458984375
1 0.35234375 0.5556640625 0.0390625 0.052734375
1 0.9625 0.8427734375 0.0734375 0.16796875
1 0.82109375 0.58642578125 0.0453125 0.0791015625
1 0.8828125 0.5029296875 0.0359375 0.05859375
1 0.97734375 0.45361328125 0.0296875 0.0361328125
2 0.582421875 0.48828125 0.02265625 0.0390625
2 0.563671875 0.47119140625 0.01953125 0.0322265625
2 0.54921875 0.466796875 0.0140625 0.03125
2 0.53125 0.46240234375 0.0171875 0.0283203125
2 0.493359375 0.46728515625 0.01640625 0.0244140625
2 0.458203125 0.474609375 0.01640625 0.02734375
2 0.4203125 0.48046875 0.015625 0.0234375
2 0.409765625 0.49072265625 0.01328125 0.0283203125
2 0.4 0.5048828125 0.0203125 0.029296875
2 0.37890625 0.52587890625 0.0203125 0.0341796875
3 0.85390625 0.689453125 0.1078125 0.181640625
3 0.052734375 0.8359375 0.09765625 0.17578125
