0 0.2859375 0.6953125 0.059375 0.091796875
0 0.3203125 0.59765625 0.0328125 0.060546875
0 0.26640625 0.556640625 0.0265625 0.04296875
0 0.161328125 0.5498046875 0.02265625 0.03515625
0 0.02578125 0.5634765625 0.0171875 0.03515625
0 0.63125 0.47900390625 0.0265625 0.0341796875
0 0.785546875 0.43701171875 0.01328125 0.0283203125
0 0.9265625 0.4091796875 0.0171875 0.03125
1 0.833984375 0.60107421875 0.06640625 0.0966796875
1 0.84375 0.4658203125 0.03125 0.0546875
1 0.93359375 0.43505859375 0.025 0.0380859375
1 0.42578125 0.50537109375 0.0203125 0.0419921875
1 0.259765625 0.51171875 0.01796875 0.0390625
1 0.130859375 0.5302734375 0.01796875 0.03125
2 0.607421875 0.45751953125 0.01796875 0.0302734375
2 0.5890625 0.4501953125 0.0171875 0.025390625
2 0.574609375 0.44384765625 0.01484375 0.0322265625
2 0.55859375 0.4423828125 0.015625 0.02734375
2 0.523828125 0.44482421875 0.01484375 0.0283203125
2 0.494921875 0.453125 0.01640625 0.025390625
2 0.459765625 0.45654296875 0.01484375 0.0283203125
2 0.448828125 0.47021484375 0.01015625 0.0283203125
2 0.43515625 0.4873046875 0.015625 0.029296875
3 0.213671875 0.75390625 0.09609375 0.193359375
3 0.310546875 0.626953125 0.05703125 0.119140625
3 0.9625 0.64453125 0.075 0.1796875
3 0.783203125 0.54248046875 0.04921875 0.1044921875
