3 0.668359375 0.52001953125 0.04296875 0.0810546875
3 0.57265625 0.49560546875 0.0328125 0.0634765625
3 0.294921875 0.59423828125 0.04453125 0.0947265625
0 0.252734375 0.71533203125 0.05703125 0.0966796875
0 0.26484375 0.5498046875 0.025 0.044921875
0 0.1875 0.53857421875 0.0234375 0.0400390625
0 0.06328125 0.5478515625 0.01875 0.03125
0 0.459765625 0.48046875 0.01796875 0.029296875
0 0.573828125 0.44921875 0.01328125 0.0234375
0 0.811328125 0.41259765625 0.01015625 0.0205078125
0 0.921484375 0.40234375 0.01171875 0.01953125
1 0.901171875 0.5888671875 0.05546875 0.0859375
1 0.600390625 0.517578125 0.03515625 0.05078125
1 0.614453125 0.4638671875 0.02265625 0.03515625
1 0.68359375 0.44384765625 0.0125 0.0302734375
1 0.758203125 0.427734375 0.01484375 0.033203125
1 0.840234375 0.41796875 0.01484375 0.02734375
1 0.94921875 0.404296875 0.0125 0.03125
1 0.29609375 0.5048828125 0.01875 0.03125
1 0.13203125 0.52099609375 0.015625 0.0283203125
2 0.4296875 0.47216796875 0.0140625 0.0341796875
2 0.41171875 0.4697265625 0.015625 0.021484375
2 0.3953125 0.46484375 0.0125 0.02734375
2 0.37578125 0.46337890625 0.015625 0.0224609375
2 0.349609375 0.46875 0.01328125 0.021484375
2 0.323046875 0.47216796875 0.01640625 0.0224609375
0 0.684375 0.4296875 0.0125 0.017578125
2 0.290625 0.49560546875 0.0109375 0.0166015625
2 0.2890625 0.47802734375 0.0109375 0.0166015625
