3 0.373828125 0.61328125 0.05703125 0.119140625
3 0.39609375 0.54638671875 0.0421875 0.0791015625
3 0.86796875 0.52001953125 0.0609375 0.1083984375
3 0.74296875 0.478515625 0.040625 0.07421875
0 0.25 0.8251953125 0.0859375 0.1328125
0 0.397265625 0.58544921875 0.03984375 0.0654296875
0 0.31484375 0.51953125 0.021875 0.0390625
0 0.2015625 0.525390625 0.0203125 0.03125
0 0.06796875 0.546875 0.0203125 0.029296875
0 0.61875 0.4501953125 0.0203125 0.03125
0 0.74765625 0.41259765625 0.0140625 0.0283203125
0 0.875390625 0.38916015625 0.01328125 0.0244140625
1 0.780078125 0.51025390625 0.04140625 0.0595703125
1 0.796875 0.43359375 0.025 0.03515625
1 0.874609375 0.4091796875 0.02109375 0.033203125
1 0.964453125 0.38525390625 0.01640625 0.0302734375
1 0.4375 0.4765625 0.0171875 0.03125
1 0.28046875 0.494140625 0.015625 0.029296875
1 0.151953125 0.5166015625 0.01640625 0.02734375
2 0.591015625 0.4384765625 0.01953125 0.03125
2 0.57265625 0.43115234375 0.015625 0.0322265625
2 0.559765625 0.4267578125 0.01484375 0.029296875
2 0.540234375 0.42822265625 0.02109375 0.0263671875
2 0.5109375 0.4306640625 0.0171875 0.021484375
2 0.48359375 0.435546875 0.0171875 0.0234375
2 0.44765625 0.44287109375 0.015625 0.0224609375
