2 0.402734375 0.5908203125 0.04140625 0.060546875
2 0.488671875 0.50048828125 0.02734375 0.0419921875
2 0.52109375 0.4638671875 0.021875 0.03125
2 0.549609375 0.43408203125 0.01796875 0.0263671875
2 0.609375 0.42431640625 0.0171875 0.0244140625
2 0.663671875 0.41650390625 0.01953125 0.0302734375
2 0.719140625 0.4052734375 0.01953125 0.02734375
2 0.7546875 0.42138671875 0.0234375 0.0322265625
2 0.8015625 0.4482421875 0.0328125 0.044921875
2 0.88828125 0.52587890625 0.0453125 0.0693359375
1 0.0671875 0.62451171875 0.034375 0.0478515625
1 0.170703125 0.853515625 0.08828125 0.09375
