2 0.940234375 0.5400390625 0.02578125 0.046875
3 0.864453125 0.4052734375 0.00859375 0.01953125
3 0.909765625 0.4033203125 0.00703125 0.017578125
3 0.053125 0.54345703125 0.0296875 0.0537109375
1 0.5984375 0.69970703125 0.05625 0.0869140625
1 0.381640625 0.5322265625 0.02421875 0.041015625
1 0.198046875 0.5478515625 0.02578125 0.0390625
1 0.59609375 0.49609375 0.01875 0.03515625
1 0.666796875 0.46875 0.01484375 0.02734375
1 0.61328125 0.45458984375 0.0109375 0.0224609375
1 0.540625 0.4501953125 0.0109375 0.015625
1 0.459765625 0.451171875 0.01328125 0.021484375
1 0.380078125 0.45703125 0.01171875 0.01953125
1 0.300390625 0.46484375 0.01015625 0.01953125
1 0.230078125 0.47412109375 0.01015625 0.0146484375
1 0.144921875 0.486328125 0.01015625 0.017578125
1 0.07890625 0.4990234375 0.0125 0.021484375
1 0.0171875 0.51513671875 0.0140625 0.0224609375
0 0.646484375 0.54736328125 0.02578125 0.0439453125
0 0.805078125 0.50048828125 0.01953125 0.0322265625
0 0.80703125 0.4619140625 0.0140625 0.025390625
0 0.716796875 0.44775390625 0.01328125 0.0205078125
0 0.601171875 0.44189453125 0.01015625 0.0205078125
0 0.479296875 0.4462890625 0.00859375 0.015625
0 0.41640625 0.44970703125 0.0109375 0.0205078125
0 0.209375 0.474609375 0.009375 0.013671875
0 0.119921875 0.48681640625 0.01015625 0.0166015625
0 0.007421875 0.50927734375 0.00859375 0.0185546875
