0 0.186328125 0.71044921875 0.05390625 0.0830078125
0 0.1328125 0.60498046875 0.0390625 0.0615234375
0 0.053125 0.578125 0.028125 0.03515625
0 0.094140625 0.52685546875 0.02109375 0.0322265625
0 0.17734375 0.5 0.0140625 0.02734375
0 0.263671875 0.47705078125 0.01171875 0.0205078125
0 0.367578125 0.45458984375 0.01171875 0.0244140625
0 0.4515625 0.4404296875 0.0125 0.025390625
0 0.658984375 0.4208984375 0.01953125 0.025390625
0 0.72109375 0.41552734375 0.01875 0.0205078125
0 0.853515625 0.41162109375 0.01171875 0.0244140625
0 0.98359375 0.4169921875 0.0125 0.01953125
0 0.92890625 0.525390625 0.034375 0.0546875
1 0.898828125 0.7236328125 0.07265625 0.111328125
1 0.632421875 0.50537109375 0.02890625 0.0439453125
1 0.43984375 0.52001953125 0.025 0.0419921875
1 0.251171875 0.52001953125 0.02265625 0.0361328125
1 0.207421875 0.5146484375 0.01328125 0.02734375
1 0.227734375 0.5 0.01640625 0.02734375
1 0.2734375 0.4833984375 0.0125 0.02734375
1 0.328515625 0.47119140625 0.01015625 0.0244140625
1 0.390234375 0.4580078125 0.01328125 0.021484375
1 0.4734375 0.44677734375 0.0140625 0.0224609375
1 0.54140625 0.435546875 0.0109375 0.021484375
1 0.62265625 0.427734375 0.0109375 0.021484375
1 0.70390625 0.42236328125 0.009375 0.0263671875
1 0.787890625 0.4189453125 0.01171875 0.01953125
1 0.85859375 0.46923828125 0.0203125 0.0380859375
1 0.93203125 0.44140625 0.0171875 0.033203125
1 0.869921875 0.42431640625 0.01640625 0.0244140625
2 0.0484375 0.5224609375 0.015625 0.025390625
2 0.01875 0.52197265625 0.01875 0.0244140625
3 0.303125 0.51513671875 0.028125 0.0517578125
3 0.22265625 0.50927734375 0.021875 0.0537109375
3 0.080859375 0.57177734375 0.03828125 0.0634765625
3 0.02890625 0.56640625 0.03125 0.0546875
