3 0.86328125 0.52734375 0.0640625 0.11328125
3 0.737890625 0.48291015625 0.04140625 0.0771484375
3 0.357421875 0.62451171875 0.06328125 0.1201171875
3 0.38359375 0.552734375 0.0375 0.078125
0 0.30390625 0.52490234375 0.021875 0.0361328125
0 0.190234375 0.52880859375 0.01796875 0.0322265625
0 0.3828125 0.5966796875 0.034375 0.056640625
0 0.611328125 0.4521484375 0.01484375 0.029296875
0 0.741796875 0.41650390625 0.01328125 0.0244140625
0 0.05546875 0.5517578125 0.0171875 0.02734375
0 0.868359375 0.3896484375 0.01171875 0.017578125
1 0.1421875 0.52099609375 0.015625 0.0205078125
1 0.2703125 0.4990234375 0.0203125 0.025390625
1 0.43125 0.48193359375 0.021875 0.0283203125
1 0.77421875 0.515625 0.0390625 0.0546875
1 0.789453125 0.4365234375 0.02421875 0.033203125
1 0.86953125 0.41064453125 0.0171875 0.0263671875
1 0.958203125 0.3876953125 0.01484375 0.025390625
2 0.43515625 0.45849609375 0.0109375 0.0185546875
2 0.58359375 0.4404296875 0.015625 0.021484375
2 0.5671875 0.435546875 0.0125 0.017578125
2 0.551171875 0.4306640625 0.01015625 0.015625
2 0.533203125 0.42919921875 0.01171875 0.0146484375
2 0.503515625 0.43359375 0.01171875 0.015625
2 0.473828125 0.439453125 0.01171875 0.017578125
0 0.2234375 0.84326171875 0.0828125 0.1298828125
2 0.440625 0.4443359375 0.009375 0.015625
2 0.43671875 0.4482421875 0.0078125 0.01171875
0 0.366015625 0.5439453125 0.01328125 0.0390625
