2 0.349609375 0.57421875 0.02734375 0.044921875
2 0.4078125 0.51171875 0.0203125 0.037109375
2 0.431640625 0.48193359375 0.01796875 0.0302734375
2 0.45546875 0.45751953125 0.015625 0.0224609375
2 0.50859375 0.4482421875 0.0140625 0.0234375
2 0.556640625 0.43896484375 0.01171875 0.0244140625
2 0.60625 0.42822265625 0.0125 0.0224609375
2 0.636328125 0.44091796875 0.01484375 0.0302734375
2 0.670703125 0.458984375 0.01953125 0.03515625
2 0.726171875 0.505859375 0.03359375 0.05078125
1 0.033203125 0.62890625 0.03203125 0.041015625
1 0.21953125 0.740234375 0.0625 0.087890625
0 0.903515625 0.68310546875 0.07890625 0.1162109375
