0 0.34140625 0.615234375 0.04375 0.068359375
0 0.269140625 0.53466796875 0.02734375 0.0400390625
0 0.156640625 0.53759765625 0.01953125 0.0361328125
0 0.01875 0.55859375 0.015625 0.037109375
0 0.584765625 0.46240234375 0.02109375 0.0361328125
0 0.7203125 0.42626953125 0.01875 0.0361328125
0 0.84765625 0.40380859375 0.0125 0.0244140625
0 0.9953125 0.38427734375 0.00625 0.0302734375
0 0.146875 0.8798828125 0.09375 0.095703125
1 0.75078125 0.53466796875 0.0421875 0.0693359375
1 0.766796875 0.45361328125 0.02109375 0.0361328125
1 0.8515625 0.423828125 0.0203125 0.041015625
1 0.93984375 0.40283203125 0.021875 0.0322265625
1 0.40078125 0.4912109375 0.0234375 0.041015625
1 0.241015625 0.50732421875 0.01484375 0.0283203125
1 0.108984375 0.52880859375 0.01953125 0.0302734375
2 0.56015625 0.45361328125 0.015625 0.0322265625
2 0.5421875 0.4462890625 0.0125 0.02734375
2 0.525 0.443359375 0.015625 0.029296875
2 0.50859375 0.43896484375 0.0125 0.0244140625
2 0.478515625 0.4404296875 0.01171875 0.0234375
2 0.451953125 0.44775390625 0.01171875 0.0224609375
2 0.404296875 0.47802734375 0.01484375 0.0302734375
2 0.41796875 0.45166015625 0.0125 0.0263671875
3 0.3078125 0.65283203125 0.0703125 0.1376953125
3 0.34765625 0.57177734375 0.040625 0.0966796875
3 0.84609375 0.5517578125 0.06875 0.125
3 0.713671875 0.5029296875 0.05078125 0.08984375
