1 0.648828125 0.53076171875 0.03203125 0.0458984375
1 0.90390625 0.53466796875 0.0328125 0.0537109375
1 0.958203125 0.416015625 0.01171875 0.01953125
1 0.8609375 0.41796875 0.0109375 0.01953125
1 0.68984375 0.43115234375 0.0109375 0.0146484375
1 0.601171875 0.44091796875 0.01015625 0.0166015625
1 0.5328125 0.4521484375 0.0125 0.017578125
1 0.471484375 0.46533203125 0.01171875 0.0205078125
1 0.429296875 0.51220703125 0.01953125 0.0361328125
1 0.41796875 0.4814453125 0.015625 0.0234375
1 0.387890625 0.4970703125 0.01328125 0.029296875
1 0.1265625 0.525390625 0.0125 0.0234375
2 0.2421875 0.494140625 0.0125 0.021484375
2 0.21796875 0.49169921875 0.0109375 0.0185546875
2 0.196484375 0.49072265625 0.01015625 0.0185546875
2 0.1734375 0.49169921875 0.009375 0.0146484375
2 0.1453125 0.49462890625 0.009375 0.0166015625
2 0.116015625 0.5 0.01015625 0.015625
2 0.1078125 0.52001953125 0.0109375 0.0205078125
2 0.09765625 0.51416015625 0.0109375 0.0185546875
2 0.089453125 0.509765625 0.00546875 0.0234375
2 0.083984375 0.50537109375 0.00859375 0.0185546875
0 0.980078125 0.41015625 0.00859375 0.015625
0 0.901171875 0.41162109375 0.00859375 0.0146484375
0 0.668359375 0.4287109375 0.01015625 0.015625
0 0.57578125 0.43896484375 0.0078125 0.0146484375
0 0.371875 0.4755859375 0.0109375 0.017578125
0 0.278515625 0.49853515625 0.01171875 0.0205078125
0 0.03828125 0.55419921875 0.01875 0.0263671875
0 0.138671875 0.5537109375 0.01796875 0.033203125
0 0.194140625 0.56591796875 0.02265625 0.0380859375
0 0.242578125 0.62646484375 0.03828125 0.0595703125
0 0.199609375 0.8681640625 0.08203125 0.1171875
3 0.48515625 0.50634765625 0.03125 0.0556640625
3 0.401171875 0.5009765625 0.02265625 0.046875
3 0.21484375 0.56787109375 0.0328125 0.0673828125
3 0.173046875 0.54736328125 0.02890625 0.0595703125
1 0.767578125 0.42236328125 0.01171875 0.0224609375
0 0.465625 0.4541015625 0.009375 0.013671875
0 0.76328125 0.41845703125 0.0078125 0.0146484375
