3 0.19609375 0.78466796875 0.0984375 0.1767578125
3 0.309375 0.630859375 0.059375 0.111328125
3 0.804296875 0.5478515625 0.06015625 0.107421875
0 0.28046875 0.70263671875 0.0609375 0.0888671875
0 0.320703125 0.60107421875 0.03046875 0.0615234375
0 0.27265625 0.55615234375 0.0296875 0.0478515625
0 0.16953125 0.54541015625 0.025 0.0361328125
0 0.037109375 0.560546875 0.01796875 0.033203125
0 0.64765625 0.47509765625 0.021875 0.0322265625
0 0.803125 0.43408203125 0.01875 0.0322265625
0 0.94921875 0.4052734375 0.0140625 0.02734375
1 0.434765625 0.5009765625 0.02265625 0.0390625
1 0.85859375 0.61083984375 0.0625 0.0966796875
1 0.866796875 0.46533203125 0.02734375 0.0458984375
1 0.957421875 0.4306640625 0.02109375 0.044921875
1 0.269921875 0.5087890625 0.01953125 0.03125
1 0.139453125 0.52587890625 0.01484375 0.0283203125
2 0.62265625 0.455078125 0.01875 0.02734375
2 0.605859375 0.447265625 0.01640625 0.03125
2 0.58984375 0.44287109375 0.015625 0.0263671875
2 0.571875 0.43603515625 0.0203125 0.0283203125
2 0.541015625 0.44189453125 0.01484375 0.0244140625
2 0.50859375 0.44482421875 0.0203125 0.0224609375
2 0.4734375 0.4521484375 0.0078125 0.01953125
2 0.465234375 0.46044921875 0.01484375 0.0302734375
2 0.46015625 0.4716796875 0.015625 0.029296875
2 0.449609375 0.47998046875 0.01640625 0.0283203125
