0 0.311328125 0.6318359375 0.05234375 0.07421875
0 0.244921875 0.5400390625 0.02578125 0.044921875
0 0.13125 0.541015625 0.0265625 0.0390625
0 0.573046875 0.47412109375 0.01796875 0.0361328125
0 0.710546875 0.4375 0.01484375 0.03515625
0 0.841015625 0.4150390625 0.01171875 0.025390625
0 0.98984375 0.39697265625 0.0109375 0.0263671875
1 0.08828125 0.52587890625 0.01875 0.0244140625
1 0.220703125 0.50732421875 0.01640625 0.0302734375
1 0.38515625 0.49755859375 0.0234375 0.0380859375
1 0.74296875 0.55419921875 0.053125 0.0771484375
1 0.759765625 0.4638671875 0.03046875 0.044921875
1 0.841796875 0.4345703125 0.02578125 0.0390625
1 0.930078125 0.41748046875 0.02109375 0.0322265625
2 0.548046875 0.45947265625 0.01484375 0.0341796875
2 0.53125 0.451171875 0.0125 0.03515625
2 0.515234375 0.447265625 0.01484375 0.03125
2 0.496484375 0.44482421875 0.01328125 0.0263671875
2 0.46953125 0.4462890625 0.0125 0.021484375
2 0.4375 0.451171875 0.015625 0.0234375
2 0.405078125 0.458984375 0.01015625 0.021484375
2 0.390625 0.47998046875 0.0109375 0.0302734375
3 0.841796875 0.58056640625 0.07890625 0.1396484375
3 0.707421875 0.517578125 0.04765625 0.087890625
3 0.274609375 0.66943359375 0.07890625 0.1513671875
3 0.326171875 0.58251953125 0.04921875 0.1005859375
