2 0.4078125 0.5478515625 0.0234375 0.037109375
2 0.441015625 0.51318359375 0.01953125 0.0283203125
2 0.45859375 0.49658203125 0.015625 0.0244140625
2 0.475 0.48046875 0.0125 0.0234375
2 0.520703125 0.47216796875 0.01171875 0.0263671875
2 0.560546875 0.466796875 0.01328125 0.01953125
2 0.601953125 0.4599609375 0.01328125 0.01953125
2 0.6234375 0.46728515625 0.0140625 0.0244140625
2 0.6453125 0.478515625 0.015625 0.03125
2 0.67265625 0.5048828125 0.021875 0.037109375
1 0.3546875 0.61181640625 0.03125 0.0537109375
1 0.164453125 0.58544921875 0.02109375 0.0302734375
1 0.017578125 0.59814453125 0.01484375 0.0263671875
0 0.730078125 0.57080078125 0.03359375 0.0556640625
0 0.95625 0.46875 0.0203125 0.037109375
