0 0.209375 0.7705078125 0.0515625 0.083984375
0 0.152734375 0.66552734375 0.02890625 0.0478515625
0 0.071875 0.64208984375 0.025 0.0341796875
0 0.113671875 0.58740234375 0.01640625 0.0244140625
0 0.194140625 0.55615234375 0.01015625 0.0166015625
0 0.28125 0.529296875 0.009375 0.025390625
0 0.384375 0.5029296875 0.0171875 0.013671875
0 0.4671875 0.4833984375 0.009375 0.013671875
0 0.673046875 0.43994140625 0.01171875 0.0126953125
0 0.736328125 0.4296875 0.01328125 0.013671875
0 0.8671875 0.41552734375 0.0078125 0.0126953125
0 0.95859375 0.52783203125 0.0265625 0.0478515625
1 0.951171875 0.72509765625 0.06953125 0.1123046875
1 0.651953125 0.53076171875 0.02734375 0.0400390625
1 0.8796875 0.4716796875 0.01875 0.037109375
1 0.955078125 0.4365234375 0.01796875 0.029296875
1 0.8875 0.42626953125 0.0171875 0.0205078125
1 0.805078125 0.43017578125 0.01171875 0.0166015625
1 0.71875 0.439453125 0.0125 0.017578125
1 0.6375 0.45068359375 0.0125 0.0185546875
1 0.55703125 0.46533203125 0.0125 0.0166015625
1 0.4875 0.4814453125 0.0125 0.01953125
1 0.46015625 0.556640625 0.028125 0.0390625
1 0.271484375 0.57421875 0.01796875 0.033203125
1 0.22734375 0.56884765625 0.015625 0.0244140625
1 0.24609375 0.55419921875 0.0109375 0.0224609375
1 0.29140625 0.53466796875 0.009375 0.0224609375
1 0.345703125 0.517578125 0.01171875 0.01953125
1 0.406640625 0.50244140625 0.01171875 0.0185546875
3 0.320703125 0.5615234375 0.02578125 0.05078125
3 0.241796875 0.568359375 0.02421875 0.04296875
3 0.09921875 0.63623046875 0.034375 0.0634765625
3 0.046484375 0.6328125 0.02265625 0.05078125
2 0.069921875 0.5908203125 0.01171875 0.017578125
2 0.03828125 0.59375 0.0109375 0.021484375
2 0.012890625 0.595703125 0.01328125 0.01953125
0 0.008203125 0.64208984375 0.01640625 0.0322265625
