0 0.22265625 0.70751953125 0.05625 0.0966796875
0 0.21484375 0.5556640625 0.0265625 0.046875
0 0.130859375 0.5439453125 0.02265625 0.037109375
0 0.40390625 0.49267578125 0.0140625 0.0283203125
0 0.51484375 0.4677734375 0.0125 0.029296875
0 0.747265625 0.43603515625 0.01015625 0.0205078125
0 0.85234375 0.42822265625 0.0109375 0.0185546875
1 0.826171875 0.591796875 0.05390625 0.08203125
1 0.544140625 0.53076171875 0.03046875 0.0537109375
1 0.55546875 0.48095703125 0.021875 0.0380859375
1 0.621875 0.46435546875 0.0140625 0.0302734375
1 0.696875 0.44873046875 0.015625 0.0263671875
1 0.77421875 0.44189453125 0.0125 0.0263671875
1 0.876953125 0.4306640625 0.01328125 0.029296875
1 0.968359375 0.4267578125 0.01484375 0.02734375
1 0.239453125 0.51416015625 0.02109375 0.0361328125
1 0.07265625 0.52587890625 0.0171875 0.0322265625
2 0.37421875 0.48583984375 0.0171875 0.0263671875
2 0.35546875 0.47900390625 0.0140625 0.0244140625
2 0.33828125 0.4765625 0.0125 0.025390625
2 0.319921875 0.4765625 0.01328125 0.0234375
2 0.291015625 0.47900390625 0.01328125 0.0244140625
2 0.2625 0.4833984375 0.0140625 0.01953125
3 0.609765625 0.53173828125 0.05546875 0.0849609375
3 0.513671875 0.51220703125 0.03046875 0.0693359375
3 0.253515625 0.595703125 0.04921875 0.095703125
3 0.233203125 0.55908203125 0.02109375 0.0732421875
0 0.005859375 0.5556640625 0.01015625 0.025390625
0 0.6234375 0.44873046875 0.009375 0.0126953125
