3 0.245703125 0.66064453125 0.06640625 0.1279296875
3 0.8140625 0.5537109375 0.075 0.125
0 0.204296875 0.7587890625 0.07109375 0.103515625
0 0.27578125 0.61474609375 0.040625 0.0634765625
0 0.239453125 0.55419921875 0.02890625 0.0439453125
0 0.137890625 0.5458984375 0.02421875 0.033203125
0 0.63984375 0.458984375 0.021875 0.03515625
0 0.806640625 0.40966796875 0.02109375 0.0341796875
0 0.9546875 0.376953125 0.015625 0.02734375
1 0.884375 0.6376953125 0.09375 0.125
1 0.875390625 0.4482421875 0.03515625 0.048828125
1 0.972265625 0.4091796875 0.03359375 0.04296875
1 0.4171875 0.49658203125 0.028125 0.0419921875
1 0.2515625 0.50244140625 0.0203125 0.0341796875
1 0.1171875 0.52294921875 0.0171875 0.0283203125
2 0.432421875 0.46923828125 0.01484375 0.0341796875
2 0.44609375 0.45556640625 0.0140625 0.0283203125
2 0.45234375 0.443359375 0.0140625 0.041015625
2 0.46171875 0.435546875 0.0140625 0.03515625
2 0.500390625 0.42919921875 0.01796875 0.0302734375
2 0.5359375 0.42333984375 0.0171875 0.0263671875
2 0.56484375 0.4150390625 0.015625 0.02734375
2 0.58203125 0.4208984375 0.015625 0.03125
2 0.596484375 0.42529296875 0.01796875 0.0361328125
2 0.616796875 0.435546875 0.01953125 0.033203125
0 0.00703125 0.564453125 0.0140625 0.0234375
3 0.0578125 0.84130859375 0.078125 0.1240234375
1 0.8109375 0.50244140625 0.03125 0.0498046875
