3 0.799609375 0.60595703125 0.07578125 0.1357421875
3 0.180859375 0.7109375 0.07265625 0.140625
0 0.119921875 0.82470703125 0.09296875 0.1220703125
0 0.218359375 0.65576171875 0.04140625 0.0712890625
0 0.190625 0.58740234375 0.0296875 0.0537109375
0 0.090234375 0.5712890625 0.02890625 0.0390625
0 0.6125 0.4970703125 0.0234375 0.041015625
0 0.7828125 0.44873046875 0.01875 0.0322265625
0 0.93359375 0.419921875 0.0125 0.0234375
1 0.873046875 0.70703125 0.09140625 0.130859375
1 0.78125 0.54931640625 0.0265625 0.0693359375
1 0.854296875 0.48681640625 0.03515625 0.0595703125
1 0.95078125 0.44775390625 0.0296875 0.0439453125
1 0.3796875 0.5234375 0.0296875 0.04296875
1 0.210546875 0.5263671875 0.02109375 0.037109375
1 0.075390625 0.54248046875 0.02109375 0.0283203125
2 0.396875 0.49951171875 0.0171875 0.0361328125
2 0.413671875 0.4833984375 0.01484375 0.02734375
2 0.42421875 0.47412109375 0.0125 0.0263671875
2 0.434375 0.46240234375 0.0125 0.0302734375
2 0.469140625 0.45703125 0.01953125 0.021484375
2 0.506640625 0.4521484375 0.01796875 0.025390625
2 0.537109375 0.447265625 0.01796875 0.0234375
2 0.555859375 0.451171875 0.01171875 0.03125
2 0.57109375 0.45849609375 0.0171875 0.0380859375
2 0.58515625 0.4697265625 0.0203125 0.044921875
