0 0.084765625 0.8515625 0.10234375 0.12890625
0 0.194921875 0.67138671875 0.05078125 0.0869140625
0 0.16875 0.5927734375 0.0328125 0.0625
0 0.0671875 0.57373046875 0.028125 0.0458984375
0 0.597265625 0.505859375 0.03046875 0.046875
0 0.7703125 0.45654296875 0.01875 0.0400390625
0 0.919140625 0.4296875 0.01953125 0.03515625
1 0.871875 0.7333984375 0.0859375 0.1328125
1 0.77265625 0.56103515625 0.01875 0.0556640625
1 0.844921875 0.5 0.03046875 0.046875
1 0.938671875 0.46044921875 0.02734375 0.0419921875
1 0.363671875 0.5341796875 0.02734375 0.041015625
1 0.19140625 0.53173828125 0.025 0.0322265625
1 0.052734375 0.5498046875 0.01640625 0.029296875
2 0.573828125 0.4814453125 0.01171875 0.037109375
2 0.558984375 0.46533203125 0.01640625 0.0263671875
2 0.54296875 0.45947265625 0.015625 0.0302734375
2 0.525 0.455078125 0.0171875 0.02734375
2 0.492578125 0.4599609375 0.01640625 0.02734375
2 0.456640625 0.4599609375 0.01328125 0.025390625
2 0.4203125 0.47119140625 0.0078125 0.0244140625
2 0.410546875 0.478515625 0.01328125 0.02734375
2 0.40078125 0.4912109375 0.021875 0.02734375
2 0.38828125 0.50830078125 0.015625 0.0380859375
3 0.78828125 0.62451171875 0.0828125 0.1474609375
3 0.15546875 0.7255859375 0.075 0.146484375
