0 0.695703125 0.693055555556 0.03515625 0.0638888888889
0 0.6140625 0.624305555556 0.0203125 0.0347222222222
1 0.270703125 0.665277777778 0.03359375 0.0694444444444
1 0.3796875 0.602083333333 0.0203125 0.0375
1 0.422265625 0.575694444444 0.01328125 0.0263888888889
1 0.456640625 0.568055555556 0.01015625 0.0194444444444
0 0.58671875 0.590972222222 0.009375 0.0208333333333
0 0.59375 0.576388888889 0.0078125 0.0194444444444
1 0.505859375 0.561805555556 0.00859375 0.0208333333333
1 0.548828125 0.558333333333 0.00859375 0.0194444444444
