0 0.074609375 0.711805555556 0.07109375 0.190277777778
0 0.331640625 0.374305555556 0.03046875 0.0819444444444
0 0.4125 0.296527777778 0.01875 0.0486111111111
0 0.446875 0.261805555556 0.0109375 0.0319444444444
0 0.4625 0.243055555556 0.009375 0.0277777777778
1 0.966796875 0.505555555556 0.04296875 0.102777777778
1 0.907421875 0.297916666667 0.01171875 0.0319444444444
1 0.791796875 0.372916666667 0.02734375 0.0680555555556
1 0.8234375 0.272222222222 0.0109375 0.0305555555556
1 0.759765625 0.250694444444 0.00859375 0.0236111111111
1 0.750390625 0.236805555556 0.00703125 0.0180555555556
1 0.74140625 0.239583333333 0.0046875 0.0180555555556
1 0.696875 0.293055555556 0.0171875 0.0444444444444
1 0.6546875 0.261805555556 0.0140625 0.0319444444444
1 0.641796875 0.241666666667 0.01171875 0.025
1 0.660546875 0.233333333333 0.00859375 0.025
1 0.690234375 0.228472222222 0.00703125 0.0180555555556
2 0.356640625 0.259027777778 0.01953125 0.0625
2 0.745703125 0.270833333333 0.01796875 0.0611111111111
