0 0.376953125 0.45 0.04296875 0.113888888889
0 0.53046875 0.315972222222 0.0234375 0.0597222222222
0 0.592578125 0.272916666667 0.01484375 0.0402777777778
0 0.62265625 0.252083333333 0.0109375 0.0319444444444
1 0.981640625 0.450694444444 0.03359375 0.0819444444444
1 0.884765625 0.354861111111 0.02578125 0.0569444444444
1 0.95859375 0.296527777778 0.009375 0.0263888888889
1 0.903515625 0.273611111111 0.00859375 0.0222222222222
1 0.89375 0.260416666667 0.0078125 0.0180555555556
1 0.8296875 0.295833333333 0.015625 0.0388888888889
1 0.803515625 0.271527777778 0.01328125 0.0319444444444
1 0.796875 0.252777777778 0.0078125 0.0222222222222
1 0.817578125 0.249305555556 0.00859375 0.0208333333333
2 0.542578125 0.243055555556 0.01484375 0.05
2 0.878515625 0.283333333333 0.01796875 0.05
