0 0.199609375 0.471527777778 0.04140625 0.0986111111111
0 0.245703125 0.359722222222 0.02578125 0.0638888888889
0 0.216796875 0.3 0.01484375 0.0416666666667
0 0.228515625 0.270833333333 0.01015625 0.0333333333333
0 0.245703125 0.25 0.00859375 0.025
0 0.262890625 0.242361111111 0.00703125 0.0208333333333
0 0.930859375 0.302083333333 0.01015625 0.0319444444444
0 0.829296875 0.270833333333 0.00703125 0.0222222222222
0 0.756640625 0.248611111111 0.01015625 0.025
1 0.790625 0.3875 0.0296875 0.0777777777778
1 0.8046875 0.293055555556 0.015625 0.0361111111111
1 0.960546875 0.359722222222 0.02265625 0.0555555555556
1 0.713671875 0.264583333333 0.01171875 0.0291666666667
1 0.6015625 0.311805555556 0.0234375 0.0541666666667
1 0.4765625 0.284722222222 0.021875 0.0472222222222
1 0.399609375 0.267361111111 0.01328125 0.0347222222222
1 0.3859375 0.254861111111 0.0109375 0.0347222222222
2 0.915625 0.283333333333 0.0125 0.0361111111111
2 0.69453125 0.259722222222 0.01875 0.0611111111111
