0 0.30546875 0.420833333333 0.04375 0.1
0 0.3546875 0.3125 0.0234375 0.05
0 0.311328125 0.253472222222 0.00703125 0.0319444444444
1 0.44375 0.240277777778 0.0125 0.025
1 0.5015625 0.247916666667 0.0171875 0.0347222222222
1 0.582421875 0.261805555556 0.01796875 0.0402777777778
1 0.681640625 0.295833333333 0.02265625 0.0472222222222
1 0.74375 0.261805555556 0.0125 0.0291666666667
1 0.835546875 0.299305555556 0.01640625 0.0347222222222
1 0.884765625 0.331944444444 0.02109375 0.0472222222222
1 0.9796875 0.420833333333 0.03125 0.075
1 0.8796875 0.585416666667 0.0515625 0.143055555556
1 0.773828125 0.36875 0.03671875 0.0708333333333
1 0.4296875 0.23125 0.0109375 0.0208333333333
