0 0.196484375 0.397222222222 0.03203125 0.0833333333333
0 0.0328125 0.818055555556 0.065625 0.205555555556
0 0.28671875 0.302777777778 0.0171875 0.0472222222222
0 0.339453125 0.261805555556 0.01328125 0.0319444444444
0 0.37265625 0.247916666667 0.009375 0.0319444444444
0 0.812890625 0.236805555556 0.00703125 0.0208333333333
0 0.483984375 0.224305555556 0.00703125 0.0208333333333
1 0.724609375 0.436805555556 0.04765625 0.104166666667
1 0.556640625 0.336805555556 0.02734375 0.0652777777778
1 0.53359375 0.290972222222 0.0203125 0.0458333333333
1 0.563671875 0.264583333333 0.01484375 0.0430555555556
1 0.578515625 0.247916666667 0.01171875 0.0347222222222
1 0.660546875 0.232638888889 0.01328125 0.0263888888889
1 0.83359375 0.268055555556 0.0109375 0.0305555555556
1 0.902734375 0.293055555556 0.01484375 0.0333333333333
1 0.599609375 0.233333333333 0.01015625 0.025
