0 0.2875 0.497916666667 0.0515625 0.120833333333
0 0.4609375 0.329861111111 0.021875 0.0597222222222
0 0.527734375 0.277777777778 0.01640625 0.0416666666667
0 0.55859375 0.251388888889 0.0109375 0.0361111111111
1 0.963671875 0.459722222222 0.03671875 0.0861111111111
1 0.846484375 0.359722222222 0.02421875 0.0583333333333
1 0.7796875 0.293055555556 0.015625 0.0361111111111
1 0.906640625 0.286805555556 0.00859375 0.0263888888889
1 0.98359375 0.316666666667 0.0125 0.0305555555556
1 0.74765625 0.265972222222 0.009375 0.0291666666667
1 0.738671875 0.247916666667 0.01015625 0.0236111111111
1 0.75859375 0.243055555556 0.0078125 0.025
1 0.849609375 0.266666666667 0.00859375 0.0222222222222
1 0.788671875 0.241666666667 0.00703125 0.0194444444444
1 0.83671875 0.252777777778 0.0078125 0.0222222222222
1 0.800390625 0.240277777778 0.00703125 0.0166666666667
2 0.478515625 0.243055555556 0.01640625 0.0555555555556
2 0.82734375 0.280555555556 0.0171875 0.0555555555556
