0 0.128515625 0.440277777778 0.03515625 0.0888888888889
0 0.32265625 0.329861111111 0.0234375 0.0597222222222
0 0.441796875 0.271527777778 0.01328125 0.0319444444444
0 0.4625 0.251388888889 0.0125 0.0277777777778
0 0.440625 0.230555555556 0.009375 0.0222222222222
0 0.799609375 0.264583333333 0.00703125 0.0236111111111
0 0.8875 0.293055555556 0.0078125 0.025
0 0.9765625 0.332638888889 0.009375 0.0291666666667
0 0.410546875 0.227083333333 0.00703125 0.0180555555556
1 0.415625 0.211805555556 0.0046875 0.0152777777778
1 0.44765625 0.213194444444 0.0046875 0.0180555555556
1 0.4828125 0.21875 0.0046875 0.0180555555556
1 0.4875 0.210416666667 0.0046875 0.0180555555556
1 0.523828125 0.221527777778 0.00703125 0.0180555555556
1 0.537890625 0.213888888889 0.00703125 0.0166666666667
1 0.55859375 0.225 0.0078125 0.025
1 0.565625 0.218055555556 0.0046875 0.0166666666667
1 0.59140625 0.236111111111 0.0078125 0.025
1 0.635546875 0.247916666667 0.01015625 0.0236111111111
1 0.628515625 0.234027777778 0.00546875 0.0208333333333
1 0.678515625 0.270138888889 0.01171875 0.0319444444444
1 0.69375 0.255555555556 0.0109375 0.0277777777778
1 0.789453125 0.288888888889 0.01328125 0.0361111111111
1 0.696484375 0.299305555556 0.01953125 0.0430555555556
1 0.6984375 0.370833333333 0.0265625 0.0722222222222
1 0.752734375 0.546527777778 0.05546875 0.131944444444
1 0.841796875 0.33125 0.01640625 0.0458333333333
