0 0.113671875 0.431944444444 0.02734375 0.0861111111111
0 0.28359375 0.324305555556 0.0203125 0.0569444444444
0 0.398828125 0.277777777778 0.01484375 0.0416666666667
0 0.484765625 0.246527777778 0.00859375 0.0319444444444
0 0.5015625 0.236805555556 0.0078125 0.0263888888889
0 0.79453125 0.257638888889 0.00625 0.0208333333333
0 0.86484375 0.282638888889 0.0078125 0.0236111111111
0 0.9296875 0.310416666667 0.009375 0.0291666666667
0 0.456640625 0.218055555556 0.00703125 0.0194444444444
0 0.48359375 0.221527777778 0.00625 0.0180555555556
1 0.520703125 0.213194444444 0.00546875 0.0180555555556
1 0.525390625 0.206944444444 0.00390625 0.0138888888889
1 0.556640625 0.215972222222 0.00546875 0.0152777777778
1 0.5875 0.221527777778 0.00625 0.0180555555556
1 0.59453125 0.213888888889 0.0046875 0.0166666666667
1 0.613671875 0.230555555556 0.00546875 0.0194444444444
1 0.64765625 0.239583333333 0.0078125 0.0208333333333
1 0.682421875 0.270833333333 0.01171875 0.0361111111111
1 0.67734375 0.254166666667 0.0078125 0.025
1 0.6984375 0.245833333333 0.009375 0.0222222222222
1 0.76875 0.271527777778 0.009375 0.0291666666667
1 0.792578125 0.295833333333 0.01171875 0.0361111111111
1 0.89140625 0.352777777778 0.0171875 0.05
1 0.65859375 0.307638888889 0.0203125 0.0486111111111
1 0.656640625 0.368055555556 0.03359375 0.0722222222222
1 0.939453125 0.714583333333 0.06171875 0.179166666667
1 0.48984375 0.206944444444 0.0046875 0.0166666666667
