0 0.130859375 0.471527777778 0.03828125 0.101388888889
0 0.241796875 0.348611111111 0.02734375 0.0555555555556
0 0.34453125 0.29375 0.0140625 0.0430555555556
0 0.427734375 0.2625 0.01328125 0.025
0 0.49453125 0.240277777778 0.0078125 0.025
0 0.510546875 0.233333333333 0.00859375 0.025
0 0.771484375 0.24375 0.00703125 0.0208333333333
0 0.828515625 0.260416666667 0.00703125 0.0180555555556
0 0.877734375 0.280555555556 0.00859375 0.0194444444444
0 0.966796875 0.311111111111 0.01015625 0.0277777777778
1 0.528515625 0.211111111111 0.00546875 0.0166666666667
1 0.53359375 0.208333333333 0.0046875 0.0138888888889
1 0.560546875 0.213888888889 0.00546875 0.0166666666667
1 0.5875 0.21875 0.0078125 0.0180555555556
1 0.595703125 0.213194444444 0.00546875 0.0180555555556
1 0.609375 0.224305555556 0.00625 0.0180555555556
1 0.638671875 0.23125 0.00703125 0.0180555555556
1 0.6578125 0.252083333333 0.0109375 0.0291666666667
1 0.681640625 0.235416666667 0.00703125 0.0180555555556
1 0.627734375 0.275694444444 0.01796875 0.0375
1 0.6125 0.305555555556 0.0203125 0.0472222222222
1 0.71875 0.422916666667 0.0375 0.0875
1 0.735546875 0.252777777778 0.00859375 0.025
1 0.744921875 0.268055555556 0.01015625 0.0305555555556
1 0.80859375 0.302777777778 0.0125 0.0416666666667
1 0.965625 0.357638888889 0.0171875 0.0486111111111
