0 0.0796875 0.480555555556 0.0296875 0.105555555556
0 0.296484375 0.347916666667 0.02265625 0.0569444444444
0 0.4265625 0.278472222222 0.015625 0.0430555555556
0 0.4484375 0.261805555556 0.0109375 0.0319444444444
0 0.4265625 0.243055555556 0.0109375 0.0277777777778
0 0.395703125 0.234027777778 0.00703125 0.0180555555556
0 0.713671875 0.249305555556 0.00546875 0.0180555555556
0 0.98359375 0.339583333333 0.0125 0.0291666666667
0 0.888671875 0.301388888889 0.01015625 0.0277777777778
0 0.79765625 0.272222222222 0.009375 0.0194444444444
1 0.709375 0.399305555556 0.03125 0.0819444444444
1 0.80546875 0.624305555556 0.0484375 0.165277777778
1 0.850390625 0.346527777778 0.01796875 0.0486111111111
1 0.6734375 0.280555555556 0.0140625 0.0333333333333
1 0.689453125 0.263194444444 0.00859375 0.0291666666667
1 0.69765625 0.3125 0.0203125 0.05
1 0.789453125 0.299305555556 0.01640625 0.0375
1 0.627734375 0.255555555556 0.00859375 0.025
1 0.620703125 0.240972222222 0.00859375 0.0180555555556
1 0.581640625 0.243055555556 0.00859375 0.025
1 0.5484375 0.233333333333 0.009375 0.025
1 0.5546875 0.224305555556 0.00625 0.0180555555556
1 0.511328125 0.227777777778 0.00703125 0.0222222222222
1 0.470703125 0.222222222222 0.00546875 0.0194444444444
1 0.5265625 0.218055555556 0.00625 0.0194444444444
1 0.402734375 0.21875 0.00390625 0.0125
1 0.456640625 0.213194444444 0.00546875 0.0125
1 0.474609375 0.218055555556 0.00546875 0.0166666666667
