0 0.178515625 0.409027777778 0.02265625 0.0736111111111
0 0.177734375 0.348611111111 0.01640625 0.0472222222222
0 0.14453125 0.310416666667 0.00625 0.0291666666667
0 0.91171875 0.311111111111 0.0125 0.0416666666667
0 0.749609375 0.25625 0.01015625 0.0319444444444
0 0.649609375 0.2375 0.00859375 0.0194444444444
1 0.90859375 0.532638888889 0.0484375 0.126388888889
1 0.670703125 0.384722222222 0.03359375 0.0805555555556
1 0.749609375 0.338888888889 0.02421875 0.0611111111111
1 0.55234375 0.30625 0.021875 0.0541666666667
1 0.616796875 0.277083333333 0.01328125 0.0402777777778
1 0.46875 0.28125 0.015625 0.0430555555556
1 0.559765625 0.252777777778 0.01015625 0.0361111111111
1 0.38359375 0.277083333333 0.0140625 0.0375
1 0.337890625 0.258333333333 0.01015625 0.0361111111111
1 0.295703125 0.251388888889 0.00859375 0.025
1 0.417578125 0.240277777778 0.00859375 0.025
1 0.506640625 0.24375 0.00859375 0.0208333333333
