0 0.213671875 0.434027777778 0.03046875 0.0930555555556
0 0.287890625 0.352083333333 0.02578125 0.0625
0 0.282421875 0.28125 0.01328125 0.0319444444444
0 0.24765625 0.272916666667 0.0125 0.0347222222222
0 0.98359375 0.356944444444 0.0125 0.0416666666667
0 0.828515625 0.304861111111 0.01328125 0.0319444444444
0 0.688671875 0.263888888889 0.01015625 0.025
1 0.8875 0.542361111111 0.0515625 0.131944444444
1 0.921484375 0.399305555556 0.02265625 0.0652777777778
1 0.718359375 0.36875 0.02421875 0.0652777777778
1 0.59765625 0.300694444444 0.015625 0.0402777777778
1 0.69765625 0.30625 0.015625 0.0430555555556
1 0.51953125 0.271527777778 0.0140625 0.0347222222222
1 0.56953125 0.266666666667 0.015625 0.0361111111111
1 0.463671875 0.25625 0.01328125 0.0291666666667
1 0.413671875 0.245833333333 0.00546875 0.0222222222222
1 0.5046875 0.248611111111 0.009375 0.0277777777778
