0 0.13359375 0.527777777778 0.040625 0.125
0 0.24140625 0.392361111111 0.0296875 0.0819444444444
0 0.25234375 0.298611111111 0.0140625 0.0361111111111
0 0.217578125 0.279861111111 0.01015625 0.0319444444444
0 0.8515625 0.313194444444 0.0125 0.0319444444444
0 0.69765625 0.264583333333 0.009375 0.0208333333333
1 0.75859375 0.409027777778 0.0328125 0.0847222222222
1 0.985546875 0.438888888889 0.02265625 0.0805555555556
1 0.606640625 0.311111111111 0.01953125 0.05
1 0.71484375 0.323611111111 0.0171875 0.0527777777778
1 0.513671875 0.279861111111 0.01640625 0.0402777777778
1 0.56953125 0.267361111111 0.0125 0.0402777777778
1 0.4515625 0.25625 0.0125 0.0319444444444
1 0.499609375 0.246527777778 0.01171875 0.0263888888889
1 0.399609375 0.248611111111 0.01171875 0.0277777777778
1 0.340625 0.246527777778 0.009375 0.0263888888889
1 0.46171875 0.236111111111 0.0078125 0.025
