0 0.027734375 0.675694444444 0.05546875 0.168055555556
0 0.18359375 0.455555555556 0.0375 0.1
0 0.22265625 0.318055555556 0.015625 0.0388888888889
0 0.192578125 0.297222222222 0.01328125 0.0333333333333
0 0.137890625 0.282638888889 0.00703125 0.0236111111111
0 0.880859375 0.325694444444 0.01484375 0.0402777777778
0 0.7125 0.277777777778 0.0125 0.0305555555556
1 0.82265625 0.472916666667 0.0375 0.0958333333333
1 0.7453125 0.344444444444 0.021875 0.0527777777778
1 0.620703125 0.338888888889 0.02421875 0.0638888888889
1 0.515625 0.299305555556 0.01875 0.0541666666667
1 0.574609375 0.278472222222 0.01328125 0.0347222222222
1 0.448828125 0.274305555556 0.01328125 0.0375
1 0.49453125 0.255555555556 0.0109375 0.0305555555556
1 0.388671875 0.258333333333 0.01328125 0.0333333333333
1 0.3265625 0.258333333333 0.0109375 0.0333333333333
