0 0.085546875 0.608333333333 0.05234375 0.141666666667
0 0.19375 0.345833333333 0.015625 0.05
0 0.167578125 0.314583333333 0.01328125 0.0402777777778
0 0.11953125 0.293055555556 0.00625 0.0277777777778
0 0.9578125 0.346527777778 0.0140625 0.0402777777778
0 0.757421875 0.28125 0.01328125 0.0319444444444
0 0.63359375 0.247916666667 0.009375 0.0263888888889
1 0.825390625 0.38125 0.02578125 0.0708333333333
1 0.6796875 0.375 0.028125 0.0722222222222
1 0.53984375 0.315972222222 0.021875 0.0569444444444
1 0.607421875 0.292361111111 0.01796875 0.0430555555556
1 0.46171875 0.283333333333 0.0125 0.0361111111111
1 0.515625 0.261111111111 0.015625 0.0361111111111
1 0.39453125 0.265277777778 0.0140625 0.0361111111111
1 0.324609375 0.261805555556 0.01171875 0.0319444444444
1 0.470703125 0.246527777778 0.01171875 0.0263888888889
1 0.28046875 0.252777777778 0.009375 0.0222222222222
1 0.3484375 0.240277777778 0.009375 0.025
