0 0.177734375 0.481944444444 0.03828125 0.108333333333
0 0.265625 0.374305555556 0.0296875 0.0708333333333
0 0.266796875 0.291666666667 0.01328125 0.0333333333333
0 0.2328125 0.278472222222 0.0140625 0.0319444444444
0 0.838671875 0.310416666667 0.01171875 0.0319444444444
0 0.692578125 0.264583333333 0.00859375 0.0263888888889
0 0.599609375 0.243055555556 0.01171875 0.0194444444444
1 0.945703125 0.604166666667 0.05078125 0.144444444444
1 0.738671875 0.389583333333 0.02890625 0.0680555555556
1 0.950390625 0.418055555556 0.02578125 0.0777777777778
1 0.6015625 0.308333333333 0.0171875 0.0444444444444
1 0.70546875 0.318055555556 0.0203125 0.0472222222222
1 0.515625 0.278472222222 0.0140625 0.0402777777778
1 0.56953125 0.268055555556 0.0125 0.0305555555556
1 0.45859375 0.256944444444 0.009375 0.0333333333333
1 0.4046875 0.249305555556 0.009375 0.0291666666667
1 0.50078125 0.247916666667 0.009375 0.0263888888889
1 0.34765625 0.244444444444 0.0125 0.025
