0 0.181640625 0.384722222222 0.02265625 0.0638888888889
0 0.16953125 0.340277777778 0.015625 0.05
0 0.128515625 0.306944444444 0.01328125 0.0277777777778
0 0.837890625 0.295833333333 0.01015625 0.0361111111111
0 0.695703125 0.252777777778 0.01328125 0.0277777777778
0 0.6015625 0.234027777778 0.0078125 0.0152777777778
1 0.965625 0.453472222222 0.034375 0.0930555555556
1 0.79453125 0.449305555556 0.040625 0.0958333333333
1 0.6046875 0.348611111111 0.028125 0.0638888888889
1 0.68046875 0.31875 0.01875 0.0513888888889
1 0.566796875 0.268055555556 0.01640625 0.0361111111111
1 0.5046875 0.292361111111 0.0171875 0.0458333333333
1 0.4296875 0.273611111111 0.0125 0.0388888888889
1 0.3515625 0.269444444444 0.0125 0.0361111111111
1 0.515625 0.252777777778 0.0109375 0.0333333333333
1 0.30859375 0.25625 0.0109375 0.0291666666667
1 0.3828125 0.240972222222 0.009375 0.0236111111111
1 0.467578125 0.242361111111 0.00703125 0.0291666666667
