0 0.181640625 0.573611111111 0.04765625 0.125
0 0.27578125 0.347222222222 0.0203125 0.0611111111111
0 0.349609375 0.279166666667 0.01171875 0.025
0 0.95546875 0.302777777778 0.0078125 0.0361111111111
0 0.86953125 0.272222222222 0.0078125 0.0361111111111
1 0.906640625 0.468055555556 0.04140625 0.102777777778
1 0.985546875 0.374305555556 0.02265625 0.0569444444444
1 0.881640625 0.320833333333 0.01796875 0.0388888888889
1 0.709765625 0.395138888889 0.03203125 0.0819444444444
1 0.615625 0.301388888889 0.015625 0.05
1 0.553515625 0.273611111111 0.01328125 0.0333333333333
1 0.738671875 0.288888888889 0.01015625 0.0388888888889
1 0.584765625 0.246527777778 0.01328125 0.0291666666667
1 0.696484375 0.267361111111 0.00859375 0.0319444444444
