0 0.284765625 0.381944444444 0.03203125 0.0777777777778
0 0.173828125 0.495833333333 0.04609375 0.122222222222
0 0.3125 0.320833333333 0.025 0.0638888888889
0 0.990625 0.299305555556 0.01875 0.0458333333333
0 0.243359375 0.300694444444 0.01484375 0.0430555555556
1 0.74375 0.374305555556 0.0390625 0.0847222222222
1 0.591796875 0.292361111111 0.02578125 0.0597222222222
1 0.45078125 0.25625 0.015625 0.0458333333333
1 0.824609375 0.285416666667 0.01328125 0.0569444444444
1 0.710546875 0.260416666667 0.01640625 0.0458333333333
1 0.320703125 0.230555555556 0.01171875 0.0277777777778
1 0.356640625 0.238888888889 0.01015625 0.0333333333333
1 0.299609375 0.225 0.00859375 0.025
