1 0.3828125 0.451388888889 0.015625 0.0305555555556
1 0.6078125 0.268055555556 0.0140625 0.0333333333333
1 0.72109375 0.255555555556 0.0125 0.0333333333333
1 0.80234375 0.249305555556 0.0125 0.0347222222222
1 0.82734375 0.243055555556 0.0125 0.0222222222222
1 0.88203125 0.236805555556 0.0109375 0.0263888888889
1 0.930859375 0.232638888889 0.01328125 0.0263888888889
0 0.8 0.631944444444 0.0640625 0.111111111111
0 0.6984375 0.511805555556 0.0296875 0.0569444444444
0 0.684375 0.475694444444 0.01875 0.0430555555556
0 0.66484375 0.440972222222 0.0171875 0.0319444444444
0 0.87578125 0.499305555556 0.0265625 0.0513888888889
0 0.859765625 0.463194444444 0.01796875 0.0375
0 0.834375 0.443055555556 0.0203125 0.0333333333333
0 0.66875 0.244444444444 0.0125 0.0305555555556
0 0.593359375 0.249305555556 0.01171875 0.0291666666667
0 0.606640625 0.227777777778 0.00859375 0.0305555555556
0 0.76015625 0.226388888889 0.0109375 0.025
0 0.786328125 0.221527777778 0.01171875 0.0236111111111
0 0.778515625 0.210416666667 0.00859375 0.0208333333333
