1 0.691015625 0.425694444444 0.01171875 0.0291666666667
1 0.604296875 0.243055555556 0.01171875 0.0333333333333
1 0.799609375 0.224305555556 0.01171875 0.0319444444444
1 0.7203125 0.224305555556 0.015625 0.0291666666667
1 0.862109375 0.443055555556 0.01328125 0.0361111111111
0 0.915625 0.526388888889 0.025 0.0611111111111
0 0.98359375 0.726388888889 0.0203125 0.0777777777778
0 0.639453125 0.527083333333 0.03984375 0.0708333333333
0 0.6890625 0.491666666667 0.021875 0.0555555555556
0 0.510546875 0.485416666667 0.01796875 0.0486111111111
0 0.518359375 0.449305555556 0.01015625 0.0458333333333
0 0.666796875 0.211805555556 0.01328125 0.0291666666667
0 0.36796875 0.449305555556 0.0171875 0.0402777777778
0 0.3265625 0.434722222222 0.0140625 0.0388888888889
