1 0.09296875 0.643055555556 0.040625 0.125
1 0.330859375 0.461805555556 0.01640625 0.0513888888889
1 0.717578125 0.232638888889 0.01328125 0.0375
0 0.819921875 0.734027777778 0.07265625 0.154166666667
0 0.873828125 0.560416666667 0.03046875 0.0819444444444
0 0.590234375 0.520138888889 0.02421875 0.0625
0 0.578515625 0.461805555556 0.01328125 0.0430555555556
0 0.655859375 0.465277777778 0.01796875 0.0305555555556
0 0.5515625 0.434722222222 0.0109375 0.0305555555556
0 0.606640625 0.427083333333 0.01015625 0.0291666666667
0 0.583203125 0.220833333333 0.01328125 0.0305555555556
0 0.632421875 0.213888888889 0.00859375 0.025
0 0.673828125 0.205555555556 0.00703125 0.0277777777778
