1 0.2359375 0.485416666667 0.0265625 0.0486111111111
1 0.466015625 0.436805555556 0.01484375 0.0319444444444
1 0.61953125 0.216666666667 0.0109375 0.0333333333333
0 0.826171875 0.688888888889 0.07265625 0.138888888889
0 0.678125 0.530555555556 0.028125 0.0611111111111
0 0.71640625 0.461805555556 0.0140625 0.0430555555556
0 0.7890625 0.240277777778 0.0140625 0.0388888888889
0 0.80859375 0.253472222222 0.0203125 0.0541666666667
0 0.851953125 0.230555555556 0.01171875 0.0388888888889
0 0.942578125 0.264583333333 0.02578125 0.0513888888889
