0 0.83867186 0.6669922 0.06328125 0.107421875
0 0.63125 0.5415039 0.0203125 0.036132812
0 0.5972656 0.51953125 0.01328125 0.02734375
1 0.14179687 0.65283203 0.07109375 0.08105469
1 0.32773438 0.54052734 0.02734375 0.036132812
1 0.39375 0.5136719 0.015625 0.03125
2 0.884375 0.50634766 0.0078125 0.0126953125
2 0.721875 0.49804688 0.0078125 0.01171875
3 0.9328125 0.5185547 0.0171875 0.044921875
3 0.97265625 0.50683594 0.009375 0.021484375
3 0.7984375 0.49853516 0.0078125 0.018554688
3 0.6707031 0.49121094 0.00703125 0.01953125
