0 0.3578125 0.4970703 0.00625 0.01171875
0 0.36757812 0.50390625 0.01015625 0.017578125
0 0.4128906 0.5097656 0.01015625 0.01953125
0 0.5222656 0.5229492 0.01640625 0.026367188
0 0.6582031 0.55371094 0.02421875 0.033203125
0 0.9046875 0.66796875 0.0546875 0.07421875
1 0.196875 0.70703125 0.0609375 0.080078125
1 0.33046874 0.5834961 0.0265625 0.043945312
1 0.31289062 0.5371094 0.01484375 0.02734375
1 0.25078124 0.5185547 0.009375 0.021484375
1 0.23164062 0.50439453 0.00859375 0.016601562
1 0.27265626 0.49414062 0.00625 0.013671875
