0 0.84648436 0.65527344 0.05859375 0.087890625
0 0.73515624 0.57373047 0.0296875 0.049804688
0 0.70585936 0.5449219 0.01953125 0.0390625
0 0.6894531 0.52490234 0.01484375 0.026367188
0 0.76484376 0.5107422 0.015625 0.0234375
0 0.86992186 0.50878906 0.01484375 0.021484375
0 0.99296874 0.5107422 0.0109375 0.025390625
1 0.30976564 0.65527344 0.05703125 0.07421875
1 0.45 0.57128906 0.028125 0.048828125
1 0.51523435 0.5444336 0.01953125 0.036132812
1 0.5371094 0.5288086 0.01484375 0.028320312
1 0.55078125 0.5151367 0.0140625 0.022460938
1 0.5691406 0.5073242 0.01171875 0.020507812
1 0.625 0.50341797 0.0140625 0.020507812
1 0.8015625 0.5019531 0.0125 0.01953125
1 0.6972656 0.50439453 0.00859375 0.016601562
1 0.92226565 0.50341797 0.01171875 0.016601562
