0 0.9417969 0.7001953 0.05390625 0.09765625
0 0.9128906 0.58447266 0.02578125 0.041992188
0 0.92578125 0.5395508 0.01875 0.030273438
0 0.9515625 0.51708984 0.0125 0.020507812
0 0.9820312 0.5131836 0.0125 0.022460938
1 0.39023438 0.6425781 0.04296875 0.0703125
1 0.59882814 0.5566406 0.02421875 0.03515625
1 0.7367188 0.5229492 0.015625 0.024414062
1 0.8 0.50634766 0.0109375 0.018554688
1 0.9007813 0.49658203 0.0078125 0.0146484375
1 0.9707031 0.49267578 0.00859375 0.0126953125
3 0.80546874 0.49169922 0.0078125 0.020507812
3 0.81289065 0.49023438 0.00546875 0.01953125
