0 0.7109375 0.6113281 0.0453125 0.064453125
0 0.40703124 0.56640625 0.028125 0.044921875
0 0.23203126 0.5546875 0.021875 0.029296875
0 0.18046875 0.54052734 0.0125 0.024414062
0 0.1765625 0.52978516 0.009375 0.020507812
0 0.79179686 0.52734375 0.01640625 0.029296875
0 0.62460935 0.5258789 0.01015625 0.022460938
1 0.15585938 0.75634766 0.06953125 0.12011719
1 0.078125 0.6191406 0.03125 0.0625
1 0.0125 0.54248047 0.0109375 0.022460938
1 0.048828125 0.5336914 0.00859375 0.020507812
1 0.07070313 0.52783203 0.00859375 0.016601562
1 0.08867188 0.52246094 0.00859375 0.013671875
1 0.09765625 0.5214844 0.00625 0.015625
1 0.10429688 0.5161133 0.00703125 0.016601562
1 0.115625 0.51464844 0.00625 0.015625
1 0.6429688 0.51123047 0.0125 0.016601562
1 0.7089844 0.5161133 0.01015625 0.018554688
1 0.84414065 0.51904297 0.01171875 0.030273438
