0 0.6988281 0.5385742 0.02890625 0.047851562
0 0.628125 0.4975586 0.01875 0.030273438
0 0.5972656 0.48095703 0.01328125 0.022460938
0 0.57734376 0.47265625 0.009375 0.013671875
0 0.5714844 0.46728516 0.00703125 0.0107421875
1 0.09140625 0.7504883 0.0828125 0.13378906
1 0.3683594 0.54248047 0.03046875 0.053710938
1 0.42734376 0.50097656 0.0171875 0.02734375
1 0.453125 0.4819336 0.0109375 0.020507812
1 0.46328124 0.47216797 0.0078125 0.0146484375
3 0.81328124 0.47705078 0.015625 0.028320312
3 0.834375 0.46826172 0.009375 0.016601562
3 0.9359375 0.47021484 0.009375 0.016601562
