0 0.9644531 0.5239258 0.02109375 0.028320312
0 0.86679685 0.5258789 0.02421875 0.030273438
0 0.79609376 0.53027344 0.0203125 0.029296875
0 0.76171875 0.54541016 0.0234375 0.036132812
0 0.76875 0.56933594 0.0328125 0.05078125
0 0.85078126 0.6357422 0.046875 0.0703125
1 0.37695312 0.61376953 0.04609375 0.06933594
1 0.54296875 0.5258789 0.01875 0.026367188
1 0.6308594 0.51171875 0.01328125 0.02734375
1 0.7175781 0.50683594 0.01171875 0.021484375
1 0.828125 0.5083008 0.0109375 0.020507812
1 0.96484375 0.51171875 0.01875 0.02734375
3 0.37734374 0.52441406 0.0203125 0.046875
3 0.39140624 0.5180664 0.015625 0.041992188
