0 0.2203125 0.7602539 0.06875 0.10839844
0 0.42890626 0.57958984 0.028125 0.043945312
0 0.80078125 0.59716797 0.03125 0.049804688
0 0.75273436 0.55322266 0.01640625 0.032226562
0 0.7597656 0.5332031 0.01015625 0.021484375
0 0.7933594 0.52197266 0.01015625 0.022460938
0 0.8625 0.51953125 0.0109375 0.01953125
0 0.9546875 0.52001953 0.0109375 0.022460938
1 0.565625 0.51953125 0.009375 0.01953125
1 0.64804685 0.5083008 0.01015625 0.016601562
1 0.83320314 0.5058594 0.01015625 0.017578125
1 0.9625 0.50927734 0.0078125 0.016601562
3 0.4171875 0.5151367 0.015625 0.040039062
3 0.42734376 0.50927734 0.0109375 0.036132812
