0 0.3449219 0.52246094 0.01328125 0.021484375
0 0.803125 0.5776367 0.0234375 0.038085938
0 0.82734376 0.5517578 0.0171875 0.03125
0 0.84882814 0.6274414 0.03046875 0.055664062
0 0.90546876 0.5463867 0.0125 0.028320312
0 0.36875 0.5004883 0.0109375 0.0126953125
1 0.16992188 0.80810547 0.07578125 0.13378906
1 0.15898438 0.5175781 0.01328125 0.025390625
1 0.5113281 0.5493164 0.01796875 0.032226562
1 0.61796874 0.5263672 0.0140625 0.021484375
1 0.71601564 0.51904297 0.01171875 0.018554688
1 0.8402344 0.5185547 0.01171875 0.021484375
1 0.9945313 0.52441406 0.0109375 0.01953125
3 0.29257813 0.5517578 0.02109375 0.056640625
3 0.31289062 0.5385742 0.01953125 0.047851562
