0 0.8113281 0.578125 0.02109375 0.04296875
0 0.7859375 0.5317383 0.0171875 0.028320312
0 0.79414064 0.51708984 0.01015625 0.022460938
0 0.81328124 0.50927734 0.0109375 0.022460938
0 0.85234374 0.5029297 0.0078125 0.01953125
0 0.9121094 0.5053711 0.00859375 0.0146484375
0 0.9945313 0.50634766 0.009375 0.016601562
0 0.9785156 0.76171875 0.04296875 0.11328125
1 0.21914062 0.7050781 0.05546875 0.0859375
1 0.50390625 0.5571289 0.01875 0.040039062
1 0.578125 0.5239258 0.015625 0.026367188
1 0.678125 0.49804688 0.009375 0.015625
