0 0.81992185 0.60791016 0.03046875 0.053710938
0 0.775 0.54833984 0.0171875 0.026367188
0 0.7777344 0.52685547 0.01015625 0.022460938
0 0.7945312 0.51708984 0.0109375 0.020507812
0 0.8324219 0.5107422 0.01328125 0.017578125
0 0.8929688 0.5102539 0.0109375 0.018554688
0 0.9785156 0.51171875 0.01171875 0.01953125
1 0.03828125 0.8334961 0.0765625 0.13964844
1 0.46015626 0.5810547 0.03125 0.046875
1 0.54609376 0.53515625 0.01875 0.029296875
3 0.53125 0.5019531 0.0125 0.02734375
3 0.5390625 0.49951172 0.0078125 0.026367188
