0 0.7152344 0.5488281 0.03046875 0.048828125
0 0.6273438 0.50439453 0.01875 0.026367188
0 0.5914062 0.48583984 0.0125 0.020507812
0 0.56875 0.47705078 0.009375 0.018554688
1 0.0390625 0.8339844 0.078125 0.140625
1 0.35742188 0.5546875 0.03046875 0.048828125
1 0.41796875 0.50683594 0.0171875 0.02734375
1 0.44296876 0.48535156 0.0109375 0.01953125
1 0.45351562 0.47607422 0.00703125 0.016601562
1 0.46640626 0.4711914 0.0078125 0.0126953125
3 0.81171876 0.4790039 0.015625 0.026367188
3 0.82734376 0.47021484 0.009375 0.016601562
3 0.73710936 0.47314453 0.01015625 0.018554688
3 0.9296875 0.4741211 0.009375 0.016601562
