0 0.89335936 0.6713867 0.05390625 0.07910156
0 0.79375 0.5551758 0.0265625 0.040039062
0 0.784375 0.5175781 0.015625 0.029296875
0 0.8 0.5058594 0.0125 0.0234375
0 0.8222656 0.49902344 0.01015625 0.0234375
0 0.859375 0.49267578 0.0109375 0.018554688
0 0.9203125 0.49121094 0.0109375 0.021484375
1 0.31601563 0.63623047 0.04140625 0.06347656
1 0.53085935 0.5385742 0.01484375 0.032226562
1 0.5980469 0.5131836 0.01328125 0.022460938
1 0.6941406 0.49072266 0.00703125 0.016601562
3 0.59101564 0.48632812 0.01015625 0.025390625
