0 0.7253906 0.5698242 0.02421875 0.040039062
0 0.6261719 0.51904297 0.01484375 0.022460938
0 0.58554685 0.49902344 0.01015625 0.015625
0 0.5625 0.4897461 0.0078125 0.0107421875
1 0.34335938 0.5756836 0.02734375 0.040039062
1 0.4078125 0.52197266 0.0140625 0.022460938
1 0.43320313 0.5 0.00859375 0.015625
1 0.44335938 0.49023438 0.00546875 0.01171875
1 0.45625 0.484375 0.0046875 0.01171875
3 0.8105469 0.4921875 0.01171875 0.0234375
3 0.7320312 0.484375 0.009375 0.015625
3 0.92265624 0.48535156 0.00625 0.015625
