0 0.8328125 0.76660156 0.075 0.13085938
0 0.8671875 0.5932617 0.034375 0.06347656
0 0.9820312 0.5493164 0.0265625 0.041992188
0 0.9386719 0.5253906 0.02109375 0.033203125
0 0.9164063 0.5126953 0.0140625 0.021484375
0 0.86328125 0.5019531 0.0140625 0.025390625
0 0.80390626 0.49365234 0.0109375 0.016601562
0 0.77421874 0.4921875 0.0078125 0.017578125
0 0.7671875 0.4892578 0.00625 0.013671875
1 0.375 0.5786133 0.028125 0.053710938
1 0.5917969 0.54589844 0.02265625 0.0390625
1 0.69570315 0.5263672 0.01953125 0.03515625
1 0.75507814 0.5161133 0.01484375 0.024414062
1 0.7746094 0.5083008 0.00859375 0.018554688
1 0.7546875 0.5 0.009375 0.017578125
1 0.7140625 0.49267578 0.009375 0.0146484375
1 0.690625 0.4873047 0.00625 0.009765625
