0 0.35625 0.5185547 0.0140625 0.01953125
0 0.38085938 0.5 0.00859375 0.01171875
0 0.86992186 0.62841797 0.03515625 0.061523438
0 0.82304686 0.5756836 0.02421875 0.036132812
0 0.84414065 0.55078125 0.01640625 0.03125
0 0.92265624 0.5449219 0.0171875 0.02734375
1 0.19648437 0.80126953 0.07265625 0.10839844
1 0.52617186 0.54589844 0.01796875 0.029296875
1 0.63125 0.52490234 0.0140625 0.020507812
1 0.7308594 0.5175781 0.01015625 0.017578125
1 0.8570312 0.5180664 0.0109375 0.020507812
1 0.1703125 0.5175781 0.015625 0.021484375
3 0.3046875 0.54589844 0.025 0.0546875
3 0.32617188 0.53515625 0.02265625 0.046875
