0 0.98476565 0.7426758 0.03046875 0.09863281
0 0.68710935 0.53759766 0.02578125 0.038085938
0 0.61992186 0.4970703 0.01484375 0.025390625
0 0.590625 0.47998047 0.009375 0.0146484375
0 0.57304686 0.4716797 0.00546875 0.01171875
1 0.10585938 0.7368164 0.06640625 0.10449219
1 0.36328125 0.5410156 0.021875 0.03515625
1 0.4234375 0.5019531 0.0140625 0.0234375
1 0.44726562 0.48046875 0.00859375 0.017578125
1 0.459375 0.47314453 0.00625 0.016601562
1 0.47265625 0.46777344 0.00625 0.01171875
3 0.80390626 0.47314453 0.0109375 0.028320312
3 0.7378906 0.46679688 0.00859375 0.017578125
