0 0.41171876 0.5029297 0.009375 0.015625
0 0.4203125 0.50878906 0.0125 0.017578125
0 0.47148436 0.51904297 0.01328125 0.024414062
0 0.60898435 0.5415039 0.01796875 0.032226562
0 0.8167969 0.6064453 0.03359375 0.056640625
0 0.85234374 0.50927734 0.0140625 0.020507812
1 0.31289062 0.6645508 0.04453125 0.08496094
1 0.33203125 0.56152344 0.01875 0.03515625
1 0.27382812 0.5283203 0.01484375 0.025390625
1 0.26289064 0.5097656 0.01171875 0.01953125
1 0.96367186 0.50683594 0.00859375 0.01953125
1 0.31875 0.49804688 0.0109375 0.01953125
