0 0.965625 0.5136719 0.0140625 0.0234375
0 0.8796875 0.51220703 0.0171875 0.026367188
0 0.81640625 0.51171875 0.015625 0.021484375
0 0.7792969 0.52001953 0.01484375 0.022460938
0 0.7675781 0.5317383 0.02265625 0.030273438
0 0.7722656 0.5541992 0.02421875 0.040039062
0 0.85429686 0.6347656 0.04140625 0.0703125
1 0.4125 0.60253906 0.040625 0.064453125
1 0.515625 0.5449219 0.025 0.0390625
1 0.6214844 0.5083008 0.01328125 0.026367188
1 0.69492185 0.5004883 0.01328125 0.018554688
1 0.77070314 0.4970703 0.01328125 0.017578125
1 0.865625 0.49853516 0.009375 0.018554688
1 0.9832031 0.50390625 0.01171875 0.0234375
3 0.49960938 0.5019531 0.01796875 0.033203125
