0 0.8808594 0.6347656 0.04296875 0.064453125
0 0.83125 0.5488281 0.01875 0.03125
0 0.83632815 0.5161133 0.01328125 0.022460938
0 0.85625 0.5073242 0.0109375 0.020507812
0 0.8808594 0.5029297 0.01171875 0.01953125
0 0.92148435 0.49951172 0.00859375 0.016601562
0 0.9800781 0.49951172 0.00859375 0.016601562
1 0.41796875 0.59814453 0.0359375 0.053710938
1 0.5980469 0.5292969 0.02109375 0.029296875
1 0.6628906 0.50927734 0.01171875 0.018554688
1 0.7589844 0.49169922 0.00703125 0.0146484375
1 0.8265625 0.48632812 0.00625 0.013671875
1 0.8964844 0.48583984 0.00546875 0.0126953125
3 0.6582031 0.48828125 0.01015625 0.0234375
