0 0.5835937 0.6040039 0.0296875 0.053710938
0 0.36914062 0.56591797 0.02265625 0.036132812
0 0.33398438 0.5366211 0.01640625 0.026367188
0 0.34609374 0.5209961 0.0125 0.018554688
0 0.353125 0.50683594 0.009375 0.015625
1 0.045703124 0.69189453 0.06015625 0.08105469
1 0.04609375 0.59765625 0.03125 0.048828125
1 0.075 0.55810547 0.021875 0.034179688
1 0.15585938 0.53515625 0.01640625 0.02734375
1 0.20898438 0.52197266 0.00859375 0.018554688
1 0.24023438 0.5151367 0.01015625 0.016601562
1 0.26601562 0.5083008 0.00859375 0.0146484375
1 0.28125 0.5048828 0.0109375 0.01171875
1 0.28984374 0.50341797 0.009375 0.0126953125
