0 0.018359374 0.5253906 0.01796875 0.025390625
0 0.19101563 0.52783203 0.01796875 0.032226562
0 0.42929688 0.5449219 0.02265625 0.04296875
0 0.51953125 0.4951172 0.0109375 0.01953125
0 0.72734374 0.60546875 0.0421875 0.064453125
0 0.96015626 0.50097656 0.0125 0.021484375
0 0.84101564 0.49804688 0.01328125 0.01953125
0 0.6929687 0.4975586 0.0109375 0.020507812
0 0.37929687 0.49121094 0.01171875 0.017578125
0 0.29960936 0.48486328 0.00859375 0.0146484375
1 0.064453125 0.63916016 0.04453125 0.07128906
