0 0.9652344 0.75927734 0.06640625 0.11035156
0 0.8929688 0.6118164 0.0359375 0.055664062
0 0.7777344 0.55126953 0.01796875 0.032226562
0 0.6828125 0.5185547 0.015625 0.025390625
0 0.5570313 0.49804688 0.0109375 0.01953125
0 0.96953124 0.51220703 0.0140625 0.022460938
0 0.8851563 0.50146484 0.0109375 0.018554688
1 0.22851562 0.69140625 0.05546875 0.087890625
1 0.47070312 0.5996094 0.03046875 0.05078125
1 0.5292969 0.5449219 0.01953125 0.037109375
1 0.440625 0.51171875 0.0125 0.025390625
1 0.31992188 0.49609375 0.01328125 0.021484375
