0 0.70039064 0.5390625 0.03046875 0.046875
0 0.62773436 0.4975586 0.02109375 0.028320312
0 0.59648436 0.48046875 0.01640625 0.01953125
0 0.57773435 0.4711914 0.00859375 0.0146484375
1 0.1015625 0.7480469 0.1 0.12109375
1 0.36992186 0.5415039 0.03046875 0.043945312
1 0.42773438 0.5004883 0.01640625 0.026367188
1 0.45234376 0.4814453 0.009375 0.021484375
1 0.46445313 0.47216797 0.00859375 0.0146484375
3 0.81171876 0.4741211 0.0140625 0.028320312
3 0.8339844 0.4663086 0.00859375 0.018554688
3 0.7441406 0.46826172 0.01015625 0.022460938
