0 0.9488281 0.50146484 0.01484375 0.022460938
0 0.90703124 0.50390625 0.0140625 0.021484375
0 0.88007814 0.5107422 0.01640625 0.025390625
0 0.85625 0.5161133 0.0125 0.026367188
0 0.84375 0.5444336 0.01875 0.030273438
0 0.8636719 0.60791016 0.02734375 0.055664062
1 0.12578125 0.7553711 0.08125 0.13574219
1 0.47148436 0.5751953 0.03046875 0.052734375
1 0.6316406 0.5253906 0.01953125 0.03125
1 0.69453126 0.5097656 0.0140625 0.021484375
1 0.7921875 0.49316406 0.009375 0.021484375
1 0.859375 0.49072266 0.0109375 0.018554688
1 0.928125 0.49121094 0.0109375 0.017578125
3 0.6933594 0.48876953 0.01484375 0.026367188
