0 0.8921875 0.51123047 0.0125 0.024414062
0 0.8296875 0.5107422 0.0125 0.0234375
0 0.7914063 0.5185547 0.0125 0.03125
0 0.77304685 0.54541016 0.02109375 0.038085938
0 0.775 0.5234375 0.0140625 0.02734375
0 0.81523436 0.59814453 0.02890625 0.055664062
1 0.064453125 0.7993164 0.09765625 0.14355469
1 0.46679688 0.57470703 0.03203125 0.047851562
1 0.54609376 0.53222656 0.0203125 0.03125
1 0.64804685 0.50634766 0.01171875 0.022460938
1 0.71835935 0.49951172 0.01015625 0.020507812
1 0.7914063 0.5004883 0.0125 0.020507812
1 0.8828125 0.50097656 0.009375 0.01953125
3 0.5328125 0.49951172 0.0140625 0.030273438
3 0.5421875 0.49951172 0.0140625 0.032226562
