0 0.88789064 0.6635742 0.05078125 0.08105469
0 0.7757813 0.55859375 0.0234375 0.041015625
0 0.7644531 0.53125 0.01796875 0.029296875
0 0.7769531 0.5180664 0.01484375 0.020507812
0 0.81328124 0.5102539 0.0125 0.020507812
0 0.87578124 0.5097656 0.0109375 0.015625
0 0.96484375 0.5102539 0.0125 0.020507812
1 0.38359374 0.62402344 0.0390625 0.056640625
1 0.49609375 0.5449219 0.0203125 0.029296875
1 0.6109375 0.5053711 0.0109375 0.020507812
1 0.6859375 0.4975586 0.0078125 0.0146484375
1 0.7621094 0.49316406 0.00859375 0.013671875
1 0.8578125 0.49560547 0.00625 0.0126953125
1 0.98164064 0.50097656 0.01015625 0.015625
3 0.4890625 0.49804688 0.009375 0.02734375
3 0.47890624 0.5029297 0.0125 0.033203125
