0 0.37421876 0.5048828 0.015625 0.02734375
0 0.4109375 0.48046875 0.009375 0.013671875
0 0.546875 0.5307617 0.0203125 0.034179688
0 0.5457031 0.484375 0.01015625 0.017578125
0 0.7085937 0.58154297 0.028125 0.049804688
0 0.740625 0.49169922 0.0078125 0.016601562
0 0.8359375 0.50097656 0.0109375 0.021484375
0 0.95234376 0.5161133 0.009375 0.020507812
0 0.025390625 0.4975586 0.01328125 0.022460938
0 0.1828125 0.49804688 0.0140625 0.017578125
1 0.22304687 0.8105469 0.06328125 0.091796875
1 0.34570312 0.60595703 0.03359375 0.047851562
1 0.21054688 0.5371094 0.01953125 0.037109375
1 0.90625 0.49853516 0.0078125 0.0126953125
1 0.04765625 0.5175781 0.015625 0.025390625
