0 0.903125 0.67529297 0.0484375 0.08105469
0 0.7796875 0.5620117 0.028125 0.040039062
0 0.7640625 0.5332031 0.0171875 0.02734375
0 0.77617186 0.5185547 0.01328125 0.0234375
0 0.81171876 0.5107422 0.0140625 0.01953125
0 0.87578124 0.5102539 0.0109375 0.018554688
0 0.9667969 0.5097656 0.01015625 0.01953125
1 0.36445314 0.6357422 0.04921875 0.06640625
1 0.490625 0.5517578 0.0171875 0.03515625
1 0.60664064 0.5078125 0.00859375 0.017578125
1 0.6828125 0.5 0.009375 0.015625
1 0.759375 0.49853516 0.009375 0.018554688
1 0.85859376 0.4975586 0.009375 0.016601562
1 0.98125 0.50097656 0.009375 0.015625
3 0.47382814 0.50341797 0.01328125 0.036132812
