0 0.613672 0.544434 0.021094 0.047852
0 0.581641 0.512695 0.022656 0.033203
0 0.599219 0.530273 0.020313 0.029297
0 0.394531 0.552734 0.026562 0.039062
0 0.418988 0.535963 0.016102 0.035495
0 0.432812 0.521973 0.012500 0.032227
0 0.444922 0.518555 0.014844 0.025391
0 0.488281 0.514648 0.012500 0.023438
0 0.524609 0.510254 0.017969 0.026367
0 0.559766 0.510742 0.014844 0.025391
1 0.041016 0.782715 0.066406 0.106445
1 0.096875 0.634277 0.037500 0.069336
1 0.013672 0.597168 0.035156 0.049805
1 0.651172 0.577637 0.030469 0.053711
1 0.850000 0.536133 0.021875 0.039062
2 0.940234 0.692383 0.055469 0.099609
2 0.359375 0.579590 0.034375 0.055664
2 0.178125 0.551758 0.023438 0.044922
2 0.028906 0.559570 0.029687 0.039062
2 0.977734 0.598633 0.044531 0.068359