0 0.647048 0.545410 0.020313 0.045898
0 0.613997 0.517049 0.021875 0.032227
0 0.631456 0.533840 0.021875 0.031250
0 0.433203 0.552734 0.024219 0.035156
0 0.455469 0.535156 0.018750 0.031250
0 0.466678 0.529605 0.011579 0.027632
0 0.480078 0.518066 0.014844 0.024414
0 0.520703 0.514160 0.013281 0.024414
0 0.556250 0.513672 0.014063 0.021484
0 0.593359 0.511230 0.014844 0.024414
1 0.122266 0.752441 0.060156 0.096680
1 0.156250 0.626465 0.035937 0.065430
1 0.069922 0.591797 0.028906 0.044922
1 0.680859 0.579590 0.028906 0.051758
1 0.876953 0.538574 0.021094 0.038086
2 0.947656 0.680664 0.053125 0.095703
2 0.399219 0.578613 0.028125 0.051758
2 0.223828 0.552734 0.022656 0.042969
2 0.080859 0.558105 0.025781 0.034180
2 0.992467 0.598684 0.033684 0.063158