0 0.731250 0.532715 0.014063 0.030273
0 0.703906 0.516602 0.018750 0.027344
0 0.541016 0.543457 0.019531 0.028320
0 0.560156 0.533203 0.014063 0.033203
0 0.570312 0.523438 0.017188 0.025391
0 0.583594 0.511719 0.015625 0.029297
0 0.621094 0.510742 0.015625 0.039062
0 0.651563 0.513672 0.018750 0.039062
0 0.686328 0.508789 0.016406 0.033203
3 0.074219 0.812012 0.114062 0.192383
3 0.297266 0.666504 0.060156 0.129883
3 0.890625 0.657227 0.084375 0.146484
1 0.232031 0.744629 0.064062 0.083008
1 0.350781 0.645996 0.040625 0.065430
1 0.333203 0.587891 0.022656 0.044922
1 0.132031 0.561523 0.025000 0.054688
1 0.014063 0.559082 0.017188 0.040039
1 0.246094 0.569336 0.020313 0.035156
1 0.744922 0.558594 0.025781 0.046875
1 0.930859 0.530762 0.016406 0.034180
2 0.904687 0.617676 0.042188 0.075195
2 0.946875 0.748535 0.062500 0.094727
2 0.517578 0.559082 0.022656 0.041992
2 0.990234 0.576660 0.021094 0.047852
2 0.361328 0.541504 0.014844 0.032227
2 0.054297 0.546387 0.019531 0.032227
2 0.237109 0.543457 0.022656 0.030273