0 0.310156 0.590820 0.026562 0.060547
0 0.274219 0.543457 0.029687 0.043945
0 0.295312 0.561035 0.032813 0.047852
0 0.053516 0.580078 0.021094 0.046875
0 0.080962 0.561523 0.019737 0.041016
0 0.111328 0.542969 0.017969 0.033203
0 0.164453 0.539062 0.017969 0.037109
0 0.210156 0.535645 0.025000 0.036133
0 0.257812 0.532715 0.020313 0.038086
1 0.353125 0.678711 0.053125 0.087891
1 0.626563 0.567383 0.026562 0.046875
1 0.792188 0.524902 0.020313 0.036133
1 0.969531 0.508301 0.018750 0.032227
2 0.915234 0.693359 0.060156 0.091797
2 0.918359 0.579590 0.036719 0.067383
2 0.976953 0.539551 0.024219 0.041992