0 0.675391 0.542969 0.017969 0.039062
0 0.641797 0.519531 0.022656 0.033203
0 0.658203 0.534668 0.019531 0.028320
0 0.464844 0.550293 0.021875 0.032227
0 0.488281 0.533203 0.017188 0.041016
0 0.497779 0.525040 0.017188 0.025391
0 0.508594 0.519531 0.018750 0.035156
0 0.551562 0.516113 0.014063 0.028320
0 0.585547 0.516602 0.019531 0.041016
0 0.620313 0.508301 0.017188 0.034180
3 0.084375 0.787598 0.110937 0.219727
3 0.990234 0.766113 0.113281 0.196289
1 0.193359 0.721191 0.057031 0.092773
1 0.205859 0.617188 0.030469 0.060547
1 0.119922 0.583984 0.022656 0.035156
1 0.704297 0.575195 0.025781 0.046875
1 0.898047 0.537598 0.019531 0.036133
2 0.944922 0.664551 0.050781 0.090820
2 0.435156 0.573730 0.028125 0.051758
2 0.263281 0.549805 0.018750 0.035156
2 0.126562 0.555664 0.023438 0.031250