0 0.496875 0.561523 0.023438 0.052734
0 0.455859 0.530762 0.024219 0.036133
0 0.477734 0.542969 0.025781 0.037109
0 0.241797 0.580078 0.030469 0.044922
0 0.277734 0.554688 0.019531 0.042969
0 0.292578 0.541992 0.019531 0.042969
0 0.313281 0.527832 0.017188 0.030273
0 0.356641 0.528320 0.022656 0.037109
0 0.396094 0.524902 0.020313 0.030273
0 0.436719 0.519531 0.018750 0.031250
1 0.543750 0.611328 0.042188 0.068359
1 0.756641 0.550781 0.025781 0.044922
1 0.914062 0.517090 0.020313 0.036133
2 0.976172 0.792480 0.071094 0.127930
2 0.187891 0.621582 0.041406 0.067383
2 0.940625 0.625000 0.046875 0.072266
2 0.995313 0.560547 0.023438 0.048828