0 0.452344 0.561035 0.021875 0.049805
0 0.409766 0.524902 0.025781 0.038086
0 0.431250 0.539062 0.026562 0.039062
0 0.182422 0.581055 0.030469 0.044922
0 0.224067 0.555962 0.015321 0.037706
0 0.242188 0.536133 0.021875 0.046875
0 0.263281 0.523438 0.018750 0.033203
0 0.308203 0.523926 0.016406 0.036133
0 0.349609 0.517578 0.021094 0.031250
0 0.392188 0.516602 0.015625 0.029297
1 0.499219 0.615234 0.043750 0.072266
1 0.721875 0.546875 0.026562 0.046875
1 0.880469 0.511230 0.020313 0.036133
2 0.996875 0.839844 0.078125 0.140625
2 0.116406 0.629883 0.043750 0.070312
2 0.925781 0.629883 0.046875 0.072266
2 0.974609 0.557129 0.033594 0.061523