0 0.521875 0.559082 0.021875 0.049805
0 0.480859 0.527832 0.024219 0.036133
0 0.502734 0.540039 0.024219 0.035156
0 0.274609 0.576172 0.030469 0.044922
0 0.308984 0.550781 0.017969 0.039062
0 0.323828 0.542969 0.021094 0.041016
0 0.340049 0.527873 0.015625 0.028320
0 0.383984 0.527344 0.022656 0.037109
0 0.421484 0.523438 0.021094 0.031250
0 0.463672 0.517090 0.017969 0.030273
1 0.566797 0.604004 0.039844 0.065430
1 0.774609 0.547852 0.025781 0.044922
1 0.934375 0.514160 0.021875 0.034180
2 0.956250 0.760254 0.060937 0.110352
2 0.229297 0.612793 0.041406 0.067383
2 0.031641 0.587402 0.024219 0.043945
2 0.944141 0.618164 0.044531 0.068359