0 0.702126 0.542522 0.016406 0.036133
0 0.671875 0.519043 0.020313 0.030273
0 0.686328 0.532715 0.019531 0.028320
0 0.500391 0.546875 0.021094 0.031250
0 0.522266 0.534180 0.016406 0.039062
0 0.534766 0.525879 0.017969 0.026367
0 0.543359 0.516113 0.016406 0.030273
0 0.586719 0.519531 0.017188 0.031250
0 0.618359 0.514648 0.019531 0.041016
0 0.651953 0.507812 0.014844 0.029297
3 0.188672 0.718750 0.080469 0.173828
3 0.941406 0.709961 0.107813 0.187500
1 0.083203 0.844727 0.086719 0.111328
1 0.269531 0.683594 0.046875 0.076172
1 0.265234 0.599121 0.028906 0.057617
1 0.055859 0.565918 0.025781 0.045898
1 0.178906 0.572266 0.021875 0.033203
1 0.725391 0.567383 0.025781 0.046875
1 0.917969 0.537598 0.018750 0.034180
2 0.930078 0.645020 0.046094 0.083008
2 0.475000 0.564453 0.026562 0.048828
2 0.309766 0.542969 0.019531 0.037109
2 0.177734 0.546387 0.022656 0.030273