0 0.875391 0.510742 0.010156 0.029297
0 0.717187 0.518555 0.018750 0.035156
0 0.734375 0.512207 0.014063 0.032227
0 0.746484 0.511230 0.011719 0.024414
0 0.763672 0.500977 0.013281 0.023438
0 0.794922 0.504883 0.011719 0.029297
0 0.827344 0.503906 0.010937 0.029297
0 0.857422 0.500977 0.013281 0.025391
3 0.448047 0.604980 0.057031 0.106445
3 0.541016 0.569824 0.036719 0.079102
3 0.915625 0.644531 0.062500 0.128906
3 0.890362 0.578947 0.054737 0.094737
1 0.241016 0.686035 0.061719 0.077148
1 0.510938 0.600586 0.039062 0.050781
1 0.563672 0.569336 0.027344 0.044922
1 0.549609 0.541504 0.013281 0.041992
1 0.068956 0.539253 0.012500 0.026367
1 0.176172 0.531250 0.017969 0.025391
1 0.289062 0.528320 0.015625 0.025391
1 0.381250 0.525391 0.014063 0.029297
1 0.479297 0.534180 0.013281 0.023438
1 0.867188 0.532715 0.018750 0.034180
2 0.944531 0.565430 0.032813 0.058594
2 0.885938 0.609863 0.034375 0.069336
2 0.690625 0.529785 0.020313 0.038086
2 0.565625 0.520508 0.012500 0.025391
2 0.087687 0.533145 0.010937 0.018555
2 0.191406 0.528809 0.012500 0.022461
2 0.311328 0.520020 0.014844 0.024414
2 0.462891 0.516602 0.016406 0.021484