0 0.332031 0.588867 0.026562 0.060547
0 0.296875 0.544434 0.029687 0.043945
0 0.317188 0.558594 0.031250 0.044922
0 0.011328 0.616699 0.036719 0.053711
0 0.080469 0.583984 0.020313 0.044922
0 0.109375 0.562500 0.025000 0.041016
0 0.134667 0.543349 0.019531 0.035156
0 0.186328 0.541992 0.017969 0.039062
0 0.232031 0.537598 0.025000 0.036133
0 0.279297 0.531738 0.021094 0.040039
1 0.379688 0.672363 0.050000 0.083008
1 0.642188 0.568359 0.026562 0.046875
1 0.807031 0.524902 0.020313 0.036133
1 0.984375 0.509277 0.018750 0.032227
2 0.920703 0.686523 0.057031 0.087891
2 0.929297 0.580566 0.036719 0.067383
2 0.989453 0.543457 0.024219 0.041992