0 0.303906 0.595703 0.028125 0.064453
0 0.269531 0.544434 0.029687 0.043945
0 0.289844 0.563965 0.032813 0.047852
0 0.045703 0.583008 0.021094 0.046875
0 0.075000 0.563477 0.020313 0.042969
0 0.105078 0.545898 0.019531 0.035156
0 0.158984 0.541992 0.017969 0.037109
0 0.204687 0.538574 0.025000 0.036133
0 0.253125 0.534668 0.020313 0.038086
1 0.348047 0.684570 0.055469 0.091797
1 0.623437 0.568359 0.026562 0.046875
1 0.789453 0.524414 0.021094 0.037109
1 0.966406 0.508301 0.020313 0.034180
2 0.917578 0.695312 0.060156 0.091797
2 0.917578 0.579590 0.038281 0.071289
2 0.974609 0.541504 0.024219 0.041992