0 0.285938 0.599121 0.029687 0.067383
0 0.251563 0.548340 0.029687 0.043945
0 0.271875 0.567871 0.032813 0.047852
0 0.020995 0.586277 0.021875 0.048828
0 0.053516 0.568359 0.022656 0.046875
0 0.085938 0.547363 0.021875 0.040039
0 0.139827 0.544583 0.021842 0.035752
0 0.188281 0.542480 0.025000 0.036133
0 0.235937 0.536621 0.020313 0.038086
1 0.326172 0.695312 0.055469 0.091797
1 0.612500 0.575684 0.028125 0.049805
1 0.778125 0.528320 0.021875 0.039062
1 0.957031 0.513184 0.020313 0.034180
2 0.921484 0.708496 0.063281 0.096680
2 0.913672 0.586426 0.038281 0.071289
2 0.967578 0.546387 0.024219 0.041992