0 0.810937 0.518066 0.014063 0.030273
0 0.800391 0.510254 0.014844 0.022461
0 0.644141 0.524902 0.017969 0.034180
0 0.662500 0.513672 0.014063 0.033203
0 0.674219 0.511230 0.014063 0.020508
0 0.687500 0.504395 0.014063 0.026367
0 0.721484 0.502930 0.013281 0.033203
0 0.752734 0.505859 0.016406 0.033203
0 0.787109 0.501465 0.011719 0.022461
3 0.333203 0.656250 0.069531 0.128906
3 0.453125 0.595703 0.046875 0.101562
3 0.957422 0.707031 0.080469 0.171875
3 0.879297 0.603516 0.063281 0.109375
1 0.019531 0.792969 0.075000 0.093750
1 0.415625 0.639648 0.053125 0.068359
1 0.480859 0.589844 0.030469 0.048828
1 0.467187 0.556641 0.020313 0.041016
1 0.056250 0.543945 0.021875 0.031250
1 0.280469 0.537109 0.015625 0.033203
1 0.180078 0.536133 0.017969 0.033203
1 0.387500 0.540039 0.017188 0.029297
1 0.817969 0.542969 0.020313 0.037109
2 0.921094 0.582520 0.034375 0.061523
2 0.890234 0.653320 0.038281 0.076172
2 0.620313 0.538574 0.020313 0.038086
2 0.485156 0.525391 0.014063 0.029297
2 0.078516 0.531738 0.016406 0.032227
2 0.210156 0.528320 0.017188 0.029297
2 0.371875 0.526855 0.018750 0.024414