0 0.829297 0.523438 0.010156 0.031250
0 0.817578 0.508301 0.013281 0.020508
0 0.661328 0.521973 0.017969 0.034180
0 0.679688 0.515137 0.014063 0.032227
0 0.692187 0.510254 0.014063 0.020508
0 0.704688 0.503906 0.014063 0.025391
0 0.740234 0.500488 0.011719 0.030273
0 0.771484 0.503418 0.014844 0.030273
0 0.805078 0.499512 0.011719 0.022461
3 0.366406 0.640625 0.062500 0.117188
3 0.476953 0.587402 0.044531 0.096680
3 0.941016 0.685547 0.072656 0.156250
3 0.880859 0.596680 0.060156 0.103516
1 0.090234 0.758301 0.067969 0.084961
1 0.441797 0.627930 0.050781 0.064453
1 0.502734 0.584961 0.030469 0.048828
1 0.487891 0.549805 0.019531 0.039062
1 0.087891 0.540039 0.021094 0.029297
1 0.305469 0.535156 0.015625 0.033203
1 0.208594 0.534668 0.017188 0.032227
1 0.412109 0.537109 0.014844 0.025391
1 0.830078 0.539551 0.021094 0.038086
2 0.926562 0.577637 0.034375 0.061523
2 0.885547 0.638672 0.038281 0.076172
2 0.638672 0.534668 0.019531 0.036133
2 0.506641 0.523438 0.013281 0.027344
2 0.107422 0.527832 0.016406 0.032227
2 0.235156 0.524414 0.015625 0.027344
2 0.394141 0.524414 0.017969 0.023438