0 0.728125 0.531738 0.014063 0.030273
0 0.699219 0.513672 0.018750 0.027344
0 0.712467 0.526974 0.018947 0.027632
0 0.536719 0.540039 0.020313 0.029297
0 0.554688 0.529297 0.014063 0.033203
0 0.565625 0.518555 0.017188 0.025391
0 0.578516 0.508789 0.014844 0.027344
0 0.615625 0.508789 0.015625 0.039062
0 0.646875 0.511719 0.018750 0.039062
0 0.680078 0.504883 0.016406 0.033203
3 0.039844 0.828613 0.114062 0.192383
3 0.281641 0.668945 0.066406 0.142578
3 0.898438 0.666016 0.084375 0.146484
1 0.211328 0.753418 0.067969 0.086914
1 0.337109 0.646484 0.044531 0.072266
1 0.321875 0.583008 0.023438 0.046875
1 0.120313 0.556790 0.026562 0.057617
1 0.236719 0.564941 0.018750 0.032227
1 0.742578 0.556641 0.025781 0.046875
1 0.930469 0.531250 0.017188 0.035156
2 0.904687 0.624512 0.043750 0.079102
2 0.963281 0.763672 0.065625 0.099609
2 0.511328 0.556152 0.022656 0.041992
2 0.992188 0.576172 0.021875 0.050781
2 0.353516 0.536133 0.016406 0.035156
2 0.042969 0.539062 0.018750 0.031250
2 0.227734 0.536621 0.022656 0.030273