0 0.833984 0.527087 0.010156 0.029297
0 0.824219 0.512695 0.014063 0.021484
0 0.668797 0.528477 0.017281 0.032890
0 0.685937 0.517090 0.014063 0.032227
0 0.698047 0.513672 0.013281 0.019531
0 0.711719 0.506836 0.014063 0.025391
0 0.747266 0.504883 0.011719 0.029297
0 0.778125 0.508301 0.014063 0.028320
0 0.811719 0.503418 0.012500 0.024414
3 0.376563 0.640625 0.062500 0.117188
3 0.484766 0.590820 0.042969 0.091797
3 0.936328 0.683594 0.069531 0.148438
3 0.880078 0.595703 0.060156 0.103516
1 0.110547 0.754395 0.067969 0.084961
1 0.451172 0.629395 0.047656 0.061523
1 0.509766 0.586914 0.030469 0.048828
1 0.495099 0.557237 0.017895 0.035526
1 0.098828 0.543945 0.021094 0.029297
1 0.314844 0.538086 0.015625 0.033203
1 0.217969 0.539551 0.015625 0.030273
1 0.419141 0.541992 0.014844 0.025391
1 0.835547 0.540527 0.021094 0.038086
2 0.928125 0.579590 0.034375 0.061523
2 0.884766 0.638672 0.038281 0.076172
2 0.644531 0.541504 0.020313 0.038086
2 0.514844 0.527344 0.012500 0.025391
2 0.003405 0.547130 0.010937 0.018555
2 0.117188 0.531738 0.015625 0.030273
2 0.243983 0.531680 0.014844 0.025391
2 0.401953 0.528320 0.016406 0.021484