0 0.872266 0.510742 0.010156 0.029297
0 0.712109 0.519531 0.016406 0.031250
0 0.728906 0.512207 0.014063 0.032227
0 0.741797 0.510254 0.011719 0.024414
0 0.758203 0.500977 0.013281 0.023438
0 0.790234 0.501953 0.011719 0.027344
0 0.822266 0.504395 0.010156 0.028320
0 0.851953 0.500977 0.013281 0.025391
3 0.441016 0.609863 0.057031 0.106445
3 0.534766 0.570801 0.038281 0.083008
3 0.918750 0.649414 0.062500 0.128906
3 0.891406 0.580566 0.054688 0.094727
1 0.226172 0.693848 0.061719 0.077148
1 0.503125 0.601562 0.039062 0.050781
1 0.557422 0.569336 0.027344 0.044922
1 0.544141 0.542480 0.013281 0.041992
1 0.059766 0.537598 0.011719 0.024414
1 0.166797 0.530273 0.017969 0.025391
1 0.281250 0.525391 0.015625 0.025391
1 0.374609 0.526367 0.013281 0.027344
1 0.472266 0.532227 0.013281 0.023438
1 0.864453 0.533691 0.019531 0.036133
2 0.942969 0.567383 0.032813 0.058594
2 0.888281 0.614746 0.034375 0.069336
2 0.685156 0.529785 0.021875 0.040039
2 0.560156 0.519531 0.012500 0.025391
2 0.076499 0.528729 0.010937 0.018555
2 0.181530 0.524276 0.012500 0.022461
2 0.303358 0.519276 0.014844 0.024414
2 0.455469 0.515137 0.017188 0.022461