0 0.791016 0.523926 0.013281 0.028320
0 0.775391 0.507324 0.016406 0.024414
0 0.618750 0.525879 0.017188 0.032227
0 0.638281 0.514160 0.014063 0.032227
0 0.646484 0.518066 0.014844 0.022461
0 0.661328 0.502930 0.014844 0.027344
0 0.696484 0.503906 0.014844 0.037109
0 0.728125 0.507324 0.015625 0.032227
0 0.760156 0.500000 0.014063 0.025391
3 0.283984 0.683105 0.072656 0.135742
3 0.420703 0.605957 0.049219 0.106445
3 0.986719 0.738281 0.089063 0.189453
3 0.877734 0.614746 0.066406 0.114258
1 0.378125 0.658203 0.053125 0.068359
1 0.456641 0.602539 0.035156 0.056641
1 0.434766 0.560547 0.021094 0.042969
1 0.007812 0.548828 0.023438 0.033203
1 0.243750 0.539551 0.018750 0.040039
1 0.138672 0.541504 0.019531 0.036133
1 0.353516 0.543457 0.017969 0.030273
1 0.799219 0.544922 0.020313 0.037109
1 0.982422 0.526367 0.014844 0.029297
2 0.916406 0.587891 0.035937 0.064453
2 0.897266 0.669922 0.039844 0.080078
2 0.595313 0.541504 0.021875 0.040039
2 0.453516 0.526855 0.014844 0.032227
2 0.033594 0.535156 0.017188 0.033203
2 0.172266 0.531738 0.016406 0.028320
2 0.337500 0.528809 0.020313 0.026367