0 0.776953 0.527832 0.013281 0.028320
0 0.760329 0.509087 0.017188 0.025391
0 0.602734 0.528320 0.019531 0.037109
0 0.622656 0.522949 0.014063 0.032227
0 0.632812 0.518555 0.015625 0.023438
0 0.644141 0.506348 0.016406 0.030273
0 0.679624 0.506836 0.015625 0.039062
0 0.712109 0.508789 0.016406 0.033203
0 0.743249 0.504883 0.014063 0.027344
3 0.257422 0.694824 0.080469 0.149414
3 0.401562 0.613281 0.054688 0.117188
3 0.992969 0.758301 0.084375 0.180664
3 0.871484 0.619629 0.066406 0.114258
1 0.356641 0.667480 0.058594 0.075195
1 0.437891 0.608398 0.035156 0.056641
1 0.415625 0.564453 0.023438 0.046875
1 0.221776 0.541802 0.020313 0.043945
1 0.116406 0.546387 0.020313 0.038086
1 0.334819 0.551460 0.017188 0.029297
1 0.785547 0.547363 0.021094 0.038086
1 0.968853 0.528171 0.014268 0.029595
2 0.907813 0.592773 0.035937 0.064453
2 0.895703 0.679688 0.039844 0.080078
2 0.580469 0.545410 0.020313 0.038086
2 0.436328 0.530273 0.016406 0.035156
2 0.007889 0.545235 0.017969 0.035156
2 0.152734 0.528809 0.017969 0.030273
2 0.317578 0.531738 0.021094 0.028320