0 0.265625 0.603516 0.031250 0.070312
0 0.236719 0.550293 0.029687 0.043945
0 0.254688 0.569824 0.032813 0.047852
0 0.031641 0.570312 0.021094 0.044922
0 0.065625 0.549316 0.021875 0.040039
0 0.121484 0.545898 0.021094 0.035156
0 0.170313 0.542480 0.025000 0.036133
0 0.220312 0.538574 0.020313 0.038086
1 0.301563 0.711914 0.060937 0.101562
1 0.603125 0.577637 0.028125 0.049805
1 0.773047 0.527344 0.024219 0.042969
1 0.950781 0.511230 0.018750 0.032227
2 0.933984 0.724121 0.063281 0.096680
2 0.914453 0.589355 0.036719 0.067383
2 0.965234 0.544434 0.024219 0.041992