0 0.29666319082377474 0.6616605468572705 0.04171011470281549 0.0633099955310591
0 0.390367365149228 0.6116864454640215 0.025498878195176156 0.041374381686884565
0 0.43137974972856175 0.5833085699470821 0.0173159449282147 0.030073045948337485
0 0.44947628961024755 0.5663708664676782 0.013337874748245993 0.02304706298410153
0 0.44952532591446903 0.5553989933981192 0.011082204754057301 0.0187563863647211
0 0.4667370686962131 0.5501275906943086 0.010591841711842409 0.017530478759183565
0 0.4824507499896395 0.5449342438263197 0.009807260844298504 0.01593679887198496
0 0.49314066430992487 0.5407661579674929 0.00823809910921075 0.014465709745340116
0 0.5331325864097043 0.5400672251981162 0.007355445633223989 0.01336239290035679
0 0.590084515654625 0.5413463336620665 0.006929418222147543 0.011988395656070683
1 0.7423084112230622 0.6694013406022548 0.03830961267304145 0.0639291661481376
1 0.6917894052735836 0.6150434046867419 0.025897298166975946 0.041374381686884676
1 0.7051620130730073 0.5875734726019124 0.01578968995932084 0.0301573270962181
1 0.6820478124926962 0.5693959205411734 0.01412245561578973 0.02464074287130036
1 0.6494756047006713 0.5593696674616813 0.012381666815927117 0.021300144646210883
1 0.6366035748425295 0.5538530832367634 0.011155759210389471 0.01609003732267722
1 0.6234863634632801 0.5493325489413445 0.00821358095710023 0.014097937463679266
1 0.6102944089876841 0.544966984078157 0.006653245756772175 0.012474835793947814
1 0.6210902417250879 0.5438685708635955 0.00552344930750881 0.011376422579386203
