0 0.22361486132914704 0.7073809523809526 0.04340345368916795 0.07300889586603865
0 0.32150461957090515 0.6309754892726321 0.02359433176347464 0.03943819989534281
0 0.3623831711145996 0.6007966928309785 0.014815045525902626 0.027778210361067424
0 0.3792558618524332 0.5836496493982208 0.011248460491889045 0.021605274725274848
0 0.38836985837781246 0.5759801198116169 0.010254206325484072 0.020016772621664014
0 0.3959551616870747 0.5703613766195708 0.00772577188906326 0.016153886677132356
1 0.5466067782061751 0.5714097754892729 0.008849520527472565 0.01580271522762955
1 0.5576335617205654 0.5773796901308218 0.010956549224489853 0.017909743924646726
1 0.578563380110937 0.5872124907169024 0.013484983660910776 0.023528487116692753
1 0.6124163078430144 0.6031907916692834 0.019103726852956582 0.029849573207744617
1 0.6722150078492939 0.6330561543450927 0.025034683411826353 0.03943819989534281
1 0.8412848560962849 0.6995009476470289 0.049726425954997544 0.07458963893249604
