0 0.22313343799058083 0.7063553113553114 0.040188383045525994 0.07300889586603898
0 0.3218991221350078 0.6313771847200418 0.023704072841444213 0.04087855154369435
0 0.36283254421768707 0.6010612119309262 0.016022197383568693 0.02908138566195706
0 0.37969491929419147 0.5839613571616955 0.010563237201046571 0.022053567028780696
0 0.38851634610570385 0.5763760538524334 0.008652864515750924 0.01896325827315548
0 0.3959892745511251 0.5703359049209837 0.007641490741182588 0.01671576099633698
1 0.5464690469911042 0.5721821412872842 0.008998768393511214 0.016735514390371575
1 0.5585405655677655 0.5775320188383045 0.009876697017268565 0.01975339403453691
1 0.5780744774463631 0.5865856577708006 0.012071518576661333 0.021399510204081595
1 0.612533175928833 0.6040070538984825 0.018655983254840414 0.028258327577184716
1 0.674305058294087 0.6313895644165359 0.0242308300156987 0.04192109178440606
1 0.8400343729900583 0.6990987475457875 0.04747837997278903 0.07339483294610138
