0 0.20445495271279243 0.8546540567446491 0.09830761572921848 0.1493280238924839
0 0.32327526132404183 0.7026505724240917 0.05288203086112492 0.07964161274265813
0 0.3207267297162768 0.6345569935291189 0.03249377799900449 0.05654554504728726
0 0.2451245077683476 0.5835938052296077 0.018108406207524713 0.03024103836656622
0 0.27315632057759587 0.6013400433129819 0.021150618450388847 0.03748440084957616
0 0.28981605428851864 0.5730003875982057 0.013327786968738209 0.024989600566383996
1 0.9377949420504752 0.7053596015928226 0.059635639621702596 0.07964161274265824
1 0.757358904220709 0.6394163462419017 0.032111498257839544 0.05351916376306631
1 0.5788058218018916 0.6073058636137384 0.021399510204081817 0.03588332503733205
1 0.6642733777999004 0.5955622299651568 0.019572722747635662 0.033273628670980604
1 0.5893750920856148 0.5717487506222003 0.010699755102040909 0.021529995022399162
1 0.5112146859133898 0.5743584469885517 0.012526542558486842 0.021529995022399162
1 0.46476209059233453 0.5805564758586362 0.014092360378297697 0.025444539571926272
1 0.48381287406669987 0.5903428372324541 0.01618011747137882 0.02870666002986555
