0 0.024905521266450653 0.61432608811749 0.02639939576578294 0.041749044440205996
0 0.03020539996185404 0.6490752927713143 0.03539918977684531 0.05174881556360833
0 0.03140537249666236 0.7280734846461951 0.05659870455845891 0.0902479343887087
0 0.10970358039290498 0.5939515544535572 0.019999542246805245 0.033499233263398875
1 0.7735975586496279 0.720694259012016 0.05038947167652106 0.08056456227350761
1 0.4791284860118255 0.647527261796681 0.030207308609574657 0.0505588427999234
1 0.593685864001526 0.6249677781422847 0.027391373061224477 0.04479897463284366
1 0.33728775700995606 0.6015953021338928 0.018103905634483962 0.03164087579782571
1 0.3554326217069616 0.6164429622979211 0.021134876261071956 0.037784735176044304
1 0.3977842923541483 0.5907923493938584 0.01605595250841123 0.025189823450696203
1 0.49092987119252357 0.5851815089193205 0.014286521007484333 0.023510501887316515
