0 0.07935467765087685 0.8177463669816498 0.10734569056980589 0.14042314173375792
0 0.37268301816139304 0.5688853546868236 0.01497846845160078 0.026524371216376408
1 0.5648859089434412 0.5592746021904378 0.007945213340013302 0.022070037055592295
1 0.5865145452579215 0.5653438623807258 0.010593617786684217 0.02538054261393108
1 0.7193761683325867 0.6094839364919102 0.02383564002003946 0.03862256484728632
1 0.9653154839917619 0.8200867526772124 0.06936903201647648 0.12638082756038205
1 0.5768338392732302 0.5572532323594119 0.00812163788668463 0.01723932570286857
1 0.8209463349998573 0.6631394794005996 0.04260028929242199 0.062253120593692146
1 0.6418245114885114 0.5847703090052803 0.017047777639503492 0.03208430061367196
1 0.6118472395718566 0.573756295361781 0.016856229576138082 0.026337858712715878
1 0.6378977761895247 0.5584324502925644 0.009960499294990877 0.01628158538604263
0 0.623168327862675 0.5547879488593691 0.008630389542982786 0.015569026590323887
0 0.33467275946910247 0.6037411868131866 0.022985767603824758 0.03980608191808199
0 0.28295478236049676 0.6532743188240329 0.04022509330669327 0.059260182103610726
0 0.34556162502640253 0.5795887285286143 0.016281585386042574 0.029211079663193917
0 0.3964176358498648 0.5597156169544741 0.010343595421721141 0.021070286970172547
0 0.41164570688739865 0.5519339768802627 0.011301335738547191 0.01891537125731413
0 0.46279407460653676 0.5506382585460259 0.009194307041529903 0.01609003732267733
0 0.5329027766253587 0.552028198130738 0.009258054237017865 0.015299326917105671
