0 0.262284567090053 0.7002012369344941 0.05535739031254461 0.0775769656629085
0 0.3817713700169543 0.6308560639086633 0.0320268361946624 0.04999404453831868
0 0.43262940107389747 0.5940073512772944 0.018511204843613516 0.03279302844812326
0 0.4528232873777651 0.5748394848123308 0.015783560421292975 0.024326604047381184
0 0.4538959565326103 0.5617184424718141 0.013331745210218404 0.01992099858998131
0 0.47167161681290143 0.5561635486342231 0.010879929999143667 0.019537902463251045
0 0.4883746079383474 0.5510875249550451 0.010879929999143723 0.016664681512772894
0 0.4995610148388755 0.5457241791808194 0.008734591689453453 0.015132297005851392
0 0.5410916788299704 0.5453055016846007 0.007355445633223989 0.01245062411873843
0 0.6005541835755107 0.5462344349684598 0.007661922534608179 0.01412666967318399
0 0.6769440899744832 0.5488265067595259 0.0076006271543315185 0.011186406900527968
1 0.8177242999286429 0.7129527249892966 0.050520801712573005 0.08080933923219635
1 0.7316533514485524 0.6363837716569154 0.03256317077208515 0.04698913429427709
1 0.7367734742057959 0.6003917572713016 0.01700946802683012 0.03256317077208504
1 0.706466979055232 0.5787213861338677 0.01292949427715151 0.027834327957756422
1 0.6678410582783236 0.5672179610251782 0.012553293880702254 0.021732890030965568
1 0.6853215200072014 0.5516832598478094 0.004581952266456302 0.013730165182017973
1 0.6518356085804284 0.5596859846967569 0.009917102165754699 0.01859456656079006
1 0.6372091641226437 0.5547871946111032 0.008213580957100008 0.01563032197060088
1 0.6343895766299079 0.5499601834143 0.006742491830455166 0.013331745210218404
1 0.6224369774759191 0.5508796141184529 0.0073554456332241 0.015170606618524318
