0 0.22221664050235473 0.7079879644165358 0.04340345368916795 0.07367870225013085
0 0.3618685923600208 0.6007064154892727 0.01673551439037152 0.029492914704343343
0 0.3212643935112506 0.6310566823652539 0.024966095238095287 0.03943819989534281
0 0.3798694213793824 0.5850216719204605 0.012782640761904773 0.021772629869178495
0 0.38836777045735205 0.5761545928205128 0.010956549224489798 0.01984118689691261
0 0.39609354234641536 0.570184678178964 0.008709051947671353 0.015275958053375227
1 0.5462014975196228 0.5716443277864992 0.008252529063317637 0.015583233071690294
1 0.5582291196650965 0.5773508638409209 0.009832800586080825 0.018217018942961793
1 0.5782458922867606 0.5871178197802198 0.015100372328623934 0.02238717990580852
1 0.6126606943380426 0.6039082047095761 0.015802715227629438 0.030069055363683872
1 0.6736861873364735 0.6318355405362639 0.020850804814233403 0.03978114076399786
1 0.8409041548927266 0.699909302964312 0.048560427001569595 0.07167464154892711
