0 0.08312593330014935 0.7076592832254853 0.05226480836236935 0.07933051269288205
0 0.2739775012444003 0.6318078646092583 0.02854355400696862 0.04638327526132402
0 0.33575390741662525 0.6007157789945248 0.02324260826281732 0.03720856147336982
0 0.3693945246391239 0.5793081134892982 0.013864011946241928 0.028033847685415614
0 0.3836663016426083 0.5673300149328024 0.012232951717272289 0.022427078148332447
0 0.38203524141363865 0.5586650074664012 0.008155301144848193 0.021407665505226436
0 0.3971225485316078 0.5535679442508712 0.008970831259333012 0.018349427575908517
0 0.41139432553509214 0.549490293678447 0.008155301144848137 0.017330014932802396
0 0.45849118964659036 0.5446480836236933 0.006116475858636061 0.012742658038825128
1 0.5294423096067695 0.5497451468392236 0.006116475858636061 0.01478148332503737
1 0.5406558486809359 0.5507645594823296 0.00733977103036354 0.0178397212543554
1 0.5518693877551021 0.5550970632155302 0.007747536087605811 0.015291189646590375
1 0.5614518666002987 0.5612135390741664 0.011417421602787359 0.019368840219014527
1 0.5879565953210553 0.570133399701344 0.01141742160278758 0.01987854654056742
1 0.581636236933798 0.6032643106022897 0.021611548033847683 0.035169736187157796
1 0.7180189148830265 0.736747137879542 0.05724240915878542 0.09021901443504221
1 0.6063039131962118 0.6356698341658342 0.02772380449098011 0.04609125274725279
1 0.601430549794965 0.5826102157002793 0.012718791407449692 0.026050536617668096
0 0.4212632657735865 0.5448485288097045 0.006963155199451954 0.012872029858141842
