0 0.2241932685256532 0.7084124807934385 0.04211103615487315 0.07455829349609022
0 0.3217415611153919 0.6312081423917604 0.02406344923135606 0.04172704494373436
0 0.3625995059512495 0.6014541234072096 0.016711297508754486 0.029183332046538224
0 0.40151261398710736 0.5644774300506183 0.005972552195128822 0.012205145286393937
0 0.39559039228800474 0.5697411610933758 0.008556184324482307 0.015350801288041671
0 0.38799048738802344 0.5760534441366827 0.010401635845449064 0.018831993929865454
0 0.37963847596017575 0.5842513171481976 0.013270736256952053 0.022220291417890614
0 0.41193464416896736 0.5549366881648704 0.0038653820948250763 0.007448913411902236
1 0.8400572760328053 0.6996161352508103 0.04229023205340443 0.07065438284951353
1 0.6739060440936436 0.631457748109403 0.02338270961224964 0.04056585552125125
1 0.6132441749336426 0.6027404933952014 0.017405963209118535 0.029293921515346155
1 0.5782953305612099 0.5862453624587873 0.013434572507037945 0.021626385011329297
1 0.5579735242129749 0.5762796783098822 0.010317751685405163 0.018506942809695226
1 0.5462716838868446 0.5709320631070809 0.009059489284746026 0.01599041800837686
1 0.5356183955612636 0.5673407725051994 0.00822064768430648 0.014260307207470513
1 0.5263811767124249 0.564301476949154 0.0068449474595859705 0.012985267974802595
1 0.5188005060448472 0.5617784354073925 0.006006105859146427 0.011701840326130197
1 0.5051944952857195 0.5578778219653491 0.00476462029049598 0.009185315524811943
1 0.5106469656885757 0.5590731712459752 0.006140320515216668 0.011576014086064346
1 0.4967552056353627 0.557270770976444 0.005085124889191839 0.01009294213648726
1 0.48910275181370144 0.555119883909923 0.0041606543381796255 0.008933663044680129
1 0.4846401144993637 0.5540084187893407 0.003959332354074174 0.00729792192382317
