1 0.7785042924964548 0.6770348742215917 0.034265076761822444 0.060610395215488055
1 0.6412264474674889 0.6230234937848201 0.021184868591158534 0.03574946574757987
1 0.5882719177482214 0.6010208374158705 0.01482940801381094 0.025951464024169257
1 0.5454418551200448 0.5848220670946432 0.017067887292681383 0.022304625439299564
1 0.4654257944386215 0.5799263471853999 0.011637195881373685 0.018991257167519593
1 0.390484839006104 0.5760123061989026 0.008738758293852844 0.01704719894444795
1 0.3366620322416919 0.5743572383402182 0.00993040715210558 0.019033280374869066
1 0.2585080009371725 0.5727008363031013 0.013240542869474126 0.01732649164560085
1 0.160573724347987 0.570518862075344 0.009930407152105497 0.017585095998520206
1 0.06753482169445733 0.5698847693396638 0.008791720465330777 0.01575624601467418
0 0.039307514002096644 0.6778570664036008 0.039514745126086694 0.06335806646525699
0 0.17966502654910943 0.6232268968493742 0.023791600468586194 0.035687400702879346
0 0.23762860621246737 0.6009225302275119 0.01615346230075837 0.027143112882421883
0 0.22835117505148345 0.5931499172501398 0.013899983969418522 0.02343601948332208
0 0.14350247267328514 0.585548514452434 0.014723483670855214 0.02595146402416937
0 0.046617347478785064 0.5849772767563987 0.016021056872063608 0.025157031452000878
