1 0.8977399346445529 0.7539700833127814 0.07111619705283945 0.09748171897157654
1 0.6670163635242617 0.6506798681330538 0.030709266909180633 0.059600221961896516
1 0.5566266191503795 0.5964591269498735 0.012413008940132086 0.02876973426228502
1 0.5341280404463902 0.5848219310684998 0.007240921881743523 0.019718581910105337
1 0.5215857293297984 0.5777103113632158 0.005947900117146521 0.019072071027806836
1 0.5111122530365622 0.5757707787163202 0.007240921881743745 0.017779049263209834
1 0.5014145898020842 0.5710835748196559 0.006982317528824222 0.0135767285282693
1 0.49352715703804195 0.5686591590110364 0.005172087058388342 0.010020918675627377
1 0.4864155373327581 0.5662347432024168 0.002844647882113638 0.012283706763672186
1 0.4803383350391517 0.5644568382760959 0.005172087058388286 0.013253473087119994
0 0.2519809211418709 0.6584433972501385 0.023274391762747426 0.049458082495838385
0 0.33486361625254357 0.6164201899007334 0.012154404587212564 0.02876973426228502
0 0.3326654792527285 0.5983178851963744 0.012413008940131975 0.026830201615389293
0 0.35050917960416816 0.5873272001972992 0.006723713175904866 0.019718581910105337
0 0.36171317802420977 0.5795886806409272 0.005016576882386381 0.01703263434729141
0 0.3661535264809166 0.5748009003393254 0.004542035825944424 0.015422584334363387
0 0.3698820633529605 0.5726824134802095 0.0033217873950937005 0.01457518959071713
0 0.37347501706602093 0.5700554897749058 0.004542035825944313 0.013388836949612237
0 0.3846664535210156 0.5633066524840449 0.0043693791469264776 0.008440846079289632
