0 0.2103138221379258 0.7077786340945305 0.03088742191538325 0.07106652707179517
0 0.3137688655772197 0.6331384362339729 0.024166861982146105 0.04174893291859483
0 0.41734618957582725 0.5561582373044804 0.004127374181220578 0.00814613325240865
0 0.40821052922498174 0.5627188071806402 0.005427627386436917 0.012456849739363451
0 0.40560793740443624 0.5655827704019671 0.0052941611392294695 0.013179791911737238
0 0.4022712812242496 0.5675847641100792 0.005472116135506066 0.014069566893120333
0 0.39802260568814524 0.570949225758434 0.008541839821277897 0.015682284046877104
0 0.3893028108705909 0.5770108178191062 0.01049934478032064 0.018129165245680645
0 0.3730098492290693 0.5858756029470427 0.011700541005187758 0.02185509798022245
0 0.37743217860309297 0.6013607302038787 0.015918630526307088 0.028674389048478854
1 0.6664450689997219 0.6318900195501606 0.024764245087322667 0.04181681736236498
1 0.6121375139836633 0.6023467096214248 0.013642057820033937 0.03052084591902482
1 0.5775068708986544 0.5866743445709147 0.011511463821643985 0.022591942886680316
1 0.5593220947166371 0.5764558350190931 0.01028802322224207 0.01967236872901701
1 0.5484223511946941 0.5715898780896543 0.009064582622840333 0.016613767230512666
1 0.5389406865493303 0.5677318693813136 0.007451865469083519 0.014597870788316425
1 0.4900514930723331 0.5554943262343477 0.0045044858432519595 0.008272126780046185
1 0.4939442586158842 0.5565022744554456 0.0045044858432519595 0.00889774981383118
1 0.5021190662573414 0.5570236269835998 0.004949373333943452 0.009384345506774916
1 0.5103216793669668 0.558796225579324 0.005004984270279867 0.009731913858877839
1 0.5154378855099196 0.5603602831637865 0.00533864988829853 0.011469755619391675
1 0.5227229181699938 0.5632103436510292 0.006005981124335947 0.01202586498275604
1 0.530007950830068 0.5652609969284356 0.006673312360373274 0.013068570039064475
