1 0.9211503051976073 0.7652551193815895 0.07152026635427589 0.09798680559837225
1 0.6714354769097969 0.6579242111874961 0.03272961341636349 0.05202392255996058
1 0.5556171195560766 0.5970485464208644 0.011916488582526696 0.02337783350391509
1 0.5347632645366549 0.5871181392687588 0.008937366436894911 0.020067697786546712
1 0.5998074313829462 0.6210470303717861 0.007613312149947649 0.024205367433257297
1 0.5214399682742467 0.5791531251988409 0.007116791792342481 0.019447047339540058
1 0.5108475339786673 0.5773946155989889 0.005461723933657958 0.017171329033849103
1 0.5009998802194959 0.5724294120229361 0.005958244291263237 0.014274960281151605
0 0.24496952830137506 0.6608487909735494 0.028136153597632385 0.0479969679018436
0 0.33222472197398145 0.6196448419111416 0.02201240252050063 0.02979122145631652
0 0.3301558871506261 0.600818445018608 0.00993040715210558 0.027722386632961338
0 0.35026032744363556 0.5895219450870216 0.008050250064640219 0.019596003446821664
0 0.3598358880468392 0.5818953923942045 0.0026269237053035965 0.01684197052997105
0 0.3641576012394355 0.5757517805027687 0.0038132763464084896 0.013876088927208707
0 0.36847931443203186 0.57395106667252 0.003982755295137863 0.013876088927208818
0 0.3728857670989928 0.5688666982106421 0.0039827552951376965 0.011333904696269936
0 0.38319226591306166 0.5642635254548574 0.003557702091724846 0.006779157949170722
