0 0.06231894520000749 0.5839311308741735 0.013068570039064354 0.020715073785325333
0 0.1622524517586354 0.5848241711182257 0.01206757318500835 0.02127118314868981
0 0.23401173957910446 0.5900507302129716 0.013680290338765166 0.02363464794298864
0 0.2456622307415895 0.5970368540902373 0.014736898129157572 0.02565054438518466
0 0.20173696328639265 0.6188449183335943 0.02035360269913842 0.03413121217649251
0 0.09536653713701888 0.6711510317197351 0.03464822010024533 0.05634408832916049
1 0.06609624150108935 0.5684418119363811 0.006784534233046158 0.01571008951504549
1 0.15764463322623343 0.5689574295867259 0.008826567815320364 0.01623839341024158
1 0.2551973173221951 0.5704391982048176 0.009787524795214119 0.01681674714814063
1 0.3324524631835345 0.5727257517911477 0.009876502293352329 0.0165720590282602
1 0.3854390720339489 0.5744602833364723 0.008764283566623555 0.016961335582615256
1 0.4581424514597545 0.5774051143654944 0.00903121606103845 0.0177398886913257
1 0.5399324198226643 0.5839696794608902 0.011522586008911161 0.019741882399437638
1 0.5838911706009069 0.5975687800049068 0.015293007492522114 0.02545938179152818
1 0.6403663899524096 0.6174664028952417 0.018151409620215286 0.031753844648109486
1 0.7794327439702604 0.6648941457593001 0.029434694818703734 0.05050602616493449
