1 0.6662820420691782 0.6338735703310934 0.025384603282569862 0.04240594152537136
1 0.6119440954337506 0.6037746098279796 0.01655067858684256 0.030204988420987622
1 0.5770221636155126 0.587223931241137 0.015226624299895186 0.021929649127566453
1 0.5590042342382648 0.5776446950303722 0.009321342180109826 0.020125625161600547
1 0.548327060468321 0.57266625091145 0.008643426385192665 0.018218986988396302
1 0.5388786090766644 0.5688000123935635 0.007541813218452376 0.01641827315814781
1 0.5295789656637158 0.5662734411256651 0.006833391212764162 0.014710772749700451
1 0.5224744081329848 0.5631889242587924 0.004880993723402893 0.013151566421391148
1 0.5152425438687023 0.560395420443184 0.003991568200471751 0.011605918408980398
1 0.5099276840365524 0.5584159063220261 0.003948181589596977 0.012094017781320465
1 0.4893913259806794 0.5560767327146336 0.0047291405853414625 0.010683952927893037
1 0.4939035335116475 0.5563478990326005 0.003687861924348834 0.012202484308507344
1 0.5011924841385959 0.5565377154551773 0.003601088702599453 0.014317581588648487
0 0.20765956964054505 0.7081456455391824 0.033618565879524054 0.07232840495714898
0 0.3120710771317591 0.6259175426968371 0.012930217645970854 0.026668573894814696
0 0.3780151871262101 0.6028855925149517 0.016162772057463526 0.029901128306307423
0 0.37353752516462924 0.5860403228758367 0.01313461852651826 0.022455960706628142
0 0.3885787818643518 0.5782019214971081 0.010846652718673078 0.020549322533423786
0 0.39818661215313034 0.5718825393787338 0.007253699005612624 0.016269979078009644
0 0.40130502480974883 0.5681116327695076 0.006982532687645815 0.015337844859998784
0 0.4044912290458591 0.5667134314424911 0.0053555347798449615 0.01254144220596587
0 0.407067309066544 0.5635780708909996 0.00494878530289472 0.011694047462319501
