1 0.8758894136506566 0.7386058808342068 0.06707550403847318 0.09697663234478071
1 0.6684240715210561 0.6473365826845059 0.03151249202934836 0.048327981473580306
1 0.6014596380521621 0.6133836382198656 0.014299786299031947 0.03323376260237998
1 0.5635441507328458 0.5934489462837418 0.015570878414501554 0.02833476174067462
1 0.5432596390568116 0.582393092987731 0.011651677725137088 0.022111706592021663
1 0.530760566588028 0.5767658622682045 0.009745039551932844 0.019331192589432167
1 0.5207390959472707 0.5741430425711506 0.007626552692817201 0.01843083567430792
0 0.10214333289105403 0.7784760936679205 0.035252945389974755 0.05937555943029804
0 0.2713414197254118 0.6505125034544401 0.026067318774277093 0.051462266230963616
0 0.34780018724104145 0.6121146374059789 0.019807852132733228 0.03058565402848512
0 0.34573466255340357 0.5940412963891467 0.015041256699722505 0.024362598879832387
0 0.36311112520707167 0.584697324206793 0.010931392193037792 0.020019700818644792
0 0.3736188200282863 0.5779711284291003 0.008389207962098855 0.016947894872926805
0 0.3768812897913247 0.572992684310178 0.005931763205524354 0.0154649540715458
0 0.38099115429800945 0.5710330839654958 0.005677544782430488 0.014511634984943678
