1 0.8881551267032493 0.7482185077108636 0.07374264751217707 0.0959664590911894
1 0.6656644675997287 0.6522520486196743 0.031820457488131115 0.05177137924656272
1 0.5555555829582589 0.5944827656799123 0.01464751217707616 0.03093655589123867
1 0.5357842833638575 0.5845408933699983 0.010062812580800329 0.02568665316677965
1 0.5231263243806402 0.5791122707935139 0.005508065833701226 0.019331192589432167
1 0.5125868522565388 0.5746766889322401 0.005402141490745471 0.016021056872063566
1 0.5024710775042607 0.5707045260713979 0.006143611891435863 0.01575624601467407
1 0.49542710869770046 0.5687846473553242 0.003919200689364244 0.012710921154695076
1 0.4870061234327149 0.5658717279240398 0.004236973718231674 0.012181299439916193
1 0.4819217549708369 0.5644152682083976 0.003177730288673797 0.011386866867747591
0 0.2575112571541036 0.653786444299649 0.033101357173685175 0.053375938442567605
0 0.337699294907356 0.6148923496205689 0.019695307518342697 0.029377454491645527
0 0.3350511863334612 0.597203811880881 0.011419968224921362 0.027515503150625786
0 0.3535051929577907 0.5868596377641043 0.00993040715210558 0.022136532609901893
0 0.36328859801710556 0.5788846094716971 0.006185981628618331 0.01641827315814781
0 0.36744083226097257 0.5749124466108548 0.004152234243867126 0.0154649540715458
0 0.3720591336138451 0.5734824679809516 0.005084368461877986 0.012604996811739322
0 0.38544797056345725 0.5611422820266017 0.0033895789745854166 0.006567309263259213
