0 0.31870159811041143 0.7347303442632072 0.04371758178792699 0.07586086591305652
0 0.46732253783152516 0.6795007910335584 0.029977770368864308 0.05349294169081753
0 0.569203180310083 0.6482838448279591 0.02250505079865466 0.04170820225233274
0 0.651874468188818 0.6320288882498541 0.020528255796070115 0.03665759963583948
0 0.7317079909844539 0.6148282923789894 0.016683280900933184 0.02919574157663296
0 0.815321240226174 0.6004167207139 0.015126174683512872 0.023565134272568122
0 0.8868681505699081 0.5922020611045096 0.01218991724494849 0.02018676989012924
0 0.9291472592989412 0.5872344113128072 0.011353528762448484 0.01868527460904512
0 0.9801695580633336 0.5817714724752545 0.010187923536836507 0.017517444945979843
1 0.9870076576081732 0.6538698239870521 0.0259846847836533 0.047247572863970744
