0 0.03222996515679443 0.88031981085117 0.06445993031358886 0.15710552513688403
0 0.2859631657541066 0.735658287705326 0.04977600796416126 0.08866351418616225
0 0.4048880039820808 0.6656918865107019 0.029945246391239466 0.057341961174713685
0 0.48898954703832764 0.6374191139870582 0.024848183175709304 0.04858138377302146
0 0.5485614733698357 0.6183051269288203 0.021662518666002883 0.039024390243902474
0 0.6113190642110504 0.6015803882528621 0.017202588352414172 0.03106022896963656
0 0.6457242409158785 0.5924216027874565 0.014654056744648924 0.030263812842210025
0 0.6785365853658537 0.5872448979591837 0.014016923842707696 0.027874564459930307
0 0.7154902936784471 0.5816699850671976 0.015291189646590375 0.027874564459930418
0 0.7419313091090094 0.5772896963663514 0.0133797909407668 0.023892483822797406
1 0.9641831757093082 0.6154907914385269 0.024465903434544578 0.03975709308113484
1 0.9617365853658538 0.5864375311100052 0.017126132404180927 0.03058237929318075
1 0.987018018914883 0.5749691388750624 0.012232951717272122 0.024975609756097694
1 0.9935090094574416 0.6562672971627679 0.012981981085116834 0.041795918367347085
1 0.9476686908909906 0.596886510701842 0.018349427575908628 0.033130910900945776
