0 0.22992947106227135 0.7135695249808391 0.03978114076399791 0.06730214547357394
0 0.3902543271585561 0.6451956892927178 0.022977038199895328 0.04543966509680808
0 0.4838401004709576 0.61639790685505 0.02002774672946095 0.034637027734170656
0 0.5614983742961799 0.5986404286760862 0.015275958053375338 0.027654751648351628
0 0.6279603179905806 0.5870437430455262 0.013344515081109343 0.023704072841444157
0 0.6679938632339087 0.5813372069911045 0.013344515081109343 0.02238717990580852
0 0.7167189018524331 0.5750819655468344 0.010359557760335036 0.020850804814233403
0 0.7626345688749345 0.5708020635060181 0.010183972035583522 0.01799753678702265
0 0.7895495986771324 0.5682716781580324 0.010535143485086329 0.016505058126635275
1 0.8819589332998431 0.5873335069257147 0.014721107163160552 0.025705750103610647
1 0.8465011520435377 0.5982373804327792 0.017382986750392404 0.028532680272108868
1 0.8282767137624276 0.6153432757718472 0.018004395604395484 0.03750915750915751
1 0.8479395714076396 0.6430314641548929 0.03037633038199894 0.04806659215070652
1 0.9180801714704336 0.7042957571951862 0.047668780743066685 0.07801904761904754
