1 0.9048447933019357 0.713189429618001 0.04886907378335936 0.07501831501831513
1 0.8569702480376764 0.5983899738356881 0.012894576661433788 0.026063506017791727
1 0.8299465075876501 0.6100499633699633 0.014266340136054323 0.032236441653584524
1 0.8241851009942438 0.6294261224489796 0.020850804814233292 0.03532290947148087
1 0.8405090863422291 0.6589190371533228 0.032647970695970696 0.04904054421768711
0 0.10884353741496607 0.810596546310832 0.0689900575614861 0.11302982731554156
0 0.2739776033490321 0.7227681841967557 0.041152904238618504 0.07019570905285188
0 0.38436169544740983 0.667040293040293 0.02529188906331764 0.047690214547357446
0 0.48167116692831 0.6316745159602303 0.016718367346938767 0.03482993197278916
0 0.5514478953427526 0.6136639413919415 0.015583233071690183 0.029630091051805252
0 0.6155366848770281 0.6021411282051282 0.014705304447933165 0.025789153322867575
