0 0.34955993431353216 0.748768405270212 0.04709483286548819 0.08591624914649887
0 0.5255627993020258 0.6564517249576414 0.02742531528310952 0.04989506617100381
0 0.6245975458282882 0.6221623253673216 0.019333489585716724 0.036793368523379555
0 0.6730773571155737 0.6080145284412011 0.016683280900933184 0.029890878280838584
0 0.7247171784412728 0.5950459670375323 0.014625676256484699 0.02523346236266144
0 0.788175640937984 0.5830805143769431 0.012056450997741042 0.021910708916558996
0 0.8431190416956079 0.575245581135003 0.010677299776597237 0.020798490189830043
0 0.9007106263996245 0.5708948678895245 0.009965479791490673 0.016961335582615367
0 0.9594751840053364 0.5664899501853795 0.009289250805639426 0.015837994668619126
0 0.9972866265552509 0.5648463973941361 0.005426746889498091 0.015348618428858485
1 0.9881553739591921 0.5964549235105783 0.017406223073307102 0.029056714235791925
1 0.9705119354855748 0.6109712650819267 0.015849116855886435 0.033505589142707404
1 0.961457182530193 0.6365985929873423 0.027371007728093488 0.04474942533323223
