1 0.9396839351125066 0.7165358451072736 0.05626373626373615 0.07970695970695962
1 0.8560813814756671 0.6484165358451073 0.03120761904761904 0.04972642595499732
1 0.8485270800209317 0.5994411503924646 0.015627129502878034 0.029849573207744617
1 0.8322854004814237 0.6173289461015175 0.022123801318681302 0.03665352004186284
1 0.9185452749764526 0.5781197201454624 0.011764243558346266 0.02107028697017277
1 0.8843938515122975 0.5877769350067916 0.016856229576138193 0.02545993008895875
0 0.2037211093668235 0.7260727367870226 0.05144113029827313 0.07458963893249615
0 0.37874829931972787 0.6484189429618001 0.02331997906855049 0.04929774986917845
0 0.47614350601779176 0.6175542647828363 0.019890570381998873 0.03729481946624802
0 0.5553628466771324 0.5984781789638932 0.015089398220826888 0.02914997383568818
0 0.6247109773731028 0.5878607296703298 0.013871272255363554 0.02545993008895875
0 0.7134315816254615 0.5755530927870797 0.011061900659340873 0.018875465410779668
0 0.7591716629232114 0.5705050032004757 0.010886314934589025 0.01799753678702254
0 0.7870897931586901 0.5683101816410828 0.01018397203558341 0.01755857247514392
0 0.6650387819771102 0.5819187826248609 0.013484983660910554 0.023001729942438653
