1 0.8946088958660392 0.689801151229723 0.0480117216117214 0.06965986394557833
1 0.8403813710099428 0.6399675562532707 0.02957864992150705 0.0503694400837259
1 0.8283630082679228 0.6112591187859762 0.0171196081632653 0.036488908424908484
1 0.8350082711912096 0.5940041218880165 0.017193354167661212 0.029076996018838286
1 0.8633829243110422 0.5840308527221348 0.015058231754683571 0.024582001465201397
0 0.15527367870225017 0.7701649858712724 0.06644479330193619 0.10114076399790672
0 0.30102354788069074 0.6964862836211415 0.03965253793825235 0.06765044479330173
0 0.4036378859236002 0.6449111920460501 0.024113029827315557 0.04889586603872309
0 0.4952566187336472 0.6132303254840399 0.020411840502354672 0.032373618001046656
0 0.5636253103087387 0.5964948110936683 0.013168929356357939 0.026337858712715878
0 0.6267264301412871 0.5853835269492413 0.012949447200418573 0.023319979068550323
0 0.6874132462585032 0.5770157697540556 0.010974107796964838 0.0219482155939299
