0 0.08374813339970136 0.8484320557491289 0.07839721254355402 0.13377302140368352
0 0.30971627675460445 0.7314335490293679 0.05033349925335989 0.08043802887008455
0 0.4199402687904431 0.6721005475360877 0.02994524639123952 0.05256346441015436
0 0.5008561473369837 0.6426331508213041 0.019751119960179198 0.044599303135888446
0 0.5575609756097561 0.6267048282727725 0.01847685415629663 0.0398208063713289
0 0.6187257341961175 0.6115729218516676 0.015928322548531604 0.03504230960676957
0 0.6521752115480338 0.601219512195122 0.014016923842707918 0.03185664509706332
0 0.6853995006470885 0.5946108129417621 0.014363768800398025 0.026305739372822323
0 0.7213541306036066 0.588984286581345 0.013219136531493092 0.024219993302564302
0 0.7471586094493294 0.5845703625682609 0.011589379972815839 0.022635507759405815
0 0.780930787026363 0.580835503787959 0.01213263215904159 0.02286186283699987
0 0.8165138052241492 0.5778928877792362 0.009778539352063076 0.020145601905871224
1 0.9880286709805874 0.6540587356893978 0.023942658038825115 0.0524997511199603
1 0.9581156794425087 0.621437531110005 0.02283484320557483 0.03924738675958195
1 0.961377799900448 0.594677949228472 0.016310602289696274 0.02752414136386272
1 0.9876786460925835 0.5834644101543056 0.012640716774514948 0.024465903434544578
