0 0.20328521652563475 0.7901941264310604 0.059731209556993514 0.09955201592832263
0 0.3655287207565955 0.7133937282229966 0.04077650572424085 0.06728123444499756
0 0.4534020905923346 0.6751657541065208 0.03139790940766546 0.05402887008461932
0 0.5359745146839225 0.6440736684917872 0.020388252862120537 0.03975709308113484
0 0.5763432553509211 0.6313310104529618 0.01712613240418115 0.03466002986560479
0 0.6120226978596319 0.6221562966650076 0.015902837232454003 0.03262120457939277
0 0.6525953210552515 0.6145107018417124 0.014679542060726636 0.02956296665007463
0 0.6797116973618718 0.6076296665007468 0.01508730711796935 0.028033847685415725
0 0.7137728936871961 0.6013580863174519 0.013581304655643556 0.02617230584681307
0 0.7826697204298878 0.5916318915770822 0.012166585420680609 0.01874502986325799
1 0.9848650256783745 0.5967205047296597 0.014713080043614157 0.024616114688353896
1 0.9637008259233301 0.6060576516804145 0.015392145276395874 0.02518200238233903
1 0.9498931661900925 0.61765834940711 0.01765569605233619 0.03140676701617573
1 0.9573628837506964 0.6373229467730939 0.022635507759406037 0.04017802627294542
