0 0.284720041862899 0.7398613291470435 0.04353741496598634 0.07953950811093657
0 0.4437990580847724 0.6786368393511251 0.03181580324437466 0.057561486132914674
0 0.6340106383788677 0.6280510953266771 0.018627257430270938 0.0348811577362218
0 0.5485538913952489 0.6440187294462797 0.023045626373626504 0.03978114076399808
0 0.7141597625161279 0.6110058696660601 0.016294355256933457 0.03002515893249602
0 0.7975488649712199 0.5965665540554685 0.013204046501308242 0.022650558492935513
0 0.8696794806991109 0.5866459606070122 0.011939829283097891 0.021421458419675576
0 0.9108367745808483 0.5832220389743592 0.010535143485086107 0.019490015447409803
1 0.9793394034536891 0.6524016326530611 0.028258327577184494 0.050069366823652595
1 0.9948138147566719 0.6275384196755623 0.010372370486656735 0.04218172684458388
