0 0.18871253136395114 0.715790948666381 0.03717084551119321 0.05835601490224529
0 0.3388556284978407 0.6629293421410436 0.02081567348626817 0.0377018575899245
0 0.42044877544392734 0.6376699435213873 0.0178533341030524 0.02854720935259636
0 0.4894388811332149 0.620351305216996 0.013229229944300203 0.02247979453940141
0 0.5121871100665925 0.613982558749524 0.01051262312667045 0.01971116836250697
0 0.5388266585263466 0.6063932234927791 0.009425110389428837 0.01712832561155775
0 0.5582240930873766 0.6025773757641383 0.00877260274708358 0.014953300137074299
0 0.5664166890412645 0.6003570372589363 0.007032582367496931 0.01359390921552217
0 0.5765668079221877 0.5981820117844527 0.0068875806691979236 0.01232514435540677
0 0.5933130501849067 0.595749328219973 0.005210998532616973 0.011894670563581844
0 0.6106206454742443 0.5926734938551298 0.006844080159708277 0.012107641807958203
0 0.6387808323152611 0.5915911171386218 0.005487124813557065 0.01017773150901724
0 0.6681812010743523 0.5906689261618918 0.0062531982391402785 0.010648562218825597
1 0.807990647108239 0.7178736459463915 0.04141894214104369 0.06305768434934556
1 0.7645197373934256 0.6738129964986321 0.028763154264613955 0.04646355688899151
1 0.741647796958096 0.6496910945501302 0.020957276707263217 0.0345157851175365
1 0.7315939682674493 0.6330527160832151 0.014726734983482537 0.027789632120273078
1 0.7196992977038674 0.6207509362592727 0.012744289889551896 0.023010523411691075
1 0.7209318400037144 0.5923858379485021 0.005890693993392926 0.011781387986785852
1 0.7062957310816689 0.6003156183242233 0.007250084914944943 0.015179865290666283
1 0.7987255520479204 0.5892852805462931 0.00661570248488752 0.012121235717173828
1 0.7584422677392564 0.5908145953330394 0.005256311563335281 0.010875127372417692
1 0.7125911447810687 0.6028968901644398 0.0056641288398008305 0.01469133417823354
1 0.7194589009993273 0.6098000471879471 0.00807138359671622 0.014337326125746008
1 0.9157709890897099 0.5877469118723421 0.006726152997263757 0.011726516738650217
1 0.8466509168415152 0.5875256568395373 0.008319189233457314 0.013054046935478625
0 0.8150925149944594 0.5847737752435251 0.00565506623365708 0.013231404969774818
0 0.8837823789568697 0.5828379928360135 0.007136802338148951 0.012461083447561916
