0 0.021235598974281223 0.7979943819740536 0.042471197948562446 0.09673533237235399
0 0.21841332445590894 0.7079826012189262 0.031498381909313936 0.056344088329160824
0 0.35866621285984407 0.6608350783574337 0.022939511238783083 0.03888420939149806
0 0.4371098405503685 0.6352357584863064 0.016770172988958797 0.03062946102905706
0 0.5035468336482238 0.619965061706801 0.012373433334858675 0.023721540031014232
0 0.5263402720822692 0.6137989498739918 0.01028802322224207 0.020940993214192072
0 0.5526644893833723 0.6070360517920781 0.008842138877494677 0.017517444945979732
0 0.5891645729258326 0.59742450810643 0.007340643596410424 0.015501548503783602
0 0.5799331574939828 0.6000660275824111 0.007006977978392026 0.015918630526307043
0 0.5716193225116845 0.6019428966837661 0.007173810787401269 0.017030849253035885
0 0.6060040243656146 0.5948321653943499 0.006673312360373362 0.01412517782945688
0 0.6227540383901516 0.5934696974541069 0.006984733603857318 0.01229001693035403
0 0.6520699034456898 0.5910022186793946 0.005383138637367768 0.01279051535738207
0 0.6807708467162694 0.5906428330033203 0.005516604884575127 0.012145428495879296
0 0.7271486588479649 0.5894124844040316 0.004560096779588463 0.009801427529298246
0 0.7749314560188671 0.587864362183611 0.004982739895745425 0.010810766023804708
0 0.826771514747638 0.5863178975634167 0.005060595206616192 0.010148995881401057
1 0.8586864542721482 0.5872208338534751 0.007451865469083607 0.013346624720746547
1 0.8108610490228066 0.5886111072618863 0.007006977978391937 0.011956351312335411
1 0.770606446182256 0.5912126152224317 0.007507476405419933 0.012721001686961553
1 0.733254900333824 0.5927204427299586 0.005872514877128587 0.012568071612036325
1 0.7170032993262024 0.5996763716066353 0.006534285019532149 0.015032331228445162
1 0.7227197125671931 0.6046411682862034 0.008230418577793764 0.01682230824177411
1 0.7292409637735215 0.6200607123819126 0.013457846593419375 0.02328707959088583
1 0.7380754995933143 0.6320417736317806 0.013138083709485038 0.030586014985044097
1 0.7478212618787214 0.6474002047569865 0.020228478092381506 0.03640778488276575
1 0.7690623043343777 0.6694313372825711 0.026474933070328444 0.04650084398249987
1 0.8062327497290116 0.7102349262869464 0.037506155182965274 0.06279311048731762
1 0.9778182604253598 0.8256204051285937 0.044363479149280315 0.1168421212351114
