0 0.08630576124255009 0.8005350370236589 0.05079465414484377 0.10300027090482211
0 0.290048762867979 0.7229320931912587 0.029348022394798612 0.06913716814159288
0 0.47855336824995487 0.6784867708145205 0.027090482210583355 0.050794654144843854
0 0.5726032436337365 0.647312145566191 0.020121220877731605 0.03846703991331035
0 0.6487088026006862 0.6319253296008669 0.01372977424598143 0.03195723315875021
0 0.7062167576088134 0.6156168421455659 0.011247431062308189 0.021452535539100537
0 0.7424800267234966 0.6076175916055622 0.01202311596315686 0.01999812635000897
0 0.7672784458992236 0.6012005373306845 0.009599100648004066 0.018543717160917517
0 0.7913731581318403 0.5958071032544698 0.006399400432002711 0.01430169035940032
0 0.8226239873780026 0.5916820284832947 0.005274657325772036 0.015125855566552326
0 0.8693590026541449 0.5883368873483841 0.004576540915008143 0.012313997800975307
1 0.950943651797002 0.6841306212750586 0.03950695322376763 0.06490428029618922
1 0.909197413761965 0.6530734061766299 0.022488423333935526 0.04024244175546332
1 0.9217435867798445 0.6311767834567454 0.013966494491601922 0.030773631930648304
1 0.93078914080549 0.613655697756908 0.009502140035398177 0.023634149322737885
1 0.9518698936752755 0.5915805681777137 0.009332458963337453 0.015756099548491997
1 0.9751404407007407 0.5902170595629402 0.006908443648184992 0.014847093805309797
1 0.9375682033158752 0.6064276619830233 0.005696435990608539 0.016362103377280057
1 0.9365379968069353 0.5986253626873759 0.005817636756366262 0.007423546902654898
1 0.9349017864692073 0.5968831016796099 0.00399962527000175 0.0087870555174282
1 0.9349177229154952 0.5951254869588378 0.0065577518504015275 0.010961358470875093
