0 0.18450875925591476 0.7800760791042081 0.05305219432905908 0.08747968213834201
0 0.37922160014448253 0.6855415838901933 0.022575401842152787 0.05361657937511277
0 0.4495674191800614 0.6480275871410507 0.020713021491782613 0.034398410691710346
0 0.4855193064836555 0.6286091294925045 0.007989308289687524 0.028850279934982903
0 0.5152572873397147 0.6138141141412313 0.0106524110529167 0.018493769189091624
0 0.5541681777135633 0.606046731081813 0.007397507675636517 0.0170142676539643
0 0.6107453133465773 0.600971238938053 0.006805707061585897 0.01627451688640047
0 0.6774708325808199 0.5985670489434711 0.00532620552645835 0.012945638432364182
0 0.729401336463789 0.594868295105653 0.005030305219432818 0.012205887664800463
1 0.9554587321654324 0.7659664529528625 0.04853711396062843 0.09030160736861104
0 0.7928826683041358 0.5927750388296912 0.004393527758714155 0.012498828968755538
0 0.8428674797182587 0.5905652183492869 0.006969044031063798 0.012877581361748214
0 0.8943313488170489 0.5890785967130218 0.00544456564926854 0.012723713202094977
0 0.943450799783276 0.5886347462524837 0.0023672024562038096 0.009468809824814906
1 0.8254542170850637 0.678072512190717 0.027740653783637326 0.04912407440852451
1 0.7801444825717896 0.6448415206790681 0.017569080729637032 0.033519956655228555
1 0.7519673758352896 0.6328529348022394 0.015150095719703827 0.030181831316597463
1 0.7282953512732524 0.6239759255914755 0.013729774245981652 0.022488423333935303
1 0.7223773451327431 0.6180579194509662 0.008995369333574033 0.021896622719884462
1 0.731135994220697 0.6096247607007405 0.0028406429474444606 0.010948311359942231
1 0.7481798519053637 0.606517807476973 0.009468809824814906 0.016570417193426112
1 0.7875419769550296 0.602671103485642 0.006287854939498239 0.015386815965324097
1 0.8801922889651439 0.5952636066461983 0.006060038287881375 0.01633369694780562
1 0.8251785038829693 0.5990511305761244 0.008900681235325947 0.015386815965324208
1 0.9848476214556618 0.5905722900487627 0.005113157305400073 0.01372977424598154
1 0.9407229676720246 0.5942414538558782 0.004355652519414499 0.012546173017879636
