0 0.11568734876500941 0.8551111719855728 0.08941240925900557 0.13075834360589866
0 0.30075677669725615 0.7217032552618362 0.041171317171163735 0.07001517600328722
0 0.3963843418709766 0.6635068803360269 0.023218707939551553 0.04458231292517012
0 0.44204141766881266 0.6410361977811256 0.0202218190384878 0.033320042733872346
0 0.4963450600776147 0.6091665826964345 0.010049631279733517 0.020834601433593836
0 0.47189504251289754 0.6193540900150667 0.012623317339177209 0.027115620983427013
0 0.4566367608747658 0.6282394347440992 0.01421655156645213 0.029873141761402655
0 0.5202798502045272 0.6032287212878604 0.008596601664458858 0.019609036643382205
0 0.5612114101933801 0.5986789577522713 0.008157359243646911 0.018726629994429866
0 0.9793365011098025 0.595145062572981 0.007686742364205856 0.014216551566452074
0 0.900037556923965 0.5956843110806742 0.006431764019029451 0.014118506383235085
0 0.6666847269798659 0.5960102713235631 0.008824066489521942 0.0174642982605121
0 0.735255076992193 0.5963932603205041 0.010662413674839 0.017004711464183142
0 0.5995448408711139 0.5967505172442131 0.011369985846687691 0.022440761539515353
1 0.9131393288590604 0.693165575491942 0.03997447655572284 0.06133808154134113
1 0.8294610203899011 0.6630470814043741 0.02604325179199163 0.045767185134456545
1 0.7579952735606996 0.6378655548554995 0.017311102661735855 0.03370303173081313
1 0.968691882865361 0.5995107402638915 0.009681961842670006 0.016698320266630096
1 0.8742796672601929 0.6000750143815916 0.009766219421997402 0.019388817970141137
1 0.7588084846824639 0.6046230087202666 0.012447142400584421 0.022261235447199157
1 0.726637408939415 0.6224559338903348 0.014362087385289768 0.028724174770579203
1 0.7081272443260562 0.606527421507556 0.008000486950499819 0.019510991460165217
1 0.7138530830259238 0.6135866746991736 0.00878484841623528 0.02166798549093729
1 0.8084826068684652 0.6035120735606996 0.011765421986029367 0.02037501463726432
