0 0.6620864006706662 0.7644677896832672 0.0385633072227608 0.09012077231406035
0 0.5845406198422887 0.7618479997904168 0.05281496423986798 0.07021036912839607
0 0.8129862984988603 0.705260538104844 0.025149982971365836 0.07021036912839596
0 0.8314296193445285 0.6732991014120667 0.02011998637709267 0.04820413402845092
0 0.8427471116816431 0.6486730764192712 0.019281653611380234 0.040868722328469276
1 0.24223048911477302 0.6650493830394801 0.02307091771239944 0.0536532970055803
1 0.38494825914961617 0.6469413953000969 0.018778653951953106 0.04292263760446413
1 0.4713300673286003 0.6321867386235622 0.015559456131618243 0.03621597547876665
1 0.5231054989389852 0.6174320819470277 0.01287679128133934 0.028167980927929603
1 0.5451033507112729 0.6013360928453536 0.01073065940111606 0.024143983652511025
0 0.8308296195541116 0.6351910004977603 0.014064889890230803 0.033513995441565636
0 0.8179734311388226 0.6261257394356974 0.01164748694034734 0.030766946634879666
0 0.8091828749574284 0.6156869539702918 0.012966070367556704 0.028569307589531356
0 0.7987440894920226 0.6107422661182575 0.013185834272091301 0.02911871735086835
