1 0.40116621815105713 0.6071423704336846 0.005997717443141992 0.01467972800769024
1 0.39548306630807983 0.6094491848348931 0.00578800704303215 0.014574872807635475
1 0.38967408822503674 0.6121754200363212 0.006836559043581447 0.014994293607855202
1 0.38328308186356363 0.6168392339300927 0.007079823107708804 0.016315469128547422
1 0.37646133361699013 0.6211312521735911 0.010032545541255678 0.01916753057004139
1 0.365320599680154 0.6276350597932485 0.01103915546178289 0.02076132961087629
1 0.3527776240460832 0.6352295253297269 0.014994293607855091 0.025296317013251968
1 0.3274714768578262 0.6498548545825061 0.017694315009269525 0.033750267517681065
1 0.3002518118665162 0.6656350534024185 0.022445566261758598 0.03962789298950975
1 0.2539478516800579 0.6948932087363879 0.030207308609574702 0.05030284865916457
1 0.19129718564000486 0.738783954156949 0.03999908449361054 0.06859842990654197
0 0.526894329193515 0.6022076131602212 0.005714608402993715 0.012975831006797667
0 0.5326351513965225 0.6042064154112683 0.006501022403405709 0.012517089506557277
0 0.5411546364009855 0.6056481744120237 0.007602002003982466 0.01395884850731266
0 0.5482585762047072 0.607147276100309 0.006291312003295779 0.01548252563311081
0 0.5534358017074194 0.6108745507897617 0.010485520005493054 0.017530478759183565
0 0.564498460503254 0.6134752112653674 0.011140865005836265 0.018759250634827307
0 0.5873605901586332 0.6210116698095206 0.01275039232667945 0.02201959201153536
0 0.6137728103508888 0.6298186392839867 0.014941866007827454 0.025755058513492024
0 0.6565118473319642 0.6486321266774335 0.01959481551026503 0.03375026751768073
0 0.7120907852310296 0.6714721614105261 0.023756256262445062 0.04341660627274446
0 0.8263560897745565 0.7186317448178525 0.03676075861300774 0.06259056741560198
