0 0.013775907745998106 0.8500263712920111 0.02755181549199621 0.11070998153908407
0 0.3359701017727539 0.7291658340540679 0.0397123996054928 0.06385380492122505
0 0.5266473703819745 0.680813867388514 0.024883806563912713 0.043483539561085194
0 0.6244502411533375 0.653347414335504 0.018768691013549877 0.03336656180186637
0 0.7271952116845354 0.6392220792894823 0.015379899580547729 0.02834854371838247
0 0.8004635850624224 0.6318506501873183 0.014013955956783874 0.02405172996551208
0 0.870925477391421 0.625984669348685 0.013068570039064475 0.021827292512054286
1 0.9862713750465059 0.6548178913559424 0.022401866444124074 0.03360279966618618
0 0.9401398224381149 0.6224845307882567 0.014163410348188066 0.021723022006423398
1 0.9442479344084159 0.6785472168841018 0.027696853058189676 0.04439642622562767
1 0.9436505513032394 0.7101813676809561 0.036711907190855445 0.05634408832916049
1 0.9769883682274993 0.7775966198975306 0.04602326354500139 0.08591624914649876
