1 0.1689515500856831 0.7385496183206106 0.043620501635768805 0.07789375292101575
1 0.2523529380943647 0.6909187603154223 0.02189054517827671 0.047214901364910467
1 0.3032162636556547 0.6646286447826881 0.015452149537607096 0.038630373844017685
1 0.32854061984228855 0.6496057216211257 0.012018338529249939 0.02897278038301332
1 0.3527919100888107 0.6372654633098422 0.010730659401116005 0.025753582562678345
1 0.36781483325037323 0.6284126693039216 0.00987220664902666 0.02199785177228797
0 0.6402499111891226 0.6425315344109404 0.013460539152759798 0.026783725865185515
0 0.6147023572869456 0.6329168635875404 0.010713490346074162 0.026096963663514106
0 0.6008297608131827 0.6257058604699903 0.007142326897382922 0.020602866050142832
0 0.8294385790259622 0.7194074035262371 0.028817688821356602 0.06876948468732813
0 0.7095831914280475 0.6661929213277095 0.017028634303528856 0.03765947970972716
