0 0.2637391626717802 0.7181372049490938 0.04739488837145597 0.066723864310825
0 0.34658925743505464 0.6600485456786742 0.027268816582203315 0.041745800666575295
0 0.3924816596813222 0.629732233940556 0.017234504862347677 0.029681647262931876
0 0.44389793252065923 0.6187213002785005 0.013596109391407596 0.02489428480116862
0 0.5149577633748801 0.6100215137652376 0.011183278710679034 0.020106922339405475
0 0.5922449429575858 0.604468173309592 0.01133647430945528 0.017425999360818234
0 0.6501132479751633 0.598246787745971 0.012715234698443156 0.018957955348582467
0 0.7219619838013058 0.595757359265854 0.010876887513125988 0.017425999360818012
0 0.8290230356316481 0.5885406324247819 0.010049631279733462 0.012715234698443156
0 0.8811095392156321 0.5886938280235583 0.009314292405606661 0.01424719068620739
1 0.8703921082737524 0.7140401448568692 0.053618459571748156 0.07181043692644817
1 0.7759694726749762 0.6743469661690183 0.028006070401314864 0.047275204309912056
1 0.7070314532255856 0.6484652878601108 0.02417618043190428 0.036204428617084616
1 0.7386087045288778 0.6117009772031232 0.011765421986029367 0.026104530031502482
1 0.6963022079707808 0.6161742886873947 0.013824370833584454 0.024266182846185425
1 0.6803698656980327 0.6229148950335575 0.014902867848970658 0.028678216090946562
1 0.6872330285232164 0.6350479864566501 0.018040313711911504 0.03235491046158068
1 0.7735832761486923 0.6068569557456056 0.014824431702397 0.025393702453179956
1 0.8290738824327626 0.599394702452084 0.008314231536794225 0.01705986187974262
1 0.8942322506253206 0.5967999043813178 0.010039826761411796 0.01598136486435653
1 0.944208069981281 0.5950384338218513 0.012408843500890221 0.01474507638223066
