0 0.04939506003743788 0.8208236314660092 0.07480253846505042 0.11395699219285027
0 0.2611764744555539 0.6828990731863216 0.03375090535543074 0.05325940738711599
0 0.36889212984522646 0.6504347714924896 0.02178249920102271 0.03919653015568636
0 0.4771711161393418 0.6319733355248138 0.014247190686207334 0.030447625256814215
0 0.5830387888417112 0.6198524256951103 0.011796061105784461 0.02680922978587419
0 0.65419814447336 0.6095117227777019 0.01194925670456104 0.024128306807286615
0 0.7384247038422134 0.6043805594338674 0.01049083460420952 0.019731593122403246
0 0.7995581929231976 0.6012579324446883 0.00956920988197052 0.01794226852869485
0 0.8627232917207688 0.5982533779664884 0.010784970153860263 0.018536667451947375
0 0.9964478524461489 0.5950146623932799 0.007104295107702607 0.015319559877642441
0 0.9243918034709397 0.5951879649143959 0.015558928000730554 0.020944710770214092
1 0.8883669009461714 0.6120933386074972 0.013404614892937206 0.0260312833858376
1 0.9655813126194581 0.6074340380915859 0.014216551566452074 0.022519753020134092
1 0.8259776812308816 0.619858547230973 0.014936570880701217 0.028006070401314975
1 0.7888277485275991 0.6309891649545727 0.017234504862347677 0.03207532849381367
1 0.7477521786056706 0.6428378870474365 0.01704301036387723 0.03710205907866493
1 0.7462202226179062 0.6645007021869151 0.021255889330228595 0.044043734648221755
1 0.8731536319225676 0.7472556270830479 0.05759795461808892 0.07620508606127008
1 0.7860086746107838 0.6972314294845455 0.028424964616719173 0.05563438798338116
