0 0.04219275219381456 0.8593424879245377 0.07872341501656425 0.13517639025870543
0 0.2560353794097566 0.7039196783248616 0.03415436077181808 0.06470236046835098
0 0.3415273507826925 0.6486309809574388 0.022274583112055258 0.041101909313911555
0 0.4081556097593248 0.626892189988054 0.015779603185465875 0.03162872004135242
0 0.4939998931808457 0.616980519951356 0.013457846593419375 0.0244688119880353
0 0.5824553285500091 0.6094658838585074 0.01174781030107388 0.024156000471142747
0 0.6454509281504265 0.6008071000150808 0.010677299776597237 0.01890771835439098
0 0.7231699951761551 0.5969957449835319 0.009164682308245986 0.016294004346578128
0 0.7798317240500007 0.5941132905488555 0.008719794817554227 0.014503332196544538
0 0.8379668856074606 0.5921917198329695 0.007952363896111514 0.015432034833363195
0 0.8918713604209115 0.5908570684345453 0.0078967529597751 0.01404176142495206
1 0.968602692894617 0.596085728988705 0.010774618915185918 0.017378417605138807
1 0.8475338358664948 0.6029761286405676 0.011122187267288553 0.01868179892552413
1 0.7880917156778755 0.6083263566848054 0.013513457529755791 0.023009024909203535
1 0.752700079457016 0.6160177999328422 0.014736898129157527 0.02580695014363099
1 0.7090915879702278 0.6242831552396222 0.015432034833363062 0.028066144432298934
1 0.6972794232164609 0.6366366814613462 0.019376935629729707 0.03356206899992431
1 0.7136612971870552 0.6553507254976609 0.023808432119040025 0.0414909720322687
1 0.7524857682680356 0.6778094451634429 0.029803986192813083 0.050940486605062785
1 0.8802592233692067 0.7262628850679522 0.04616142176364964 0.07212722150570261
