1 0.01097025961611407 0.82748705156412 0.02194051923222814 0.07928690893457768
1 0.18279308993247856 0.7181927708064643 0.035130199651012786 0.06321738826088064
1 0.25645434076321993 0.6809054252838692 0.031396555243658766 0.050913332827554836
1 0.32186013637812044 0.639383161419216 0.016122555395392268 0.029063027489062532
1 0.30938636983536955 0.6497779668715085 0.017310533161368637 0.03415436077181788
0 0.046968612026839475 0.6132682505795125 0.009731913858877667 0.017030849253035996
1 0.0540108890674361 0.6300673009744342 0.013902734084110979 0.023243633546873088
1 0.11283683266083062 0.6360954395812168 0.016161928372778987 0.02617624151774034
0 0.10663496503410745 0.6137403868859335 0.011469755619391564 0.018594906837498426
0 0.17353988613321686 0.61669664138187 0.009384345506774893 0.017725985957241397
0 0.18476634390613644 0.6279057207371843 0.013902734084110979 0.022765727062731722
0 0.22578628122944738 0.6199672664829299 0.01379411897407885 0.02457416864476636
0 0.276650470758011 0.6200508376029763 0.012925198093821911 0.02620339529524829
0 0.6421332212858302 0.637978188140303 0.016683280900933007 0.030086385478896416
0 0.6750218766035552 0.6531843035447994 0.019898288157883925 0.034648220100245375
0 0.7302923509091368 0.6710259523050859 0.02392926642895086 0.04263991624307717
0 0.814932054304428 0.7043531371519611 0.03217722634701472 0.055325821672609465
0 0.9780808682720081 0.7854891477530795 0.04383826345598383 0.09181636193510867
