1 0.14043383720625602 0.7537921458699013 0.03405726860705771 0.07531895941945466
1 0.24388619632705455 0.7000235781090356 0.02360745068245529 0.050970632155301177
1 0.2932472295721883 0.6715202640748212 0.01716905504178573 0.03822797411647583
1 0.33160933693117806 0.6497236121663041 0.013413324251395076 0.03085064577820862
1 0.35414372167352176 0.6379869534463336 0.010194126431060213 0.02481464986508075
1 0.3702397107751958 0.6309449582143511 0.008047994550837045 0.020119986377092558
0 0.6085117392785099 0.6261711770715988 0.01167495742841429 0.02189054517827671
0 0.6285995336773991 0.6356141573445808 0.009958051924235711 0.026182808938723268
0 0.6497174713787954 0.6452717508055853 0.013048481831756997 0.030904299075214192
0 0.6907515129286632 0.6609385135312147 0.014078625134264278 0.03476733645961605
0 0.8084351994970005 0.7092038458515626 0.0236074506824554 0.05687249482591494
