1 0.2295471110279749 0.5620469772494754 0.006864474954029864 0.011621816773436433
1 0.2678230758032929 0.5622098999145235 0.006082446161798538 0.011295971443340158
1 0.30079862320904366 0.5633503585698609 0.006864474954029731 0.01335965853395027
1 0.18625115189656263 0.5602975931612926 0.005561093633644365 0.01077461891518594
1 0.3372999374089618 0.5654607141107484 0.007785531087102138 0.012773136939776886
1 0.3711696247658302 0.5667204372482342 0.00814613325240865 0.014663039854335813
1 0.40207437842826366 0.5690568421364828 0.006951367042055479 0.013902734084111024
1 0.42443322310614845 0.570987518145081 0.00836336347247304 0.016699573167437975
1 0.4532028625147923 0.5723370860787232 0.008037518142376587 0.017378417605138807
1 0.4831233640852348 0.5774485761811436 0.00923228435272989 0.01781966648964428
1 0.5072568141927126 0.5802753268475072 0.010970126113243772 0.01941495091824097
1 0.5201658897311392 0.5852375205829344 0.008906439022633527 0.02009379535594169
1 0.5247277243524882 0.5935873071666533 0.012816582983789893 0.028647235270970905
1 0.5012851893853688 0.6061531419862676 0.015727467932650542 0.027045162397997036
1 0.4493155746127517 0.6183570678650326 0.018790414035556147 0.033806452997496406
1 0.36818496661315636 0.6322630370671671 0.024438399757226347 0.03937297738664247
1 0.23221842529459166 0.6469965385212805 0.027968390833270053 0.0470099773107755
0 0.19783676642217413 0.5599511616078268 0.005071717393883746 0.009565081049868307
0 0.13153598526392454 0.557786204504001 0.0050717173938836565 0.009120193559176815
1 0.12682017786259414 0.559649170871272 0.0053386498882985745 0.010399245094915077
1 0.09642278387763197 0.558562082965627 0.0063257440082704845 0.01164353979544297
1 0.020722244049649487 0.5576059305751262 0.0052830389519621795 0.010079482210980317
0 0.007653674010585176 0.5548253837583039 0.005700120974485491 0.011122187267288752
1 0.06305606933576743 0.5569542399149334 0.006117202997008797 0.011730431883468562
0 0.2485076035958514 0.5611185283308084 0.004048476165293113 0.008397251386803029
0 0.29314509269992334 0.5618658174710789 0.0061839361206125435 0.011122187267288752
0 0.3197878127375463 0.5618499011677165 0.005650071131782753 0.010121190413232894
0 0.39811411112988254 0.5653506746996102 0.004949373333943496 0.010288023222242204
0 0.4369639591130555 0.5666620483525553 0.005227428015625701 0.011122187267288752
0 0.4768440326521096 0.5683030130679814 0.0057835373789902 0.01209537865317667
0 0.5161195768542978 0.5701036411505387 0.005739048629920962 0.014681287192821246
0 0.5434153577571832 0.5711325520878732 0.005672315506317282 0.01279051535738207
0 0.5809545922488265 0.5746963092253798 0.008063585768784432 0.014510978700290722
0 0.6084329660131873 0.5746912857765412 0.00845286232313942 0.01362467940242873
0 0.6277222882487348 0.5761429341469818 0.007153790850320263 0.013969467207714636
0 0.6518320948528457 0.578742635799287 0.008758722472989967 0.017552201781190213
0 0.6850596293138709 0.581870750968212 0.009175804495513074 0.018594906837498426
0 0.7064951932854611 0.5859352947025012 0.009832013544283225 0.01840721992736294
0 0.7260153232895785 0.5899755447024955 0.0125124606756998 0.023200187502860237
0 0.7513542639706227 0.5970128810947131 0.01279051535738196 0.024607839328876446
0 0.7679020201558749 0.6010537320443979 0.013142428313886168 0.02606762640770799
0 0.7764283062933961 0.6063487186584636 0.01325104342391823 0.026339164182788366
0 0.7838684413305961 0.6138160074731718 0.015314730514528651 0.02905454193359136
0 0.7949427392385953 0.6224580775234971 0.01615649761727731 0.034621066322737315
0 0.8066981186551491 0.637364652819858 0.018421122661447065 0.03997036049181901
0 0.7929874126913529 0.6582958664313698 0.025388781970007202 0.045821999544799374
0 0.7710914974922025 0.685249437864999 0.034756835210277434 0.05855033275168786
0 0.6215756454749053 0.7367783463646072 0.04514315510709856 0.07700641590167678
0 0.5565762905650603 0.7346569574967925 0.04378546623169717 0.0621566938269732
0 0.11223636689173813 0.7291638530207623 0.06427808269478796 0.056216804997091696
