0 0.32949540024378515 0.7310218279038008 0.039237208499102214 0.0653387771286954
0 0.5231039552649014 0.6831979333485071 0.026746470845408776 0.04412488845054763
0 0.6213301536762149 0.6559189779247105 0.019394314047334847 0.03223696465753212
0 0.7241747060065247 0.6410070550762461 0.01564057584462475 0.028783004158510872
0 0.7980415427538349 0.633840504954384 0.01376370674327001 0.025372489703502477
0 0.868434022166368 0.627373044479709 0.013068570039064299 0.022174860864156987
0 0.9365933394496716 0.623426645485602 0.01451445438381178 0.0225224292162598
1 0.9844467455470973 0.6575254068428771 0.022130328669043742 0.03207539968135964
1 0.943376657066203 0.6807758288341272 0.02851146638343085 0.045652288435374166
1 0.9439833742823976 0.7138111569781728 0.036997021854690004 0.05345899946893273
1 0.9783048285417001 0.7817229467766205 0.04339034291659978 0.08724211718888297
