1 0.1882450027507794 0.7496987241623222 0.04322653323203479 0.08350580283461273
1 0.2780419690340834 0.685496843153179 0.02789971444290168 0.05029996594273145
1 0.3075512823871525 0.6637001912446621 0.019315186922008842 0.04023997275418523
1 0.3335731314348589 0.647939535249273 0.01448639019150666 0.03420397684105747
1 0.3507421864766445 0.6362028765293023 0.014486390191506548 0.028167980927929603
1 0.36683817557831855 0.6251368840219014 0.010194126431060213 0.020790652589662395
1 0.37622750255429505 0.6237955515967619 0.009657593461004588 0.01810798773938349
0 0.5688007125828509 0.6161892536218595 0.012018338529249939 0.020924785832176385
0 0.5906912577611274 0.6226276492625291 0.012876791281339117 0.024143983652511025
0 0.6215955568363416 0.6349679075738125 0.014593696785517696 0.029509313353069055
0 0.6580797988001361 0.649990830735375 0.017169055041785675 0.03272851117340381
0 0.7218199156427654 0.6760126797830814 0.027899714442901846 0.046141835424798994
0 0.8163396295617091 0.7251381939168479 0.03929684839275871 0.07040685337035968
0 0.9617379686149171 0.7947263629456918 0.05763537764271298 0.10479159571402363
