0 0.15418773414372164 0.8241989992402609 0.04846611301773601 0.10479159571402352
0 0.4390898849912237 0.7537921458699013 0.036677058499908266 0.07859369678551775
0 0.581868434151581 0.7013963480128893 0.02881768882135649 0.05567053522307519
0 0.6055824067485788 0.6781834670299438 0.018460167980927977 0.04120573210028555
0 0.6208559981137514 0.6603276497864867 0.013845125985695983 0.03186576615755421
0 0.6147026087867754 0.6490647496790755 0.01164748694034734 0.03461281496423996
1 0.06046716093369312 0.6772686070577136 0.02146131880223208 0.04667836839485473
1 0.19717576170391132 0.6606360849859838 0.018456734169919553 0.037020774933850364
1 0.2791579995284378 0.6461496947944771 0.013306017657383817 0.03058237929318064
1 0.3323820701579733 0.6351507689083332 0.010730659401116005 0.027899714442901624
1 0.3514192994681828 0.6145578790181025 0.00851585130072563 0.017512436142621435
