1 0.9748369180791701 0.7406931964056482 0.04977600796416126 0.09496738361583401
1 0.9277938749312304 0.604912106049095 0.016632522071729716 0.03219197820334807
1 0.8934557648476591 0.6132954337062169 0.017705588011841633 0.03420397684105736
1 0.8491917948180555 0.6257027586387572 0.0214613188022319 0.03621597547876654
1 0.8025134264232008 0.6411280815278615 0.02682664850279004 0.04694663487988271
1 0.8086835555788425 0.6773440570066281 0.03916690681407342 0.05633596185585921
0 0.08287705326032842 0.6709150926095726 0.03554530926619684 0.05868329359985325
0 0.1942076445469072 0.6520526053810485 0.023473317439941327 0.05281496423986798
0 0.2676455948232951 0.6348667836839486 0.021461318802232066 0.04191663828560954
0 0.3752875219407403 0.6231301249639778 0.022131985014801847 0.04023997275418523
0 0.5575933771711509 0.6031710984779021 0.015795530638442745 0.027899714442901624
0 0.49372449241570815 0.609824107306594 0.019916103848471367 0.030045846323124792
0 0.7085908988499119 0.5898683293599851 0.01270510073092146 0.025753582562678345
0 0.6361374865735765 0.5963067250006548 0.014078625134264056 0.024895129810589167
0 0.7444742238872438 0.5849322260354719 0.01167495742841429 0.02103209242618742
