0 0.08397212543554007 0.8025071389274578 0.06371329019412644 0.10982159230829691
0 0.13561342380341096 0.6017264415393884 0.01542532288910431 0.028503314034214577
0 0.15338607843650942 0.6159780985564955 0.013413324251395048 0.03185664509706332
0 0.21944670037463 0.6331639202535955 0.020790652589662256 0.04107830551989744
0 0.24962667994026877 0.6654397317335148 0.0288386471404993 0.051976631474155766
0 0.21139870582379294 0.7069372036362682 0.04761730109245238 0.06790495402268726
0 0.16434315475098896 0.5941452306724999 0.013460539152759965 0.025066820361007047
0 0.19840655995389167 0.5889945141599642 0.011812309868748483 0.024380058159335527
1 0.48575672631054995 0.5909385659270124 0.016138911739278505 0.027470488066857035
1 0.5254172434570747 0.5999523198239498 0.017855817243457084 0.030045846323124903
1 0.6409649838882923 0.6123998847292444 0.01957272274763555 0.03605501558774993
1 0.9384281260642895 0.6935343585444445 0.045605302454743146 0.07310261717010291
1 0.8096602132508973 0.6519530533651199 0.034874643053627086 0.05432396321814992
1 0.7305216001676664 0.6241204055434753 0.023607450682454956 0.040239972754185005
