1 0.3956648429848954 0.5697854374091711 0.0054810138853199405 0.012823305213177604
1 0.3912159680779799 0.5718945336613386 0.00526746788978798 0.014848037615258207
1 0.38409217237644633 0.5777553084519073 0.00661992586149025 0.015565130340995117
1 0.377272568496673 0.5815965000011672 0.007429621094548944 0.01560731226603846
1 0.36988910879475084 0.5853673266861588 0.009231415431849622 0.016675042243698122
1 0.3572376207782099 0.5924525719082834 0.01262368254837285 0.022013692131996738
1 0.3451746637353782 0.6004567106159567 0.013068570039064342 0.025506882799648956
1 0.3282613063319532 0.611563582147036 0.017725985957241487 0.029988712335504517
1 0.31103894025574813 0.6248873786367478 0.021549237830372058 0.03468474695947076
1 0.26207229143718846 0.6578734204746581 0.02954330992873584 0.049689401448766914
1 0.15280947600738454 0.7294444194481658 0.04746480308403504 0.07891088882925938
0 0.5076515577303546 0.5664183361933642 0.005068158293958102 0.009381260129640412
0 0.5124492244299722 0.5674138296243872 0.004925794296936825 0.009752461070021817
0 0.520008752671803 0.5680887404250808 0.004783430299915637 0.010629845110923531
0 0.52827294710789 0.5711083335293091 0.006804999057618044 0.014780546535188756
0 0.5374012598637723 0.5737812834826422 0.006628823611304124 0.014078217483217014
0 0.5526025006221303 0.5774686490030025 0.008648612819043588 0.016661860392122
0 0.5690845742040315 0.5821533786444943 0.01060611777808651 0.01788513621837911
0 0.5925847995437692 0.5916845518270347 0.013291013784409954 0.022870512484439692
0 0.6206161841709139 0.6020723842898328 0.01624882046080458 0.02729055209103253
0 0.6652614068829594 0.6186367919870087 0.020419640686038056 0.03357252823274208
0 0.7235726988852871 0.6432874987707271 0.026502086847836726 0.043973832991965806
0 0.7952524810285948 0.6737124233421454 0.035517140980502224 0.057928058683795684
0 0.9255811238601019 0.7292917286786721 0.04904651062387781 0.08005335887552323
