0 0.05204707129497869 0.5586400594011603 0.016349615282914516 0.023990969868403635
0 0.15968935923258204 0.559023465912236 0.01494821968723612 0.022936421742320096
0 0.17305564053309064 0.6073300752800899 0.026936547287964973 0.04260930538741411
0 0.2494220185636257 0.5651539276428996 0.011330728278550462 0.02586938371799024
0 0.25661668345215316 0.5754110559005103 0.018490636331867538 0.02891768689495088
1 0.09127668602222869 0.539167043573401 0.012456849739363441 0.017083679642555413
1 0.19108477570037782 0.5395734697295301 0.011922984750533615 0.01639822336060122
1 0.2958751878570709 0.5412091654280815 0.011678296630653274 0.01664208761475813
1 0.3807212961576209 0.5431831867540069 0.011539269289812193 0.017548339910611173
1 0.43911528484655077 0.5451275368110851 0.011878496001464445 0.018876411456897845
1 0.5196424384957413 0.5483549398680383 0.012178795057681135 0.019113684785266694
1 0.6129331775263586 0.5562639602914483 0.014180788765793118 0.02175005510047575
1 0.6651028626044886 0.5737577135665524 0.018490636331867538 0.028917686894950775
1 0.740776512767877 0.6035846971860918 0.026137140078128597 0.03946316815578762
1 0.9785919931214122 0.6983453363267929 0.042816013757175496 0.07844424613430655
