0 0.22233974204890888 0.6678087955675819 0.03774375073616056 0.06178992926271513
0 0.3703893497448346 0.6144289946163812 0.023026403326808786 0.037717602654115855
0 0.4074944563623397 0.5966847552864821 0.018030108265331447 0.03308335795941233
0 0.44391836380050087 0.5838100431049162 0.013120705291879808 0.02409807241245898
0 0.47817706432008295 0.571237891788664 0.009064582622840423 0.019772777364068957
0 0.46972420199694354 0.576115176871801 0.01084413258560657 0.020168232911350337
0 0.4883816711378204 0.5678765196367722 0.008675306068485166 0.018850047753745706
0 0.5063330585656235 0.5634441477901311 0.00791899733430972 0.016081858922775947
0 0.5252821334808491 0.560304358508269 0.006806778607580633 0.014552764139954712
0 0.5585933099008098 0.5581770093425846 0.007118199851064854 0.012259121965722755
0 0.5918795915594739 0.5569122531644399 0.005160694892022022 0.011125482730182793
0 0.8375797784008057 0.5570913124753244 0.0060615920606723606 0.011468210871159996
0 0.9042836083735942 0.5569746260557824 0.006050469873405184 0.010840754736140133
0 0.9547836799090963 0.5568818657939708 0.006272913618750842 0.011230937542791147
1 0.9951874740993546 0.5605329013818465 0.007918997334309629 0.014710946358867348
1 0.8822907627727247 0.5590150023026311 0.008842138877494498 0.013709125639087777
1 0.8040729378934808 0.559561182246511 0.008133099439205083 0.013758557582497975
1 0.7505025400523216 0.5586459189193075 0.0094538591771955 0.015900608463605463
1 0.6612192773194719 0.5630928573910375 0.008797823912601555 0.017507146624436025
1 0.6690938727968003 0.5714602436453636 0.012164892323597076 0.022656307396329005
1 0.6938038103291069 0.5784116106874191 0.015531960734592598 0.02729055209103274
1 0.7131716664144824 0.5916123693381747 0.017812878045267145 0.03102369365065503
1 0.7420632856830255 0.605643832441583 0.021288561566294995 0.03334081599800685
1 0.7710891464391236 0.6232277450578493 0.023808432119040025 0.0405753868825163
1 0.8731657082804649 0.6700618466553768 0.037472212961080234 0.05934407789606606
