0 0.3686777592393091 0.6430622616219944 0.034621066322737315 0.055715528664622704
0 0.357476826017247 0.7046108239735273 0.04887679951445256 0.0818636107093917
0 0.233044421507726 0.614503141699637 0.02900023437857522 0.04544134381195527
0 0.03632781285094207 0.6089174415633545 0.027805468168221957 0.043767866561090066
1 0.03505039733029882 0.5594336042672782 0.016509496724881743 0.025024921351399807
1 0.1690716635072506 0.5583152960545193 0.014510978700290833 0.02399508919702111
1 0.3119621595460943 0.5593570457001377 0.01459787078831649 0.024304038843334822
1 0.46903288105983665 0.5628918567926671 0.016057657867148033 0.02636370315209191
1 0.6011500430159212 0.565387031707613 0.015640575844624926 0.027434728592645653
1 0.6979762508645273 0.5698234999074437 0.01824733848539557 0.02904126675347622
1 0.8441616621058483 0.577145321473268 0.019533341388176063 0.03155405721016004
