0 0.15515626203623917 0.6148708806575829 0.029490525015449177 0.04793727317326102
0 0.24006661484249517 0.5603172800311504 0.01466334438268171 0.025437094828140622
0 0.21524542295449214 0.5759484718911909 0.01908692313499909 0.03126238372008111
1 0.7378919288651536 0.7096416412723843 0.052734792996376 0.08571063083193829
1 0.5651162960515738 0.614724067443796 0.027278735639290553 0.04572851780173342
1 0.49942288875285606 0.5779835996763671 0.01958695137026085 0.030919080028049363
1 0.46770027155016136 0.5601857307622582 0.015099148807909923 0.024456892883923245
1 0.4510912078614603 0.5500947769910461 0.013421465607031103 0.019983071014912975
1 0.4377536264144733 0.544527354220722 0.010569404165537043 0.017000523102239252
1 0.4261199771593235 0.5407986144560989 0.008240779882717143 0.014697996113655428
1 0.4174362889115744 0.5369491392834749 0.00826762281393112 0.014507113047244292
1 0.4081615022913508 0.5335638741206402 0.006751534058961006 0.012033268506556493
1 0.4021441915987447 0.531594800788411 0.004638458513789923 0.01033313666172125
1 0.39239857608666195 0.5299065398823298 0.006254402972876383 0.010498568652610944
1 0.3792295539150996 0.5278506106978903 0.004616984168818661 0.009925919453377745
1 0.38362105746172015 0.527570648867154 0.0053685862428123786 0.010638549567979091
