1 0.1842001000632226 0.7141677771939969 0.04331027512530661 0.07305371845123115
1 0.2518030125868044 0.6618052565885656 0.029717094104787112 0.050461775564550886
1 0.2979049675777115 0.6288219854416571 0.020645560114904836 0.03625009183412629
1 0.3740274279093424 0.5724234382088618 0.005561093633644365 0.01186366641844127
1 0.3686053616165391 0.5775643603235198 0.005727926442653741 0.014631855249410923
1 0.36343354453724985 0.5808598232175312 0.005394260824634944 0.014500036733650535
1 0.35781683996726904 0.5843530138851835 0.006951367042055434 0.014763673765171419
1 0.35050400183902664 0.5892962082262007 0.007674309214429353 0.018190955174943336
1 0.34277408168826096 0.5939098562778167 0.01078852164927011 0.01950914033254797
1 0.33225840119539185 0.6017190735044698 0.011066576330952404 0.023727332836882647
1 0.32307309287775104 0.6097187453151734 0.01711774134106161 0.028011434599097728
0 0.49049489078008107 0.5690260332550702 0.005125103892766702 0.01185312093718054
0 0.4986274341099225 0.5723162234084512 0.0057301508801070435 0.01354039793891441
0 0.5065998179431153 0.5738347727100118 0.007580882841384096 0.014805855690214866
0 0.520240963396225 0.5773503210337358 0.008508473259475836 0.016411405212177235
0 0.5335484323698048 0.5813113129575146 0.010232412285905568 0.017795499627662168
0 0.5512866578922581 0.5881605697277945 0.01202586498275604 0.02067902965992211
0 0.5719955440105337 0.5961238586948627 0.013257647222608249 0.02283096692971164
0 0.6023664296293376 0.6060441990523197 0.017052572275042355 0.028191655226113974
0 0.6393488470475406 0.6206435815266296 0.020962716236198543 0.03256844188222298
0 0.6771860714806897 0.6365679520597932 0.024003939317097787 0.039262350885683694
0 0.734401274587384 0.6608890282092605 0.030038866368257457 0.04948021679240882
0 0.9531771651113979 0.7508725835635093 0.055421284171661256 0.09019831186116181
