0 0.2499340143539944 0.6816468999684355 0.04140951069974461 0.07140437789148406
0 0.3674972752173586 0.6343237428048041 0.030819537471613055 0.05165251899305106
0 0.46267419500031026 0.600521800150125 0.023009024909203646 0.03740350384703043
0 0.5352686651324827 0.5830768457331371 0.017865013298082655 0.03155405721016004
0 0.5733114916577904 0.5737634036422011 0.01685706507698459 0.02790845138365975
0 0.6205978435102653 0.5654136170584825 0.015293007492522114 0.02656966958296765
0 0.6628336097173577 0.5578740589677847 0.01279051535738196 0.02100857594932319
0 0.7045281508552017 0.5528456207476578 0.012848350731171987 0.020120778245676527
0 0.7404310714405433 0.5490238197113879 0.010766277274735447 0.017980045549726733
0 0.7867906537505919 0.5444955037129949 0.010065579476896413 0.017663681111901672
0 0.8147056466803931 0.5411635139597578 0.009509470113531825 0.017004588533099198
0 0.8416240889750657 0.5396547686200799 0.008842138877494498 0.015290947828213292
0 0.8730463752337542 0.5374838714388558 0.009297453418749236 0.015035549453927459
0 0.8978975124091025 0.535939123207288 0.008949885066646424 0.014211683730424604
0 0.9294725846654721 0.534177822159591 0.008897749813831091 0.014183672295825473
0 0.964520537332368 0.5326230709974653 0.007153790850320085 0.012654577513004134
0 0.9960606953015525 0.5309525107864058 0.00787860939689491 0.014183672295825473
1 0.9808097134148543 0.5440432093438874 0.012178795057681314 0.018652319980105015
1 0.9559794303406323 0.5480966287035215 0.01267929348470922 0.020168232911350233
1 0.9200439854176189 0.5562832311413719 0.014041761424951994 0.021667668528125558
1 0.8993723576763071 0.5650462789094102 0.013435602218884846 0.02620552093317938
1 0.8913381414332754 0.5811906486439574 0.020520435508147906 0.032690991908593973
1 0.9130528951144491 0.6080111306298991 0.025633165967579606 0.04314996726846295
1 0.9866674800133561 0.6663489096454274 0.02666503997328782 0.06858843059435521
