0 0.19739752050352838 0.7038185262890203 0.05937364104520311 0.09110902579100184
0 0.21495795842075133 0.6169383088008702 0.034943200213618096 0.05415698266726018
0 0.171275198767118 0.5781122905134606 0.024165846887659725 0.0385925389091065
0 0.14606745572656873 0.5577576085433069 0.019463746510196465 0.03145656001647905
0 0.19899233610219008 0.5459919703885046 0.01509914880790999 0.0251528207302137
1 0.9418555275987028 0.6991104077761531 0.05759868167079922 0.08703800785809652
1 0.7127210798825105 0.6197209632822605 0.033176840642380245 0.05157807873072384
1 0.6015679536631698 0.5685868246220356 0.021605905480068622 0.03276725001716569
1 0.5101242912050052 0.5817637563593362 0.022445566261758552 0.037184760760220675
1 0.4081701673887713 0.5630285005780878 0.015780707608266907 0.028023523096162094
1 0.3890959969525073 0.5537256486668314 0.015531676508136494 0.02361183764199908
1 0.43867284622847913 0.5466576314779434 0.012975831006797644 0.020815698973867543
1 0.5197048159722417 0.5426920350484 0.01158649960606999 0.018454515209667635
