0 0.05158144551193403 0.5814780051840425 0.009210561330723548 0.016271348039181795
0 0.11080709271024676 0.5813297093538118 0.011010965394615857 0.01687277001733881
0 0.17701678312762362 0.5832313225863452 0.009954357604223474 0.017531862596141177
0 0.19036670974771533 0.5949182183154875 0.012234405994017683 0.0215127817721069
0 0.22804939532947702 0.5875377210695442 0.012929542698223218 0.022244374534577525
0 0.2797229363433689 0.5864314158321391 0.011295971443340092 0.024201055627896848
0 0.6401353273929038 0.6036414634037974 0.015640575844624926 0.02801143459909762
0 0.6710127024106094 0.617727314517859 0.019394314047334583 0.03262508265071378
0 0.7246750497308556 0.6325577020972817 0.02398221629509134 0.03892765543551059
0 0.8036591304045526 0.6626223456973818 0.03149838190931389 0.051169785170686335
0 0.9581178909922677 0.7337058684332318 0.05324686058215118 0.08397557118223872
1 0.0606135968373062 0.5960711737567939 0.012773136939776941 0.022038408103701786
1 0.11935264834267505 0.6018897254290331 0.014684762876342261 0.02626071993665404
1 0.3256465655188932 0.6037527637035297 0.014945439140419348 0.029968115692416943
1 0.31404647176746314 0.6138451188164399 0.017639093869215784 0.03408744430993154
1 0.19395520084744228 0.6748202021868385 0.033730082998255084 0.055564674345133735
1 0.024260556295678117 0.758952553852206 0.04852111259135623 0.09131714806403896
1 0.26271161443491914 0.6418341118958174 0.029699444149406996 0.05003334929720198
