0 0.7253889892016285 0.8674235586014659 0.08783875780795602 0.13121182997224803
0 0.7698055686215006 0.7061587196685088 0.053366188705965635 0.08367700534158315
0 0.7406245504987282 0.6180962557572263 0.02783262194572993 0.04666426949527986
0 0.7228897395637965 0.5898362132396107 0.020195622021596814 0.03318795028759127
0 0.7146587507566752 0.5639898398338199 0.014934577629415902 0.02453896930355252
0 0.7210866604840629 0.5764110925736978 0.01846456870545987 0.028706571303303112
0 0.7062925813786677 0.5537644851101117 0.0123039196644382 0.019278457929967286
1 0.9563562536811876 0.5621693034134182 0.015466791668573699 0.023686139550707707
1 0.9101296628515186 0.5519224734773511 0.013033813203854194 0.021523492026512644
1 0.8804560147907441 0.5458979553742365 0.012599352763725591 0.017095213762684545
1 0.8538727235594668 0.5417676758478386 0.009471237594800641 0.015344499100240858
