0 0.04647942600207376 0.8129658346610018 0.06652675489467161 0.11137291556027629
0 0.3231150456202111 0.6905202869180389 0.035299910760438015 0.06364166603444343
0 0.41559897175631644 0.6544339862124781 0.026610701957868698 0.04785853285790154
0 0.49783967603307866 0.6263339035358988 0.019876565135877388 0.0365218307482994
0 0.5639432066495714 0.6108964218921176 0.016835342054978143 0.030683768584073068
0 0.5988683952803988 0.6026722215293733 0.01459787078831649 0.02671931706790076
0 0.6444641291148168 0.5948717482776724 0.013728949908059552 0.024764245087322778
0 0.6855331531676327 0.5881378286859015 0.011878496001464355 0.019797493335774075
0 0.7266757695155347 0.5833134249912586 0.010721788525666565 0.019296994908746035
0 0.7619317289593098 0.5792142527043601 0.010321389784043778 0.018907718354390868
0 0.8075105935803026 0.5753372770824302 0.009565081049868418 0.016516448091923763
0 0.8349259413905343 0.5727383629440539 0.009387126053591465 0.015793505919550088
0 0.8617154306928164 0.5706778169806817 0.009676302922541246 0.015084466481260494
0 0.8932748822963023 0.5689819235636402 0.008619695132148664 0.014528357117896018
0 0.9176016686726868 0.5677170219243188 0.008826567815320452 0.013747023462369001
0 0.9505740393240648 0.5661633277911815 0.009008971686504098 0.014180788765793317
0 0.9857345968983321 0.564079682674103 0.008272126780046029 0.01407651826016243
1 0.9940732504332731 0.5750739077648852 0.011330728278550594 0.019116259365652533
1 0.9678318398495136 0.57911438985808 0.013207597379905423 0.020072072333935265
1 0.9302249441519936 0.5871084619564438 0.012790515357382227 0.020940993214192183
1 0.9051481590855536 0.5948992201457164 0.015571062174204186 0.025980734319682286
1 0.890847418507619 0.6093407021466979 0.014424086612265085 0.03171561212937812
1 0.9008033510309381 0.6339301447913125 0.02378670909703349 0.04140951069974452
1 0.947917718493791 0.6795729314619525 0.036114524085678924 0.06024744384593961
