0 0.30073183766128003 0.7171327360695952 0.03760798184862044 0.06618733267582155
0 0.40026273628364056 0.6780713376729129 0.027588237948157745 0.049419875064613095
0 0.48609176288980616 0.6471128390818706 0.020072072333935244 0.036060216530662825
0 0.554809148784938 0.6314701418483777 0.017378417605138717 0.03106392146918535
0 0.5903209177446503 0.622947289272275 0.015014952810839866 0.027110331464016424
0 0.6364408485362676 0.614624656466064 0.013555165732008323 0.024329784647194264
0 0.6777284548975565 0.6068346259131737 0.011733907566989643 0.020715073785325222
0 0.7187545770472458 0.6021543299749599 0.012067573185008396 0.01890771835439098
0 0.7550738117909643 0.59705112470402 0.011010965394615813 0.01932480037691442
0 0.8002841258330207 0.5929404352144847 0.009609569798937567 0.017350612136970534
0 0.8282799107886722 0.5901658790301147 0.008719794817554315 0.016627669964596636
0 0.8546239843744339 0.587992382063262 0.009453859177195767 0.015918630526307043
0 0.8865422422178384 0.5857503496514308 0.008541839821277897 0.015404229365195032
0 0.9112253864390333 0.5845871535259308 0.009314831836354287 0.01442408661226513
0 0.9430550657963312 0.5820473891452482 0.008675306068485078 0.01590472779222296
0 0.97859569363557 0.5805202561372108 0.008230418577793764 0.013569068466092293
1 0.9898471780269524 0.5917202277336998 0.011700541005187581 0.0196862714631012
1 0.9633318835817362 0.5964193518541292 0.012234405994017549 0.020631657380820623
1 0.9274287679462241 0.6044384054278007 0.014069566893120111 0.02210534719373647
1 0.9024856880802341 0.6125844029113219 0.014903730938166859 0.025511517044343623
1 0.8911334540098974 0.6281703996631551 0.017350612136970332 0.03135066535967035
1 0.9049125840987916 0.6538540546857889 0.024764245087322757 0.04344604401284691
1 0.9619148757519692 0.7033172326006665 0.03790667340120866 0.062317919380927234
