0 0.004324310773143251 0.5418152325738452 0.008648621546286503 0.017301180193560285
0 0.08772042164966765 0.5496419569471224 0.012860029027802622 0.020390676656696076
0 0.16574725676916374 0.563588971412086 0.015432034833363218 0.025951770290340428
0 0.20404059996208704 0.575904476688261 0.0191162593656526 0.030894964631357668
0 0.21813842253512822 0.6560120852913115 0.04056095515261866 0.0645656487413142
1 0.0275703207507141 0.5331458056158686 0.007785531087102141 0.015356857086093488
1 0.1549285442373189 0.5367569405232361 0.009676302922541291 0.015356857086093488
1 0.28655682204267163 0.5430535667559991 0.01084413258560657 0.01871822923798521
1 0.42936761443284743 0.5534199045378043 0.013902734084110958 0.025457450856238757
1 0.6080317356529881 0.5792841827013498 0.020419640686038056 0.03372700305589894
1 0.7276773634303441 0.5972327864206806 0.02487286019735473 0.03951980892427853
