0 0.08421781008016611 0.761761834979455 0.06555091601547682 0.10735799070304158
0 0.21938918192833162 0.5998475513085568 0.024438399757226215 0.03926235088568359
0 0.24675467404536883 0.6318417410812588 0.031634150796854055 0.05149160771892959
0 0.21136884703578449 0.6703762198754082 0.04154527958728473 0.06726091258285168
0 0.16506540052483715 0.5635188049358046 0.015918630526307043 0.02496313142213698
0 0.13611295679467605 0.5712631427367316 0.017239390264297594 0.028423367460849103
0 0.15230964200266534 0.5834151621583991 0.020437019103643105 0.03262508265071378
0 0.19865353715116915 0.5587725659943124 0.013346624720746525 0.02183244167282615
0 0.22327332414214912 0.5545564331542865 0.013012959102727794 0.020431869942871328
0 0.2727458829658834 0.5505709440981358 0.012545827237501727 0.018718229237985315
0 0.33612614229963517 0.5463021329297444 0.010788521649270067 0.01832277369070383
0 0.37261675978068926 0.5441223644459832 0.010176801349569243 0.01575231263337497
0 0.42039203465882513 0.5409348784069024 0.009940454870139347 0.01606538160830595
0 0.4682130862878632 0.5385605904437404 0.008480667791307628 0.014582423306000831
0 0.4949063357293563 0.5359654134147063 0.008202613109625468 0.013511397865446981
0 0.5015101344193089 0.5341941021091752 0.006117202997008686 0.012275599280192645
0 0.5041864107305003 0.531557731793966 0.0049354705998594815 0.010133548399085368
1 0.6576810528753002 0.531826955377849 0.006117202997008864 0.012325031223602949
1 0.639218222011601 0.534463325693058 0.007340643596410512 0.015356857086093488
1 0.6280056669727653 0.5390852124019092 0.007576990075840495 0.01573583531890487
1 0.5896376515281136 0.5430967382599023 0.009940454870139347 0.018866525068215807
1 0.5624230495584664 0.5452387891410098 0.010288023222242159 0.018207432489413544
1 0.5292283661156392 0.548227176115246 0.010844132585606481 0.019113684785266694
1 0.4963136431715064 0.5526760510221614 0.012581974346120451 0.020926189376972895
1 0.4860034896205958 0.5603540933781502 0.015501548503783713 0.025045517994487277
1 0.5267040151896059 0.5687591328706211 0.017639093869215826 0.027599501737346353
1 0.6416395938662264 0.5807480850585176 0.018768691013549787 0.03264567929380125
1 0.7314529307369344 0.5910100383365384 0.023547755854963003 0.036867991126753714
1 0.8099702435439143 0.6177072662464285 0.0305479996965329 0.04827338223649644
1 0.9372280304074045 0.6577974066000349 0.04174893291859494 0.06537020511192206
