0 0.13478531664264218 0.7633116135852112 0.05379842168778295 0.09249255463672468
0 0.350527853099259 0.6625534235520829 0.031715612129378234 0.05362871057835761
0 0.4575106732077989 0.6263785362162708 0.021397176676326967 0.03855836406140156
0 0.5421657318123565 0.6047414801790463 0.01596642117472129 0.030140693033912425
0 0.6134402388543512 0.5910330400408675 0.013033813203853929 0.025633165967579474
0 0.6542258949100713 0.5845367406104026 0.013012959102727794 0.02286999756836261
0 0.7039500172798121 0.5768957689718959 0.010788521649270067 0.019950423410699303
0 0.7506098796503652 0.5720858265769617 0.010427050563083195 0.01781287804526721
0 0.7783805909833769 0.5695225099802037 0.010496564233503758 0.016335712548830483
0 0.8160245957120837 0.5660174537089122 0.009175804495513163 0.01605765786714819
0 0.8530401803531333 0.5632099788867071 0.00898672731196939 0.01412517782945677
0 0.8890634709708962 0.5619418274712495 0.007073711101995528 0.01395834502044746
0 0.9225619355318615 0.5589719459475128 0.007047017852553949 0.013302135971677398
0 0.9965470817225748 0.5567071506090594 0.006905836554850353 0.01345784659341942
0 0.967602110228524 0.5564569013955454 0.007563087341756258 0.014180788765793095
1 0.990759199255723 0.5668900344047907 0.010788521649270067 0.018282095320605873
1 0.952512560560114 0.5729024238206188 0.011817323971494353 0.020680316950114963
1 0.9168484090281837 0.5803308827334905 0.013124180975400534 0.022591942886680427
1 0.8831944407836623 0.5912006077543986 0.015348618428858707 0.02608152914179218
1 0.8505785397302492 0.6032456433040754 0.01640522621925076 0.031142124348408684
1 0.8379943387743729 0.6235016824806274 0.024764245087322577 0.03997036049181901
1 0.8702373706040676 0.6595449544177088 0.031824227239410516 0.05566524389145988
1 0.9812932199006228 0.7447702025738938 0.037413560198754324 0.09095454770755895
