0 0.08141514618921182 0.8034916827641733 0.07433346592823006 0.12249370742510976
0 0.30840837030918244 0.6905621038381882 0.04485804044326436 0.07298935394158264
0 0.4203748349993074 0.6351869221117162 0.029543309928735884 0.04968940144876712
0 0.5006760860210306 0.6086297985796532 0.02485113717534828 0.04016345402076514
0 0.5564927692344235 0.5914596762189471 0.019463827717755323 0.033881477879055585
0 0.6184347506647448 0.5768602772449463 0.016422604636856075 0.02821740102997336
0 0.651665886183373 0.5692984541252438 0.01507056374717628 0.02491369947872689
0 0.6845073541571162 0.5642327537633182 0.013969467207714813 0.022567329898190755
0 0.7208059430547124 0.5586893264312376 0.01325764722260816 0.02182914620993207
0 0.7472926527183462 0.55409114517129 0.012456849739363474 0.02109096252167359
0 0.779922061437025 0.550357078139176 0.010844132585606481 0.018586410722224927
0 0.8159692876005286 0.5467362397759886 0.010276901034974629 0.016292768547992866
0 0.8466012782100496 0.5436901986140763 0.01049934478032064 0.016292768547992866
0 0.8991510867416725 0.5406756563226809 0.010143434787767625 0.015238220421909116
0 0.9489147286637614 0.5383260915689894 0.00903121606103845 0.01381458045169613
0 0.9962755093461919 0.53601516544967 0.007448981307616264 0.016477314470057534
1 0.9877089570871522 0.553047301992899 0.015153980151680813 0.022161987962227125
1 0.962093660341707 0.5615207987732759 0.013569068466092205 0.023990969868403635
1 0.9443695425643579 0.5730881309892947 0.01661376723051262 0.03015348548020511
1 0.9578875076211804 0.5881201403951917 0.02467735299929714 0.03686799112675361
1 0.9879990612970226 0.6186033733038907 0.02400187740595463 0.04711482106282058
