0 0.015316163082578698 0.5750556569373747 0.007125151218106872 0.011019204051850945
0 0.05528652357439771 0.5745407408601854 0.006082446161798538 0.012460969067980917
0 0.0934321502176772 0.5754675897991262 0.007646503746261013 0.012872901929732398
0 0.1396462611712036 0.5751452973899626 0.006406379865958334 0.012021848637353906
0 0.18371088266112778 0.5753374045327986 0.005739048629921029 0.011758211605832916
0 0.22699002801705476 0.5750583715105698 0.005872514877128499 0.011125482730182793
0 0.2731650727035971 0.5757495898743966 0.006005981124335947 0.012074576043658082
0 0.2982385803090922 0.5793987228760262 0.007896752959774923 0.01443412747577034
0 0.313865253419633 0.5777180368000803 0.00633964674235461 0.013709125639087777
0 0.3462327374686244 0.5780929168906637 0.006777582866004117 0.013387818006921643
0 0.561151140200294 0.5816612613548088 0.007741042338033033 0.014183672295825473
0 0.5711166199917846 0.585193997577189 0.0069402448547880805 0.015238220421909116
0 0.5861983059262282 0.5884630967680484 0.008808772315692704 0.016925497423642986
0 0.600315232316689 0.5935510454832922 0.011556647707417244 0.0199787437949447
0 0.6138167269103416 0.6009447173900901 0.01338138155595674 0.023686139550707603
0 0.6412232042603053 0.6100848800383856 0.01564057584462484 0.025951770290340428
0 0.7095679118569654 0.6351371575698875 0.022157482446551847 0.03771760265411575
0 0.8299231363382642 0.680209339942802 0.034756835210277615 0.05712350231318729
1 0.058325525449282135 0.5787099092856189 0.006895756105719031 0.014302308960009846
1 0.11833168082828574 0.5785347734548654 0.006464771349111631 0.012769918714294528
1 0.1675658240547439 0.5791205709483054 0.006742826030793836 0.013181851576045902
1 0.22411791031961625 0.58107628657398 0.007907180010338077 0.014005717299548864
1 0.26927689720516107 0.5819761566665134 0.008133099439204905 0.015818221891255167
1 0.3880601770798221 0.585751758688595 0.008063585768784343 0.017993227401302752
1 0.3800522022473741 0.591222227092654 0.00984313573155049 0.017993227401302648
1 0.36787324426702817 0.5964883381785788 0.01112218726728873 0.021090962521673695
1 0.35274706958351537 0.6050936156605663 0.015070563747176191 0.024715971705086198
1 0.3287341695198402 0.6168063473038816 0.016335712548830462 0.028629333891724736
1 0.3019809102300549 0.6315092126985626 0.022505050798654568 0.035426226110623536
1 0.25226670174110877 0.6574993157000455 0.028783004158510962 0.046020624398793356
1 0.16930700574232277 0.7004253837304035 0.038151057398781066 0.06404268710041863
