0 0.03972267038919657 0.6465828628514554 0.037254982741016095 0.057284413587308965
0 0.0462467716814689 0.5566308910655422 0.015084466481260366 0.02125573566637408
0 0.143217730958149 0.5568393516211669 0.013833220413690395 0.021338122238724375
0 0.22703922037249963 0.5616010884279602 0.011956351312335434 0.022870512484439796
0 0.2366877178268727 0.5691147438263063 0.016349615282914433 0.025375064283888357
0 0.18022488236927425 0.5910005354906425 0.02328707959088592 0.034293410740807065
1 0.06812899344160103 0.5400577477160767 0.01072178852566641 0.015449130047125824
1 0.16100789406124316 0.5408745092068274 0.01018792353683653 0.015501857453430001
1 0.2595401081603851 0.5428843028777565 0.010641708777341963 0.016197859216645242
1 0.33763724951884955 0.5442716217756212 0.011389119761703759 0.01758986274307572
1 0.39115029861585426 0.5460513061395295 0.009965479791490761 0.017041497717512177
1 0.46508389889820273 0.5496887884540894 0.012314485742342108 0.018180409693682606
1 0.5468285243716423 0.5559228583393128 0.012946225979124116 0.019930959582981383
1 0.5881878492794786 0.5694157003566204 0.015918630526307088 0.02479835827743639
1 0.6416391948330628 0.5899992872102654 0.019619538339497478 0.032321900064464636
1 0.7790332645716997 0.6410554637184398 0.03345345388989189 0.05265016889260534
