0 0.3305494676681081 0.7183487642613154 0.04839418354702478 0.08131990659956677
0 0.511084313028349 0.6428544864370246 0.02973338637129208 0.0527788979119026
0 0.6354452330516152 0.5999217399602308 0.021179946456262755 0.03604412540325086
0 0.7228367490515144 0.5787495562158249 0.017161187385074328 0.0290927583611951
0 0.7692085701630741 0.5694672887985714 0.0145109787002907 0.024612988489648435
0 0.8202761442960143 0.5602540628777184 0.012846126293718462 0.020563688458631716
0 0.883897927729971 0.551064734330177 0.011122187267288553 0.019298230707331263
0 0.9412401611638568 0.5458614154944955 0.010427050563083106 0.01637433125461956
1 0.991785071303644 0.587398409891979 0.01642985739271179 0.03491774648439911
1 0.9895826453810788 0.6185996087918999 0.020834709237842475 0.045956259889144625
