0 0.2502048131100515 0.6243351413526607 0.02836415079610912 0.046966391691270815
0 0.3848768117219974 0.5331022866273598 0.004194208002197231 0.007456369781683887
0 0.37336895351596877 0.5409004066907042 0.005190332402719022 0.011246691087373296
0 0.37019708371430704 0.5436654771514121 0.006291312003295868 0.012924374288252239
0 0.3502987357068701 0.55626528109697 0.011222783130879276 0.018446748157811887
0 0.3317684198321421 0.5663124206176776 0.013893314007278335 0.02174774519657816
0 0.33293117721873766 0.5849161405900971 0.018599574289528898 0.02583644568772467
1 0.9017718161357997 0.7197139668694056 0.05687369826435269 0.09073866389754233
1 0.6671041071752812 0.620050222528521 0.02815935548350179 0.04505496877360302
1 0.5555259406062183 0.5655549976030119 0.014171835632424213 0.022815714826767333
1 0.5337766784073243 0.5548753013011207 0.0113047012559222 0.018932188898806934
1 0.5218985502761019 0.5487587479645832 0.009502502504978149 0.015825368156438598
1 0.5110853577704372 0.5449723101848218 0.009010993754720609 0.014660310378050457
1 0.4862025838544356 0.5374610098085475 0.0051116910026777875 0.010951543116848202
1 0.493968422108504 0.5397522901060441 0.007274329503810772 0.011650577783881191
1 0.5014721223624349 0.5426260992927349 0.007339864003845076 0.01351467022930211
