0 0.1590516031904511 0.768777961004476 0.046432959538729966 0.0841767102748906
0 0.27995914804400296 0.7198623828278079 0.03733644407354029 0.06703588822294726
0 0.364051002764181 0.6916479108858712 0.02902059971170621 0.050913332827554614
0 0.43801705838322863 0.6715933054831449 0.023352248656905238 0.043310275125306386
0 0.4826578686064287 0.6577448789540501 0.02161440689639136 0.039237208499102505
0 0.5330438965662695 0.6452523087487345 0.017795499627662182 0.03215007256950675
0 0.5832066310990586 0.6356672798550647 0.01543203483336315 0.029108849488607258
0 0.6223632904628504 0.6285823395629477 0.013794118974078895 0.02525301308246719
0 0.6878310833027987 0.6225258723932787 0.012623682548372806 0.022244374534577616
0 0.7465296412283257 0.6186581526031181 0.012056450997740952 0.020798490189830043
0 0.8004364072520666 0.61464926870318 0.012990714728193176 0.021410210489530845
0 0.8876043170128973 0.6104815152932195 0.011816211752767281 0.019174650848805874
0 0.9589013724598023 0.6077588737775163 0.011455852885307394 0.018490636331867538
1 0.9937461453981111 0.6221311985014071 0.01250770920377775 0.02450356882324567
1 0.9267510717985654 0.6311453837131926 0.01766203338045482 0.028695243149605032
1 0.8988746996865149 0.641391427195408 0.015293007492522114 0.03319277762581507
1 0.8899074362022633 0.6579878160083152 0.025442003373923328 0.038580087083407766
1 0.9117575378874252 0.6892827142974292 0.03193284234944223 0.05077756394001465
1 0.9888917421238966 0.7518369116501851 0.02221651575220669 0.0772185547884584
