0 0.1517103091298082 0.7177780035429222 0.051049101715094934 0.07788105667488078
0 0.3320115234376753 0.6504215284070881 0.027588237948157658 0.04891702733298294
0 0.43660681768177445 0.622978640167158 0.022852619150757293 0.038618705789197086
0 0.509531108361608 0.5984195324405135 0.0162661988784099 0.02726995544794506
0 0.5485958360659794 0.5855011891669695 0.012251784411622868 0.023171223473518462
0 0.5737293163106065 0.5768059372032177 0.009342637304522583 0.020365960684991132
0 0.5971795734577772 0.5695350034733276 0.00747410984361796 0.016366586916818606
0 0.6279935439976951 0.5658075747466708 0.0075769900758404065 0.015406289029503686
0 0.6748273378416109 0.563527484620515 0.007924558427943307 0.014335263588950048
0 0.7328523180052349 0.5603659891835906 0.0060615920606723606 0.012654577513004028
0 0.7796725488342793 0.5584666592216959 0.005171817079289287 0.012456849739363339
0 0.8374193358752656 0.5561342065681215 0.007368449064578719 0.011204573839639007
0 0.8834054453339 0.5552571683893339 0.006690690777978503 0.010813237620975205
0 0.9315002160561214 0.552322146749355 0.0067775828660039394 0.012357985852543047
1 0.9066920317018752 0.5576586183012803 0.00999259012295468 0.014932566238489589
1 0.8558601602068444 0.5608768437837134 0.00912366924269783 0.014160192122705615
1 0.8214291703266634 0.5627434145635246 0.00912366924269783 0.014803837219192225
1 0.7842629227363219 0.564523759025707 0.008619695132148664 0.016015949664895855
1 0.7641006909545393 0.5674359826220136 0.006673312360373185 0.01573583531890487
1 0.7520053123013627 0.574438841271788 0.010009968540559822 0.017713113055311768
1 0.7600428304437398 0.5792587775768284 0.009523372847615974 0.02051425651522152
1 0.7670289543210055 0.5845315182072467 0.010427050563083195 0.024139265698634022
1 0.7732352217082408 0.5973117352430851 0.015918630526307088 0.02768188830969665
1 0.7849914496803424 0.6214668305883113 0.02259194288668027 0.03836124775060257
1 0.8081049492788555 0.6576497478582388 0.032881527451129246 0.05481040274768858
1 0.9361102822142986 0.7287408028848107 0.053119577250082275 0.08689208802569352
