0 0.19643017361353485 0.6800773740788503 0.0407306662620438 0.06839357709834859
0 0.24757583223852545 0.6228854100595298 0.02658897893586216 0.044206349783071586
0 0.3000152073620314 0.600619312502946 0.0200720723339352 0.03486545032030952
0 0.3392035390616193 0.5851416593233691 0.015379899580547729 0.028457158828414708
0 0.36315381937826896 0.5734618831943759 0.013485652061587671 0.02267883497470613
0 0.42693261198912785 0.5700296457173608 0.011191700937709293 0.019116259365652533
0 0.5108266686074161 0.5710623082982791 0.010321389784043867 0.01757305588231628
0 0.616026315775508 0.5735426999069492 0.010454856031251491 0.01758695861640036
0 0.7239096015756271 0.573270363990382 0.009509470113531916 0.019185773036073273
1 0.8362153757398275 0.6855076297903547 0.039916052936803045 0.06924213264547463
1 0.6776983498745168 0.6291612376359907 0.025796088632627702 0.044124888450547406
1 0.621965221539287 0.6049774045429023 0.01887187536808028 0.03580904408871355
1 0.6381693662549024 0.5793634073384417 0.012338676499648482 0.019550719805781158
1 0.5830363364025998 0.5913653769969907 0.015727467932650542 0.02747962283812544
1 0.5650681056806002 0.5789984393348535 0.011834007252395296 0.02085410112616648
1 0.5518994359561302 0.5824185119195449 0.013079692226331563 0.024023924497343696
