0 0.06739720328756058 0.7646965395405471 0.06296282159674278 0.10036840723338211
0 0.2643477915860709 0.6459843324407428 0.03138976679928178 0.05059050458384825
0 0.36592182634438475 0.6130028640029523 0.021071331346230647 0.03643031246114242
0 0.47316486501492355 0.5971194008398866 0.014875925469998741 0.028588140605549695
0 0.5784028382593045 0.5870596749466495 0.01225178441162278 0.023377189904393993
0 0.6482633381257019 0.5766192965615796 0.011469755619391541 0.020431869942871224
0 0.731897606343968 0.5717464064839985 0.011052673596868345 0.017548339910611173
0 0.7929536435226758 0.5692482428621328 0.008853261064761942 0.016029131516471874
0 0.8548204499851394 0.5665100054020268 0.009231415431849577 0.015422766343973788
0 0.9907922243144739 0.5635785181869847 0.007855044757522656 0.014994356167752207
1 0.9563829574562991 0.5752362181745504 0.011052673596868168 0.018536978778814623
1 0.8800354916075213 0.5793527057023811 0.01233867649964857 0.02090559273388553
1 0.8170720057508906 0.5874344697309439 0.01574919095465699 0.024458513666491575
1 0.7800364077655082 0.5964779897594176 0.017595647825202933 0.02832038424541123
1 0.7410673428192976 0.6082104330338127 0.015423345624560625 0.03372700305589894
1 0.7346425893497887 0.626698937291298 0.024416676735219946 0.039648537943575576
1 0.7733558147985411 0.6585018437868874 0.0317156121293781 0.053680001046983936
1 0.8515040682583195 0.7003223067953072 0.04730697175226961 0.07341576881800493
