0 0.03972225977493815 0.6459057603718537 0.03699915315658975 0.056887586835357294
0 0.045914618043105294 0.556236307187206 0.014233274226206388 0.020995312048035713
0 0.1436198697473662 0.5569005171698309 0.012910296506763275 0.02050501689963074
0 0.22704481841119994 0.561309822600691 0.011599606506076655 0.023223485049203102
0 0.23664562266622952 0.5692322154937302 0.015597211008170842 0.025242918531742476
0 0.17995922717735663 0.5910098705983178 0.022363648136715607 0.03407794001785255
1 0.7785657288727827 0.6415839889189817 0.03391922365058173 0.05355018174101624
1 0.6412500819835971 0.5899853936902507 0.019578431885256452 0.032524529646668326
1 0.5880033007057028 0.5695483384943592 0.01712088813396919 0.02543709482814041
1 0.5467470812107071 0.5559278451558597 0.012960102726789291 0.019585397959889828
1 0.46469575837169863 0.549244501881003 0.012213533702398305 0.018133891309055364
1 0.3910477582363092 0.5465290641945726 0.009395025924921719 0.016415943711355345
1 0.337498968874216 0.5444323369834575 0.01145018784599836 0.01714965049787296
1 0.25899719659556786 0.5429322563744673 0.009898330885185436 0.016463664477958075
1 0.1609674212833593 0.540737304433819 0.010166760197326052 0.015111576090879557
1 0.06794349407969928 0.5398764594203007 0.010844544210481099 0.015366086846094302
