0 0.2242544456981009 0.6715807489677716 0.042767199575146096 0.07180665607678857
0 0.3217534780628684 0.5979638410571146 0.02528695530435212 0.039222123067153385
0 0.36271567215902556 0.5702118779008932 0.01668328090093323 0.028093821171447916
0 0.39582975813762233 0.5403821021363546 0.008541839821277852 0.015185493015605045
0 0.3882271892033692 0.5460314189160839 0.010288023222242204 0.017795499627662064
0 0.3796422509064306 0.5542288828649374 0.01355516573200819 0.02150289538342507
0 0.40174983122683 0.5351615328028774 0.005783537378990289 0.012338213075178968
0 0.41158184477111315 0.5257760544807327 0.0046268299031921424 0.008330930196061
1 0.840712492514983 0.6638819233871425 0.04398911956300751 0.06822638022758154
1 0.673583386854007 0.5982479359565522 0.02598073431968233 0.03944257151269994
1 0.6126720331479958 0.5716267747658657 0.017639093869215826 0.02883530032260048
1 0.5780897020957496 0.555936933418466 0.014292010638466034 0.02221141990563743
1 0.5579863486101253 0.5463471363968925 0.0115670747579804 0.01911368478526659
1 0.546419273852145 0.541041441137534 0.010343634158578485 0.01614776818065635
1 0.5355426731977786 0.5373906381911601 0.00898672731196921 0.01349821601387107
1 0.5265559458858092 0.5353079056421448 0.007296154847341451 0.013234578982350078
1 0.51888163667138 0.5331197182805211 0.00680677860758081 0.01086184569866191
1 0.5108173564074049 0.5305846468710896 0.006264015868937012 0.009583733369848451
1 0.49693686669782855 0.5288973698693556 0.005381359087405091 0.008233911768461314
1 0.5053847422818321 0.529258788642432 0.004487313186111308 0.008422886792655609
1 0.4843738322179315 0.5255868734879175 0.0034850706470813007 0.006830097303018676
1 0.48864638430955143 0.5258312963230348 0.005637614282043302 0.009145041349397596
