0 0.24630279946792122 0.6614923405507926 0.02932607970867158 0.05057391060870442
0 0.38374756077779554 0.5627606733100596 0.004448874906915456 0.008586328570347024
0 0.37223567987412925 0.5715355577114225 0.005552195883830624 0.012011962248671959
0 0.3693706044340757 0.5740269276592953 0.006869062856277619 0.014325377200267941
0 0.3649161249874826 0.5760865389679015 0.005872514877128454 0.016460837155587438
0 0.3605784719532399 0.5806188302793216 0.009298148555453389 0.016405226219251
0 0.34936853184755856 0.5879083528027718 0.012056277213565014 0.020365333131021957
0 0.3303608875919381 0.5982946726995928 0.014228579414207321 0.023488017544445294
0 0.3310125782521308 0.6194067347120855 0.018573183815491934 0.027153777508029275
1 0.9137132790127207 0.7673985079533673 0.05876247163846937 0.10156149204663278
1 0.6693735573328478 0.6567165070983992 0.028935065312555963 0.04887679951445256
1 0.5557269430344416 0.5980870876231343 0.014111275095372555 0.024938029263373962
1 0.5344905167209621 0.5863132096956529 0.011539269289812104 0.020158964421960857
1 0.5216935657395656 0.5799779404314582 0.008764283566623555 0.017350612136970534
1 0.511194220959245 0.5757237038017202 0.008052463581517077 0.014736898129157683
1 0.5016736286584458 0.5723870476215336 0.007874508585240659 0.015181785619849175
