0 0.2241932685256532 0.6716799817893343 0.04211103615487315 0.07069230790740406
0 0.3217415611153919 0.5984788313047802 0.02406344923135606 0.03956342039109628
0 0.3625995059512495 0.5702676133046135 0.016711297508754486 0.027670122236717724
0 0.40151261398710736 0.5352082299739196 0.005972552195128822 0.01157228590117351
0 0.39559039228800474 0.54019902681446 0.008556184324482307 0.014554833813846918
0 0.38799048738802344 0.5461840062925584 0.010401635845449064 0.017855520170539096
0 0.37963847596017575 0.5539568044071799 0.013270736256952053 0.021068128159185174
0 0.41193464416896736 0.5261621932229882 0.0038653820948250763 0.007062673457211009
1 0.8400572760328053 0.6633397430526202 0.04229023205340443 0.06699082225731653
1 0.6739060440936436 0.5987154945037303 0.02338270961224964 0.0384624407905197
1 0.6132441749336426 0.5714872826265613 0.017405963209118535 0.027774977436772652
1 0.5782953305612099 0.555847454775739 0.013434572507037945 0.02050501689963074
1 0.5579735242129749 0.5463985098049254 0.010317751685405163 0.017547323552896215
1 0.5462716838868446 0.5413281783533804 0.009059489284746026 0.01516128522275732
1 0.5356183955612636 0.5379231028197446 0.00822064768430648 0.013520883870786857
1 0.5263811767124249 0.5350414003666053 0.0068449474595859705 0.012311957783516535
1 0.5188005060448472 0.5326491832010832 0.006006105859146427 0.011095078235145668
1 0.5051944952857195 0.528950823789368 0.00476462029049598 0.00870903990500688
1 0.5106469656885757 0.530084191996184 0.006140320515216668 0.010975776318638787
1 0.4967552056353627 0.5283752495184061 0.005085124889191839 0.00956960439607681
1 0.48910275181370144 0.5263358899294084 0.0041606543381796255 0.008470436071993012
1 0.4846401144993637 0.5252820563335971 0.003959332354074174 0.006919511157402709
