0 0.8373252122297238 0.6277870605127284 0.025524550857547547 0.04183693127163024
1 0.9103218181308652 0.6085242002368196 0.015901252108701767 0.03408744430993143
0 0.9282269161405857 0.6220316162308086 0.03188939630542968 0.02811441781453549
0 0.04305458858822065 0.5797758793622172 0.014554424744303674 0.02780546816822188
0 0.031215541594719887 0.5913614910989763 0.020854101126166435 0.03192479678573637
0 0.05961839286811845 0.5702499319342151 0.014011349194143052 0.02342868151211298
0 0.0878518045698669 0.5588805849498754 0.008758722472989955 0.018289819061763735
0 0.08107422170386278 0.5639885524355933 0.012999056368643725 0.020926189376972895
0 0.09838475486523138 0.5521390462092747 0.009175804495513218 0.01608185892277605
0 0.1079498359150997 0.5476572166734192 0.0071738107874012025 0.013181851576045902
0 0.12168260907503244 0.5427941432740125 0.005249672390160253 0.01070366347974938
0 0.11801228727682714 0.5446923299009632 0.006361891116889206 0.01186366641844127
0 0.13120320137583166 0.5406586833186932 0.004448874906915567 0.009280023509536392
0 0.1271769695850731 0.5418714136636893 0.004493363655984695 0.010229116823011787
1 0.22974193084515937 0.5423880928729339 0.005783537378990155 0.01154730198061621
1 0.2351918026061309 0.5435480958116258 0.005739048629920962 0.012496395294091602
1 0.23992985438199596 0.5460262839079224 0.006228424869681737 0.013445488607566787
1 0.2451414531030236 0.5470087011417123 0.006005981124335947 0.012760032325612276
1 0.2529631312987444 0.5483343010908284 0.006673312360373318 0.013550943420175246
1 0.2603994257056538 0.5513634905830037 0.007260563848086088 0.01421530873960798
1 0.26917521378473197 0.555032576582624 0.007047017852554171 0.014299672589694556
1 0.28267995865161033 0.5589390135905309 0.010276901034974851 0.018454592206464327
1 0.29737946059838405 0.5633171647742449 0.011010965394615945 0.020102323653470037
1 0.319326864451023 0.5709805119081253 0.01341613839116702 0.024139265698634022
1 0.34090574206148244 0.578588319635759 0.015477653179576523 0.0263894489559513
1 0.38598728946699057 0.5921218092913109 0.020636870906102268 0.030637506592763045
1 0.43133730650606183 0.6032693149418877 0.02259194288668036 0.0348855642295749
1 0.7171832355995248 0.6063006075675512 0.012993506815365574 0.030170863897810114
