0 0.04050829079636455 0.5549758037762966 0.01675279457135374 0.02710518230324447
0 0.15032742384644351 0.5540006909589426 0.014667384458737031 0.02380971940923315
0 0.25657397244750674 0.5558136217141014 0.01459787078831649 0.0246335851327359
0 0.32924418570850983 0.5632944874175638 0.015423345624560625 0.02445851366649147
0 0.33081910480397553 0.5733353509227551 0.018138723375363465 0.028062926206816503
0 0.23852426360973128 0.6031911178607327 0.02579608863262779 0.041836931271630136
1 0.017217340676466956 0.5378507591973516 0.012512460675699857 0.019443231074667774
1 0.09359674598632803 0.5370833797675165 0.011455852885307437 0.017729590369781868
1 0.1827626472686902 0.5370716256389338 0.010566077903924364 0.016724474187108318
1 0.2786809888355237 0.5384332367070002 0.011400241948971023 0.01804265934471295
1 0.3805906440186632 0.5399385893330338 0.010913646256027042 0.01754833991061107
1 0.4637551929941649 0.5422798393202449 0.010510466967587905 0.018059136659182948
1 0.5208372717894647 0.5450307816546281 0.010399245094915166 0.019113684785266694
1 0.6010311038993043 0.5485990843222095 0.0115670747579804 0.020102323653470037
1 0.6921904267020894 0.5569652059969893 0.013346624720746547 0.022079601389876934
1 0.7383871972745136 0.5755226711695265 0.018160446397370043 0.02914424996891409
1 0.804658984678565 0.606606797296279 0.025633165967579606 0.04016345402076503
