0 0.11413435056265493 0.6850150648836899 0.056248712569139804 0.08629432117603013
0 0.20475727636849123 0.6039058102160907 0.03249925615105851 0.049998855617013026
0 0.27383229570856366 0.5762138456552299 0.023199469006294125 0.037735432600786954
0 0.3219911934388707 0.5570616914206598 0.01743960083921432 0.02939191986493452
0 0.35111052695021916 0.5437879211590764 0.014239674079725262 0.023323910602496452
0 0.4203407794755674 0.539216684744708 0.012123882506351259 0.019708894084398992
0 0.5097769244446617 0.539257751609207 0.011468537506008047 0.018174901342854672
0 0.6214424818689758 0.5417048652762566 0.010419985505458662 0.017864219268617764
1 0.9349758535189776 0.6871757503832269 0.052186305550257474 0.08481287360219261
1 0.7087044699599467 0.6091386476218731 0.030879293229067618 0.05025070170456582
1 0.637186106885371 0.5790830392438594 0.02479943238603859 0.037166556732433444
1 0.6466446751615488 0.5479643918635445 0.013270736256952187 0.02155356890018012
1 0.5906945957572382 0.5625761581674954 0.017530478759183586 0.028446827422309782
1 0.5687814973082587 0.5482556563081415 0.012697309381651766 0.0219419214929762
1 0.5551152661366694 0.5522085479910382 0.013827779507244032 0.024854565938946395
0 0.737630560336554 0.5439185459091584 0.005767036003021175 0.014213704896334995
