0 0.03842124285967187 0.7991868544041602 0.07530930480742484 0.11842064079890541
0 0.3031729184330983 0.6810897913940849 0.04191864402802015 0.06858843059435521
0 0.39091356200591776 0.6442813374387565 0.031396555243658676 0.05450869410871054
0 0.47904414632213044 0.6151064506983696 0.024764245087322667 0.04222311832952212
0 0.5409421420801461 0.5939465175818258 0.019898288157883838 0.03264567929380125
0 0.5968396740750277 0.5819541538863503 0.017552201781190123 0.029659166046103438
0 0.6396604696118121 0.572576608766586 0.01543203483336315 0.025786997145639836
0 0.6929870944153931 0.5640625116580795 0.013207597379905423 0.022903467113379896
0 0.723714760103787 0.5590857886874367 0.012929542698223172 0.02109096252167359
0 0.7534967959777198 0.5555571603444603 0.012345627866690556 0.01950914033254797
0 0.7876630365271979 0.5516387294526872 0.011622685694316815 0.019245503301027086
0 0.8126623620490749 0.5485008550149874 0.010844132585606658 0.018520501464344523
0 0.8442120201813001 0.5461564635926426 0.010844132585606481 0.017136407048859693
0 0.8797167014026378 0.5435419942903478 0.010009968540559733 0.015554584859734282
0 0.910482170272477 0.5406738570305699 0.008808772315692793 0.015238220421909116
0 0.9623662933523196 0.5383295603690943 0.008942238562900152 0.01434185451473811
1 0.9837070695962303 0.5538100136059801 0.012860029027802788 0.02125573566637408
1 0.9562003472881517 0.5619733643647198 0.013402235657082961 0.02359551432112215
1 0.9480035993944689 0.5712016903001068 0.01459787078831649 0.02726995544794506
1 0.936023895833477 0.5878099865472991 0.021896806182474648 0.03336656180186634
1 0.9573723654214005 0.6114608513296332 0.027892360256247528 0.04479769871546866
