1 0.40366649102863017 0.5721310509873713 0.005523723084426368 0.012620831972969355
1 0.39583455261515527 0.5780832831119062 0.005730150880107221 0.013371670238741045
1 0.3893248059212816 0.5814719664125322 0.00582802612805926 0.013867307858000413
1 0.3854049300462665 0.5854580347492703 0.00878652794115804 0.015620494117614478
1 0.3766865255021205 0.5897002223428021 0.008363884825001167 0.020352778833414905
1 0.3678232544688182 0.5947304169042212 0.010321389784044 0.02088005289645678
1 0.3512236499698096 0.6036617477745825 0.014458843447475323 0.02504551799448738
1 0.33426057654543373 0.613559722068354 0.0180735543093443 0.029197801240941863
1 0.30802802318447564 0.6294904350199572 0.021827292512054265 0.036662024695877975
1 0.2793209817185439 0.6497515781009857 0.028783004158510962 0.04557007283125274
1 0.18872601439608502 0.7081544723621117 0.042631430687605956 0.0706400493394065
0 0.5203047652635359 0.5695557721900427 0.004582341154122993 0.012021848637353906
0 0.5250205726648665 0.5711903217854725 0.005205183641091171 0.011916393824745446
0 0.5329618143737105 0.5718757780674268 0.005605582382713514 0.012443667887787425
0 0.5391902392433922 0.5743012387574192 0.005694559880851902 0.01254912270039578
0 0.542838316667063 0.5770167001820848 0.005961492375266708 0.01439458192104218
0 0.552678150499268 0.5795560603083518 0.008230418577793764 0.014605491546258783
0 0.5703094941373079 0.5838706534697232 0.010072252789256808 0.01750549889298893
0 0.5907450896009812 0.5906860925537895 0.01106880076840575 0.020880052896456884
0 0.6205976158864678 0.602959168745204 0.016294004346578017 0.02590233834693023
0 0.6576885015615588 0.6167108312796064 0.018768691013549787 0.031224510920758855
0 0.7216622574994048 0.6415442154157904 0.024121243635932644 0.04218192504334718
0 0.8164385206642072 0.6806987994327098 0.035299910760437835 0.05805678770309305
0 0.960717908828364 0.7449571480985069 0.05464697723490915 0.08789778348895391
