1 0.015083033659560516 0.9074917937435196 0.030166067319121033 0.12139979263080714
1 0.18570099563513143 0.752643996540475 0.042767199575146006 0.07670942146018256
1 0.25322268615158605 0.6983915499037299 0.02986915525883216 0.053357172803277564
1 0.2985895332292404 0.6634399363913512 0.021549237830372058 0.038232518731305176
1 0.3734172011951256 0.6049044359684002 0.005116206142952917 0.012929542698223218
1 0.3691073536290512 0.610013690744311 0.0060615920606723606 0.013138083709484882
1 0.36390773108159374 0.6127942375611332 0.005227428015625701 0.012999056368643735
1 0.35881933040680913 0.6164784620934225 0.007285032660074231 0.015362521162942566
1 0.3510294547153058 0.6221348654861205 0.008397251386803094 0.019880909740278674
1 0.3429163404563468 0.627117040583294 0.012164892323597031 0.021896806182474804
1 0.33326833176996923 0.6355425183218166 0.01112218726728873 0.0253073206374832
1 0.3229879116054294 0.6432949218003591 0.015749190954656857 0.02959761748375178
0 0.4911823526005068 0.6012307538902293 0.004615707715924877 0.011956351312335411
0 0.49549220016658124 0.6024124862873788 0.004671318652261202 0.013485652061587583
0 0.49932935477379575 0.6041155712126823 0.005449871760971536 0.013833220413690395
0 0.5069758585200568 0.6062704949957195 0.006506479551363941 0.014667384458737054
0 0.5205079109566506 0.6099427718659056 0.0076965535889637945 0.015181785619849175
0 0.5339055196100462 0.6137099308231488 0.009476103551730031 0.016850113709942605
0 0.5512325188220959 0.6204622606760706 0.011622685694316815 0.02085410112616648
0 0.5721232919203081 0.6281810120989493 0.01351345752975588 0.024677352999296853
0 0.6023440621965219 0.6395983794484702 0.016683280900933274 0.028565773938446615
0 0.6382755494564641 0.6549515877142831 0.019241383972409487 0.03489586255111832
0 0.6763656398362958 0.6731437488752272 0.023460863766937214 0.043581812900387096
0 0.7330793443772368 0.6975201377841116 0.02986915525883207 0.05376447946589791
0 0.9492371552992942 0.7915006428444986 0.05536824944996592 0.09758388791948003
