0 0.02382635004931344 0.7739151803428241 0.04765270009862688 0.10119810599057201
0 0.2723969872594395 0.6839433463857911 0.036827310745264664 0.06235311872214142
0 0.40013727503608737 0.6295677969894038 0.024547014867258455 0.0382325187313051
0 0.45466206027221023 0.6058816574386963 0.01846456870545987 0.027934197187519244
0 0.4863760290710166 0.5919179185945562 0.01233867649964857 0.023274206688956228
0 0.513612214051005 0.5803094725423041 0.010566077903924321 0.020431869942871328
0 0.5489944882645833 0.5756204155591743 0.007924558427943217 0.017054020476509398
0 0.6033368862744861 0.5707266947000297 0.008133099439204905 0.016147768180656247
0 0.6646140556710854 0.5688114643509243 0.007952363896111514 0.014565945991530835
0 0.7154020773985821 0.5648760236188956 0.0058725148771284095 0.012570213662917345
0 0.7760973674108117 0.5631533384131141 0.006717801109442423 0.012443667887787321
0 0.8247855617759843 0.5608301090839114 0.005765741879362629 0.011093846286400288
0 0.874567090685284 0.5597729304607739 0.005182049491575036 0.011743447932067852
0 0.920981910747547 0.5582508681523225 0.00644197086521352 0.01168439323700728
0 0.9805844993537068 0.5575227705436379 0.007082608851809624 0.01071420896101011
1 0.9578207261749787 0.5610659699813904 0.007472719570209563 0.013799750868673123
1 0.9137229915019394 0.5634860755441801 0.006516906601927097 0.013078868360608138
1 0.8563381341808066 0.5651970032849845 0.006984733603857407 0.0129709419508293
1 0.8032664459691554 0.569697996611888 0.009523372847616063 0.015900608463605463
1 0.7673415621154476 0.5716420735125344 0.009592886518036447 0.016559701042407726
1 0.7284654988572028 0.5741150384288732 0.010148995881401035 0.017960272772362656
1 0.7099224421578562 0.5780417401601369 0.008564084195812338 0.018190955174943443
1 0.7027994632419501 0.5876027662458975 0.012512460675699976 0.022903467113379896
1 0.7200388535062476 0.5951823309021241 0.014736898129157527 0.02636370315209191
1 0.7383209488268536 0.6054394591597347 0.01793452696850304 0.02974155261845363
1 0.7629392423600706 0.6265275252784743 0.024268688647801274 0.039423262159805586
1 0.8248854476765036 0.6771639773300027 0.03682052230088786 0.0606313680890398
1 0.970304579824495 0.8030069349728048 0.059390840351010075 0.12583469846702278
