0 0.07546435675593657 0.5828587617080704 0.02121388867814785 0.031981115731678895
0 0.22562103010187418 0.5792840343588131 0.01929004354170396 0.03027706533873066
0 0.36581935638412927 0.5821646956447647 0.019324800376914197 0.03204837664426171
0 0.4645394742354121 0.5959369489137935 0.02259194288668027 0.036172854422548015
0 0.4664945462159902 0.6181427047425816 0.02671931706790076 0.04454024067687383
0 0.28167146529094944 0.7137676830079959 0.051974027261462205 0.08674123370620455
1 0.08867427006891351 0.5526650023599732 0.01390273408411099 0.021420508811074775
1 0.181470458245733 0.5507523465912536 0.013235402848073652 0.019509140332548074
1 0.28726736786268886 0.5497763855803627 0.012901737230054878 0.01903459367581038
1 0.4026340451720717 0.5515639051893994 0.012679293484709132 0.021090962521673487
1 0.5299095483052266 0.553196078155166 0.01295734816639138 0.02161823658471536
1 0.6355964968099738 0.5558425568942235 0.01398962617213657 0.02306824025808038
1 0.7108961132344398 0.5589678056425101 0.013124180975400713 0.022540966195038613
1 0.8224219205441816 0.5639155765318462 0.01540422936519512 0.024715971705086198
1 0.9702594632547248 0.5791045434625589 0.019550719805781113 0.029865132476979177
