0 0.09551379161667649 0.6360739652264604 0.03497406543034163 0.054581104182065375
0 0.20113265201189207 0.5867409621359639 0.02008945075154036 0.03344894837421653
0 0.2342060333918531 0.5592660430562036 0.013402235657082961 0.021354599553194475
0 0.2457731081498334 0.5664501521651487 0.01507056374717628 0.023463695805361867
0 0.16179294777805725 0.5548609617616534 0.01299071472819333 0.01903459367581038
0 0.062458531428933914 0.5539617953446111 0.012442947005279282 0.019278457929967286
1 0.06596897178517194 0.538720279459808 0.0072294217237377275 0.015818221891255063
1 0.15757712788846004 0.53967035111383 0.00885326106476183 0.015396402640821647
1 0.25511201036740455 0.5409630618042113 0.009164682308245986 0.015132765609300762
1 0.3325908498624687 0.542687781893966 0.009075704810107643 0.016029131516471874
1 0.385143894635921 0.5447162303407834 0.009040113810852235 0.01602913151647198
1 0.457820318855763 0.5474343649266189 0.010356980783299274 0.0169571338674256
1 0.5404753781711444 0.5538132918988828 0.01313808370948486 0.018784138495865407
1 0.5842576945646508 0.5666347022208964 0.01568228404687728 0.023463695805361867
1 0.6405163672924384 0.5851692150344352 0.01918577303607316 0.030400645197255997
1 0.7789340834913446 0.6310304641580827 0.030099419292100117 0.04794898510786717
