0 0.3826534818312986 0.5339536265088236 0.004555647904681459 0.00857136716880815
0 0.3755560181105736 0.5357407720529679 0.004092964914362352 0.009490933134753101
0 0.37397221864371166 0.5380396869678301 0.0046268299031921424 0.010292389710576694
0 0.37116052970254104 0.5402964199576493 0.004698011901702692 0.0105032993357934
0 0.3682242722639769 0.5429960631604235 0.005658968881596537 0.012696759438047475
0 0.3642380803473805 0.5456324334756327 0.0065843348622348415 0.014426218364824793
0 0.3588460439601989 0.5486273501537103 0.007189381849575449 0.015860403816298402
0 0.3531070213979047 0.5533588007054662 0.011068800768405707 0.01708367964255562
0 0.33942283829359576 0.5619431931913631 0.013235402848073674 0.021288690295314175
0 0.3140828407896533 0.5748033921188438 0.014337194524239472 0.02587453287876205
0 0.3087063928430635 0.6005491959783085 0.02161440689639127 0.03308335795941233
1 0.7355161259793137 0.6598672784353837 0.03886384405836676 0.06195084053683702
1 0.6245329244700704 0.6013392890155215 0.018193030930379626 0.03700959304798051
1 0.5442095955246138 0.560543864019065 0.011817323971494353 0.020843802804622703
1 0.5297855089123485 0.5527583329319627 0.008967263484251564 0.018619365351164815
1 0.5172951624191443 0.5486050591604298 0.008786527941158084 0.015950040407015555
1 0.5065344462380423 0.5454414147821788 0.0077299201507655905 0.01410458118636905
1 0.498470860469258 0.5420141333724069 0.006172813933345367 0.01212730344996226
1 0.48406762795811903 0.5371038936603297 0.0055054826973078615 0.010084116455675274
1 0.4893506669100812 0.539509581572958 0.0060615920606723606 0.0113363923553995
1 0.474850310720616 0.5354537632113372 0.0052318768905326605 0.009659660834926467
1 0.46582799240939127 0.5342304873850802 0.005053921894256064 0.010418935485706824
1 0.46144563806766764 0.5335703185041549 0.003097840575183408 0.009556736937820755
