0 0.29682212315706946 0.6268565110760813 0.038821416281010504 0.05958745619817507
0 0.39058751111448287 0.5799659601015679 0.02482024975343302 0.04022781853041377
0 0.431368581576026 0.5532614307797588 0.017406223073306925 0.02867052717789999
0 0.4499558154668312 0.5267451731996398 0.01084413258560657 0.017927318143422452
0 0.4493719006352987 0.5370929266868358 0.013680290338765033 0.02227732916351773
0 0.4666112908995963 0.5213406140534609 0.009676302922541336 0.01674095150157842
0 0.4825438241599874 0.5166940113729047 0.00873091700482167 0.014697764507291225
0 0.4929701168535834 0.5124821961966234 0.007674309214429265 0.012984123802405318
0 0.533392296842493 0.5119998631534549 0.0067978808577668914 0.012359304037700638
0 0.590178381002271 0.5129923250160735 0.006491798264171056 0.012047157792379805
0 0.6643714499256743 0.5155222155897605 0.006861944656426466 0.0116759568519984
1 0.742375652824884 0.6344455608105897 0.039101439611562226 0.061172029970088325
1 0.7053769816732169 0.5571149007363498 0.01642803539235773 0.028964029341897946
1 0.6921395151380526 0.5835043496923011 0.026339164182788543 0.03958417343392716
1 0.6824999241227022 0.5395755718570895 0.012762275428773595 0.023493046021761502
1 0.6494402000066767 0.5302427179580335 0.00963959101535039 0.018665707798111986
1 0.6363320554582831 0.524132736502653 0.009940454870139347 0.017054020476509398
1 0.6211433184713918 0.5156057262643984 0.005144011611121169 0.012852305286644824
1 0.6233677559248496 0.5196838615957374 0.007785531087102093 0.014747196450701423
1 0.6109248089195704 0.5165943651326017 0.006673312360373274 0.013676171010147785
1 0.6711931611741913 0.5169651047081781 0.007368449064578719 0.01260514556959404
