0 0.24664460824924755 0.7236355326419153 0.04688269397870672 0.07718712680523104
0 0.3799738985914066 0.6477055251657594 0.029699444149406996 0.049027653833941594
0 0.43252177214855747 0.6158076873040352 0.018073554309344254 0.030894964631357564
0 0.4705709827284892 0.5946704954761546 0.014736898129157617 0.025539837428589056
0 0.5150495635565233 0.5852370657451762 0.011678296630653229 0.022079601389877038
0 0.580309688410978 0.5796676880773183 0.010810766023804774 0.01887641145689774
0 0.652905873431483 0.5752372921205536 0.008786527941158173 0.01871822923798521
0 0.7090847830780875 0.5706378065474464 0.008452862323139331 0.015027310796692514
0 0.7758251145745281 0.5675679120405269 0.007865610835426562 0.013456034088827727
0 0.8299257278859077 0.566664894423334 0.006673312360373451 0.012127303449962155
0 0.883818764925268 0.56435470925329 0.0061839361206125435 0.013023669357133371
0 0.9347656987963772 0.5632933067964199 0.0062562303378502545 0.01268753214194423
1 0.9871931188686325 0.5666002453026353 0.00783001983617151 0.014658218952563066
1 0.9410450784865386 0.5695387683719391 0.007729920150765679 0.013709125639087777
1 0.8773880731134707 0.571945896440471 0.007907180010338166 0.014726599807613743
1 0.820055381296158 0.575990104635357 0.010844132585606658 0.017993227401302752
1 0.7820986713321411 0.579685759902282 0.011209079355314433 0.018948911640566
1 0.7408286271007336 0.5839843977352992 0.012442947005279325 0.021667668528125558
1 0.7218766594440685 0.5986017775673618 0.01511922331647062 0.027290552091032635
1 0.7342394349212558 0.6074406338548647 0.018073554309344163 0.030071098907854917
1 0.7773687980039153 0.6234534175904421 0.02237471266661597 0.03720268657692661
1 0.8336776712778706 0.6476117311611505 0.029733386371291814 0.048595204784739686
1 0.9613703563209673 0.712347830256982 0.050714452621197025 0.0766057091155339
