0 0.19626296922337705 0.7676261002246967 0.064278082694788 0.11163219642189794
0 0.2304827615830865 0.6729106148706 0.041952586249905145 0.06854820277582468
0 0.07855104540576063 0.6360690829629256 0.033942221885036504 0.05430755501605844
1 0.03338322340419328 0.5658146758846878 0.01737841760513872 0.026878619229281156
1 0.1910357828128129 0.5662217421232367 0.01842112266144702 0.026198930007391423
1 0.3604986316674411 0.5690478960507689 0.018004040638923646 0.02784666145439703
1 0.5026369910337605 0.5719581121851373 0.018790414035556324 0.0290927583611951
1 0.6057500642465776 0.5752354788464074 0.01824733848539566 0.029762149261541204
1 0.7616734191853931 0.582895472035514 0.020767209038140687 0.032748662509239225
1 0.9944592985127076 0.6094780401906895 0.01108140297458462 0.04260930538741421
