0 0.07187180853248368 0.7718937901614839 0.06177484383076649 0.10237979815990267
0 0.2563633323521231 0.7011861190966049 0.044761305110891936 0.07140437789148447
0 0.34510951731435685 0.6658604685969257 0.035299910760437966 0.05818551672239041
0 0.4239956263102494 0.6389092622918883 0.025285597615476708 0.04613648051616087
0 0.49517923283365944 0.6208688456480588 0.021549237830372103 0.03707395755762914
0 0.5451785864814053 0.6083767402485354 0.019116259365652512 0.03163644378251023
0 0.6256871112159056 0.5986359275381355 0.016627669964596768 0.0265614309257326
0 0.6931593862270409 0.5929086946262748 0.014814753440028649 0.02420187949362045
0 0.7554036329971006 0.5879233111594351 0.01395834502044746 0.023595514321122255
0 0.8520236758455235 0.5828677363998843 0.01263480473564016 0.02051096105232754
0 0.9282758460482254 0.5787700927249436 0.012723782233778281 0.019140048488418732
0 0.9932273684228342 0.5759757350443184 0.012634804735639982 0.018981866269506202
1 0.949656829770869 0.6138026157629158 0.02198369827050044 0.034602360387120785
1 0.9344860142771327 0.6320193811062282 0.027479622838125727 0.042351847348819485
1 0.9741343479388178 0.6648895316274295 0.03714636763098387 0.05573966535574123
