0 0.08864749636598135 0.7710820872467946 0.05108304393697999 0.08252202695799515
0 0.2709631426885771 0.7048664916349294 0.03204145745947455 0.05736235498571196
0 0.3683074197354378 0.6669361912652055 0.022483327776648167 0.04018759071188316
0 0.46248121747768306 0.6415095425039081 0.016683280900933184 0.03052084591902482
0 0.522336665785156 0.6243247878143807 0.013902734084111046 0.025415935747515328
0 0.5790307510854297 0.6139954394066467 0.010232412285905745 0.01925528670649368
0 0.5992673644495526 0.6095142922351632 0.010276901034974806 0.018963329290727415
0 0.6228731099117626 0.6044554077165301 0.008185929828724615 0.015960338728559398
0 0.6504783787091734 0.5992557851690725 0.006717801109442423 0.013569068466092404
0 0.6418698057642919 0.6009241132591658 0.007207177349203064 0.015014952810839755
0 0.6594659667958903 0.597337675631711 0.006539846113165737 0.013513457529755857
0 0.6770957550655544 0.5947417453116322 0.005694559880851813 0.011656052256118654
0 0.6937935226154041 0.5927917130721595 0.00615012467131999 0.011246755764682481
0 0.7222389806197361 0.591663223265237 0.005739048629920962 0.011289020076298062
0 0.7506198977505089 0.5905067557609482 0.006272913618750842 0.010899743521943006
0 0.7932810808321307 0.5898332523015721 0.0038082369203196187 0.009654058548006605
0 0.8395844809651433 0.5880931171261163 0.007296154847341541 0.01067729977659726
1 0.8719237733549742 0.5897347421957382 0.00676228985851175 0.011622685694316792
1 0.832759910467374 0.5911771508569647 0.007723246838405373 0.011567074757980356
1 0.796969476219547 0.5926438112184923 0.006584334862234975 0.012846126293718507
1 0.7883831476492 0.5934501697953707 0.006228424869681781 0.013569068466092404
1 0.7831557196335743 0.5954243580353146 0.006005981124335947 0.014959341874503318
1 0.7760897865400521 0.5992897898586066 0.006284035806018107 0.016752794571353702
1 0.78100109027793 0.6085477345310817 0.008828236143410351 0.01868179892552424
1 0.7715501331607065 0.633197488261209 0.012164892323597076 0.02919574157663285
1 0.7757223110748157 0.645786658358369 0.013555165732008411 0.037146367630984
1 0.7848113592511912 0.6692649175140225 0.02538878197000729 0.042767199575146186
1 0.8445309211660692 0.7154112756557927 0.03665759963583941 0.06465993269099468
1 0.9647082485395652 0.8124296608755026 0.062156693826972996 0.11004704751789185
