0 0.2242516292643455 0.6728036823853266 0.04361575512227196 0.07220893426209245
0 0.32192037273853813 0.5994884831136477 0.025456666413777508 0.04183693127163024
0 0.36257949099861786 0.5703178700068922 0.01746183400964334 0.028077343856977816
0 0.4016635398628304 0.5353032710073495 0.005338649888298441 0.011863666418441375
0 0.3959244912329094 0.5402596471999428 0.008096952330586271 0.01534367523451747
0 0.38804998264766893 0.5461914804091634 0.010944232271012178 0.018665501831681034
0 0.38001351954009294 0.5539723740525953 0.013847123147774542 0.02122278103743398
0 0.4118514633996669 0.5258650652789005 0.004092964914362262 0.007961838351931655
1 0.8400446985555572 0.6634076878755907 0.04249023104456402 0.06817488861986255
1 0.6739747485156802 0.5987531606307498 0.02595901129767606 0.03939107990498127
1 0.6128787491226143 0.5713338795204198 0.017812878045267145 0.02780546816822188
1 0.57843996197158 0.5556274258099521 0.013079692226331475 0.021565509178411078
1 0.5577526936544229 0.5464001297067198 0.01049934478032064 0.019245503301026978
1 0.5463590908126703 0.5415132305958928 0.008942238562900152 0.015923676703863625
1 0.5359932122795572 0.5380859491861207 0.007874508585240391 0.014025490076912943
1 0.5264058868551543 0.5353177603551511 0.0068512673566498705 0.012812759731916664
1 0.5190874876332782 0.5327868448525503 0.006628823611304124 0.01059820866714092
1 0.5109015578045538 0.5303086567562537 0.0062729136187509305 0.010387299041924212
1 0.5051180204255635 0.5293331997396263 0.004671318652261292 0.008752749446494519
1 0.4970184250571836 0.528375214976705 0.004851765018485743 0.0085038760887387
1 0.4846035949413162 0.524953074489048 0.0037128530423154336 0.006560132982741291
1 0.48887940861435286 0.5264241691249348 0.004191196072306891 0.009124794025376875
