0 0.7031806994916925 0.864307615244914 0.0739171433629215 0.13946167556930514
0 0.7819041145082567 0.7244530898852726 0.0570123258225224 0.08996260198696038
0 0.6944765275709412 0.5475115480664282 0.009954357604223318 0.017795499627661956
0 0.6988028846337404 0.5549881295072168 0.012078000235571462 0.020802609518447448
0 0.7087149287392458 0.5652214875190832 0.016183651394785503 0.02432978464719421
0 0.7169153695466707 0.5789311280742482 0.019333489585716634 0.029350216399789828
0 0.7199022850725539 0.5922545815715211 0.022048867336519874 0.03591539638395329
0 0.7405391559786562 0.6241793783572576 0.030955306359153223 0.04801592419790171
1 0.9541941936868724 0.5630249523791242 0.017921493155299294 0.02432978464719421
1 0.9057518546125483 0.5532415469125275 0.013142428313885901 0.021497746222653047
1 0.8750137784734594 0.5464189088897694 0.012056277213565104 0.017378417605138873
1 0.8472153214229377 0.5426671061646745 0.008967263484251652 0.01499435616775231
