1 0.33146118996155083 0.540452397488956 0.005630607304064883 0.011039800694938519
1 0.36580094314930484 0.5419353557912612 0.0072989353941582905 0.01384094415484827
1 0.39666501281603117 0.5442421798170692 0.007576990075840495 0.013676171010147785
1 0.419494140767161 0.546345755303991 0.008254748362440889 0.01513853266936533
1 0.4481872775897596 0.5494505509093626 0.007907180010338077 0.015241515884803094
1 0.47818798441506294 0.5515660413732854 0.007716017416681531 0.015571062174204278
1 0.5023677667161082 0.5558990287348502 0.009314831836354287 0.016971633904159206
1 0.5155901085972007 0.5599055585492053 0.007896752959775011 0.018981866269506202
1 0.5193725211889595 0.5692595240074263 0.012686244851751117 0.02811441781453549
1 0.4974827142638813 0.580215650525542 0.01485854705239369 0.026363703152092015
1 0.44386554404096457 0.5923041099939313 0.018498510927345092 0.03278567210228718
1 0.3611330355312409 0.606365932529137 0.02335224865690515 0.03877961706331866
1 0.222598055787671 0.6210308433305997 0.02715377750802923 0.04521606802818507
0 0.09588956914346422 0.7043626972837257 0.06639098600713146 0.05680167976494404
0 0.5545722849766582 0.7070819777516645 0.04561834621348906 0.06153247122412071
0 0.6212719827841081 0.7096861043703425 0.04667055509192517 0.07763968976369827
0 0.5116132151182473 0.5462405451755172 0.00622842486968187 0.012865487138220947
0 0.5391390645472027 0.5462524912285083 0.005894759251663028 0.011402301613279696
0 0.5770420891595593 0.5495116857270285 0.006562090487700356 0.013445488607566997
0 0.6046044644923295 0.550448168876514 0.007118199851064766 0.014025490076912837
0 0.623645649093928 0.5520036273624875 0.006673312360373274 0.013656398232783704
0 0.6479703037137063 0.5542093804022119 0.007285032660074098 0.014500036733650535
0 0.6818642862109525 0.5564540530755736 0.009342637304522672 0.01568640337549467
0 0.7031910802959788 0.5598154252274654 0.00928702636818608 0.01766368111190157
0 0.7235961772172521 0.5646237210475104 0.010844132585606658 0.021255735666374183
0 0.7489672573821512 0.5704583675733417 0.011904216059520056 0.02183244167282615
0 0.76543330806302 0.5757620031683914 0.012512460675699888 0.023377189904394097
0 0.7747742075257821 0.5796753653550301 0.013468273643982443 0.0260547535057783
0 0.7830727413544551 0.5863905951023123 0.016509496724881955 0.02883530032260048
0 0.7948272523274416 0.5943631170325778 0.016835342054978143 0.03250407737257425
0 0.8076574121999853 0.6096496880741351 0.01860033759299986 0.03733141559622387
0 0.7936196517144387 0.630810777740462 0.02620339529524811 0.047629737140009724
0 0.7726130293580168 0.6568374692000174 0.033942221885036525 0.05696259103906582
1 0.26285285450971063 0.5386060562004363 0.006495357364096632 0.01070366347974938
1 0.2951739307084518 0.5401878783895618 0.006450868615027527 0.01154730198061621
0 0.4721008732373379 0.5430931867193654 0.0064647713491116756 0.011946052990791671
0 0.4324085674272011 0.5429284135746648 0.007298935394158245 0.01227559928019275
1 0.22361933865355713 0.5384983491889956 0.005821769897721474 0.010916220836413075
1 0.1807623194737482 0.5375728579389307 0.006082446161798561 0.010401304759223724
