0 0.10711310660293856 0.683750662771048 0.045821999544799354 0.07059982152087597
0 0.36061060674852874 0.5282977795004761 0.004840375898724103 0.009237841584492945
0 0.355645662352411 0.5286774168258663 0.0038794189188302575 0.009322205434579733
0 0.35292295090937864 0.5304701486402086 0.00398619191659626 0.00936438735962318
0 0.3504671719607614 0.5326425177799409 0.0041997379121282655 0.01117821013648697
0 0.34737075502554815 0.5351312513574985 0.0046980119017028255 0.011431301686747124
0 0.3447014300813988 0.5381894409231409 0.004911557897234742 0.013329488313697704
0 0.3397364856852811 0.5413109033763488 0.006655516860745525 0.014848037615258103
0 0.33425594753414345 0.5441867030700891 0.00845286232313951 0.01687277001733881
0 0.32736019142842443 0.5492946705558067 0.011010965394615902 0.018125045917063248
1 0.7521901171443746 0.67934984187168 0.04738334175151095 0.0706400493394062
1 0.613543454449647 0.6062498070562726 0.024938029263373983 0.04212013511408446
1 0.5562102036762008 0.5746202745033414 0.018790414035556324 0.02947894541908719
1 0.5271209049073994 0.5585626166361936 0.013833220413690395 0.02142050881107467
1 0.44101796463852205 0.528235605327694 0.005609141482638957 0.008908822569154881
1 0.44604341373337375 0.5290286255185088 0.00501121269514968 0.009887443230160615
1 0.4548130359498856 0.5308171391403467 0.005808451078468923 0.009684969989952366
1 0.46396589020155987 0.5324501152602821 0.006228424869681693 0.010587663185880085
1 0.46973163208092233 0.534791212100188 0.006086060872660415 0.012064030562397247
1 0.47886072338991303 0.5379337655159173 0.006975835854043577 0.01396221718934793
1 0.487595874271123 0.541443241551004 0.00817480764145726 0.01410458118636905
1 0.49827317404772026 0.544870522960776 0.008842138877494587 0.01608185892277605
1 0.511147105809607 0.5498137173017932 0.010566077903924321 0.018586410722224823
