0 0.09079393429937055 0.7840532847785954 0.05961102718559545 0.10421322813140099
0 0.3323695776243587 0.6682987896720024 0.033730082998255105 0.056481978605568806
0 0.4460483865345578 0.6284879940844145 0.022048867336519784 0.03923720849910217
0 0.5334738747893242 0.6058019070760882 0.016794502773606102 0.030933583337146908
0 0.6056825076423256 0.5912379379184141 0.014180788765793118 0.026345681089390283
0 0.6474466704358808 0.584727517675089 0.013068570039064387 0.02328707959088583
0 0.6975731798042111 0.5774920874944276 0.011122187267288908 0.01967236872901701
0 0.7443527698518129 0.5716105171109522 0.011261214608129854 0.01937693562972964
0 0.7724641253236632 0.5693325188313603 0.010121190413232917 0.01682230824177433
0 0.8101228454594545 0.5657403604436686 0.01056607790392441 0.017378417605138696
0 0.8472517886811236 0.5632332514769014 0.008942238562900152 0.014347621574802405
0 0.8834364558957274 0.5614760607406635 0.008319396075931707 0.013735901275101603
0 0.9168228587069264 0.5592446026419015 0.007652064839894735 0.013735901275101714
0 0.9620252885374321 0.5571714785713501 0.008341640450466592 0.013902734084110913
0 0.9911010126916086 0.5560283864238725 0.006506479551364031 0.012999056368643735
1 0.9873121382753428 0.566850958593587 0.00994045487013917 0.01781287804526721
1 0.9492186468848789 0.5739326637676809 0.01146975561939172 0.020680316950114963
1 0.9141997777216495 0.5808385482324104 0.013068570039064475 0.022591942886680316
1 0.8832359858070248 0.5920425362544424 0.016335712548830372 0.02789236025624764
1 0.8506574266284417 0.6043230866991127 0.015293007492521937 0.032323856745558044
1 0.8397185273593326 0.6265664429670339 0.024938029263373983 0.04192543247239733
1 0.8788849538366229 0.6651772395361001 0.033670684109956286 0.05736235498571163
