1 0.01097025961611407 0.7845803155570915 0.02194051923222814 0.0751757358787107
1 0.18279308993247856 0.6809531456535365 0.035130199651012786 0.059939449610316456
1 0.25645434076321993 0.6455992180469279 0.031396555243658766 0.04827338223649644
1 0.32186013637812044 0.6062299604567382 0.016122555395392268 0.027556055693333362
1 0.30938636983536955 0.6160857759966895 0.017310533161368637 0.03238339391698288
0 0.046968612026839475 0.5814691561050193 0.009731913858877667 0.01614776818065635
1 0.0540108890674361 0.5973971446276117 0.013902734084110979 0.02203840810370189
1 0.11283683266083062 0.603112713084413 0.016161928372778987 0.024818954920524175
0 0.10663496503410745 0.5819168112696258 0.011469755619391564 0.017630726482961472
0 0.17353988613321686 0.5847197784954027 0.009384345506774893 0.01680686075945851
0 0.18476634390613644 0.5953476463285896 0.013902734084110979 0.021585281955775262
0 0.22578628122944738 0.5878208156282595 0.01379411897407885 0.02329995249281551
0 0.276650470758011 0.5879000534309701 0.012925198093821911 0.02484470072438356
0 0.6421332212858302 0.6048978376441392 0.016683280900933007 0.028526350676286973
0 0.6750218766035552 0.6193154878054394 0.019898288157883925 0.032851645724677095
0 0.7302923509091368 0.6362320140374148 0.02392926642895086 0.04042895762306576
0 0.814932054304428 0.6678311226329705 0.03217722634701472 0.052457075363659345
0 0.9780808682720081 0.7447600808325495 0.04383826345598383 0.0870555135384734
