0 0.019378153402625047 0.800491545387534 0.03875630680525009 0.12476909341073636
0 0.25271088700402117 0.6669030232899767 0.03869413294894164 0.06416337055600989
0 0.40163235237791783 0.606791721538878 0.02498147530738697 0.042319665093995276
0 0.4905351976818352 0.5818005250652167 0.01885558310157558 0.03192479678573637
0 0.5659964464904332 0.5654105460387268 0.015032331228445005 0.025745803859464688
0 0.631676580544626 0.5546700201997455 0.012581974346120451 0.021832441672826046
0 0.67154784332543 0.5494684345347438 0.012067573185008128 0.019838686621949257
0 0.7201419501000889 0.5425631636377455 0.010365878533113104 0.018507319612768608
0 0.7649791115459212 0.5390443359447491 0.010343634158578663 0.016740951501578314
0 0.792054390198553 0.5365020704045167 0.009431614802661059 0.01602913151647198
0 0.8293657697932038 0.5340639678082718 0.009287026368185814 0.014434127475770235
0 0.8661686969554004 0.531634257904093 0.008586328570346958 0.012812759731916559
0 0.9024961519032315 0.5296391829811015 0.00843506682351176 0.01252803173787411
0 0.9355434078531817 0.527966176486226 0.007296154847341541 0.0120218486373538
0 0.9801805106309601 0.5259617650078858 0.0069847336038575845 0.012285485668874895
1 0.9949911475583189 0.5344562582958666 0.009992590122954859 0.01606538160830595
1 0.9555855856386669 0.5397598938909162 0.011469755619391364 0.01781609627074953
1 0.9171792827313103 0.545784411994031 0.012686244851751027 0.019154878071441634
1 0.881292850376699 0.5543392598827087 0.013728949908059462 0.023377189904393993
1 0.8442583223668267 0.5645278600514534 0.01659638881290739 0.026672652798405624
1 0.8242755180764494 0.5794571074949143 0.0200937953559416 0.03359827403660147
1 0.838217285715728 0.6044385828023014 0.025633165967579606 0.04389659558038743
1 0.8994184098712047 0.6571104114680972 0.0409003773714689 0.06537020511192258
