0 0.03762792490250656 0.5849769142170456 0.008675306068485262 0.016978224829947163
0 0.09832340390502678 0.5855218190065705 0.009965479791490794 0.016366586916818606
0 0.1665130856725087 0.5874741096458326 0.011177798203625211 0.018520501464344627
0 0.17613056672452307 0.5994547907428154 0.014125177829456815 0.021420508811074566
0 0.2178877874851469 0.5917391954668051 0.013207597379905423 0.019608004219368366
0 0.272019489971008 0.5912262404957699 0.012164892323597076 0.02331539997513127
0 0.6481785335195408 0.6078992140812934 0.018681798925524084 0.02914424996891409
0 0.683777814677005 0.6232453222942756 0.020680316950115074 0.034190427525369306
0 0.7434926308129585 0.640903819800336 0.024709937532306638 0.041515108723386984
0 0.8403101670039408 0.6781116153887861 0.03411193299446182 0.05893375414705607
1 0.0412630265203634 0.6006431627575586 0.01451445438381182 0.023068240258080488
1 0.10060489188641068 0.6083007371994795 0.015571062174204297 0.02694040915854377
1 0.15811828107507522 0.6939621541153825 0.037607981848620485 0.06404268710041863
1 0.2420931299624612 0.6533451638606156 0.031194259601223972 0.05066774199542684
1 0.31442593526334367 0.6109324970786554 0.01711774134106161 0.03048303176960619
1 0.30078387744330987 0.6234449577543554 0.017986662221318596 0.03491131003343418
