0 0.12068327279164473 0.6802477899932657 0.04476130511089188 0.07341576881800484
0 0.36443167509041696 0.5284422627843833 0.005727926442653653 0.009359114618992711
1 0.746630651189844 0.6734711311099683 0.0473069717522697 0.06863871536751823
1 0.6210181940834033 0.6057888969482261 0.015341884292036579 0.03717050432210208
1 0.5583608524836259 0.5738480090350778 0.017106879830058475 0.027998561697167874
1 0.5297642243362582 0.5589224864361894 0.01202586498275604 0.02142050881107467
1 0.5144364600085259 0.5509309889182115 0.01056607790392441 0.017960272772362656
1 0.444012656951757 0.5290991149572524 0.004591238903936823 0.00755056458275918
1 0.44887082835010866 0.5297740257579459 0.005409831886809347 0.008731658483972848
1 0.4580355106583546 0.5314191208346364 0.00523187689053275 0.009490933134753101
1 0.46696885147144107 0.532937670136197 0.006014878874149776 0.010840754736140344
1 0.47298581446377774 0.5350206749294886 0.006117202997008864 0.012061394192082065
1 0.481911369745777 0.5386786387418414 0.007285032660074098 0.012654577513004028
1 0.49039203753708477 0.5419411470069126 0.007785531087102093 0.014829583023051613
1 0.5012869760307568 0.5453772349964924 0.008185929828724615 0.015343675234517575
