0 0.30991807399539767 0.6055067669606737 0.023600451154439473 0.033942221885036324
0 0.41569050308313943 0.5275548229767952 0.004282042097906125 0.007579564656226399
0 0.4055971181380748 0.5346071135699798 0.004893762397607038 0.011402301613279696
0 0.40326145881194425 0.5369139375957879 0.005783537378990111 0.012588668255123834
0 0.39970235888641187 0.5387923514453744 0.005783537378990155 0.014104581186369156
0 0.39594862068370185 0.5422525874840864 0.008842138877494632 0.01575231263337497
0 0.3882743114692726 0.5478548744039059 0.008174807641457216 0.0189159570116259
1 0.6682169769714995 0.6014788226930908 0.024003939317097787 0.03990599598217041
1 0.6110311215395899 0.5737377190345175 0.012164892323597076 0.027934197187519244
1 0.5770685361569206 0.5578555651415905 0.012164892323597076 0.02100857594932319
1 0.5580217904616885 0.547969176459556 0.010357536892662722 0.018042659344712848
1 0.547281928381713 0.5429024022600134 0.009314831836354287 0.015982995035955655
1 0.5374805008524147 0.539359779648951 0.007924558427943129 0.01384094415484827
1 0.5287912920498453 0.5368469891922673 0.007090394382896559 0.01227559928019275
1 0.5213185724796356 0.5345401651664592 0.006464771349111586 0.01145173355669
1 0.48789134987599914 0.5275132357506719 0.004137453663431501 0.00838365760236528
1 0.4925626685282604 0.5282777831420825 0.005383138637367857 0.009069113884319685
1 0.5002814664917589 0.5288314209082766 0.004893762397607038 0.008805476852798802
1 0.5084006631968796 0.5300968786595768 0.005472116135506066 0.010387299041924212
1 0.5141397118268006 0.5317577919581586 0.005739048629921051 0.011810939012137199
