0 0.1054712448443468 0.6966338671865323 0.06394714603140887 0.05535347829784924
0 0.5547534955053488 0.7004996423854537 0.044124888450547586 0.05824988123203915
0 0.6199174701913366 0.7033227552627588 0.044973443997673446 0.0758294379298298
0 0.3961996839022989 0.5373293103111954 0.005672315506317282 0.009820479424154179
0 0.43443394047536454 0.5399306663331558 0.005449871760971536 0.009293205361112515
0 0.4747374153635193 0.5410375331509076 0.005427627386436917 0.009227296103232216
0 0.5139974825913722 0.5423779803832876 0.005694559880851813 0.011020027917574334
0 0.3166532991339638 0.5354176776364722 0.007507476405419933 0.010957414122588223
0 0.2904118885502043 0.5346350051991443 0.006186716667429426 0.01038070811613615
0 0.24588380893143996 0.5351089894709793 0.006325744008270506 0.010627867833186934
0 0.5410348716902109 0.5434603373969052 0.006742826030793836 0.012028439563141861
0 0.578827872590327 0.5460056118170525 0.00686447495402982 0.013490801222359407
0 0.6061741873519992 0.5475651437719306 0.008428532538492295 0.013902734084110992
0 0.625858205687984 0.5490432118800456 0.007855044757522744 0.014664809878351127
0 0.6495779978934517 0.551352599329306 0.008776100890595018 0.015550465531116704
0 0.6830319095392859 0.5549861993322917 0.008428532538492383 0.015653448746554575
0 0.7047257072926664 0.5576657542106935 0.008897749813830912 0.017630726482961365
0 0.7237962804276622 0.5614865119590753 0.011956351312335389 0.020843802804622596
0 0.7493396464797191 0.5682818300681497 0.011078741223275835 0.023042494454220887
0 0.7665008338647935 0.5730448037821506 0.011947662103532953 0.024329784647194107
0 0.7757874257725395 0.5773572259286109 0.012056277213565104 0.026003261898059418
0 0.7829257362842472 0.5848166039548807 0.01564057584462475 0.028320384245411126
0 0.7931117970719467 0.5932624344553412 0.016509496724881778 0.03166733874714154
0 0.805249005270819 0.6078598526806992 0.01968648869332128 0.04002667943776135
0 0.7932292159457803 0.6285319229280157 0.024845706419846715 0.045216068028184966
0 0.7700977243179324 0.6528785529742194 0.03428164410388686 0.05732464140583928
0 0.19529827694374655 0.5328920664957465 0.005561093633644365 0.00922729610323211
1 0.1837366187739531 0.5336220034139305 0.006806778607580788 0.01070366347974938
1 0.22723618559764622 0.5349727891956724 0.006325744008270506 0.010463094688486448
1 0.26515080147877634 0.5366034640476214 0.006395257678691068 0.011781279846090974
1 0.2974679393615124 0.5368632452427364 0.0059503701879994875 0.011534120129040296
1 0.33394542035414143 0.5385796131422956 0.006534285019532238 0.011451733556689894
1 0.3683713841337478 0.5392810068436821 0.008776100890595107 0.013387818006921537
1 0.39917515756468464 0.5409541446723286 0.006603798689952667 0.01408810387189916
1 0.42186364804082255 0.5441084016377018 0.008146133252408738 0.01634858545076017
1 0.45071178944452006 0.5448346536167016 0.007907180010338166 0.015138532669365224
1 0.4801296038913755 0.5495449085584514 0.009558129682826166 0.015704940354273562
1 0.5046715062114625 0.5526743248458822 0.010166374299006086 0.0179190794861874
1 0.5174011971072267 0.556433212209364 0.008689208802569315 0.019257861286879608
1 0.5210941108483186 0.5661136344605228 0.013120705291879808 0.02770248495278401
1 0.49895258124605296 0.576244206001037 0.016292266504817476 0.025230887782275443
1 0.4464914831005403 0.58860219185358 0.019767950025845325 0.03192479678573637
1 0.36368523246203593 0.6021911992379271 0.024242892559168405 0.03892765543551091
1 0.22851471049528627 0.6159823482675912 0.027968390833270095 0.044089689109333426
