0 0.24705406582201656 0.7017866544530521 0.04599171065422451 0.07623171611513399
0 0.35908715759795673 0.6337573905362694 0.028022698388286173 0.045827530869847366
0 0.4042161078851964 0.6033200374546048 0.018351608991026502 0.03122451092075896
0 0.43774768192014585 0.5840857308125946 0.013294489467931037 0.02533387099771321
0 0.4787526013350208 0.5749845891482738 0.01126881766583212 0.02220575582878839
0 0.5416749775923044 0.570651929894854 0.008758722472989876 0.01787788620001236
0 0.610955147032284 0.5666032369341266 0.010079482210980383 0.01771311305531166
0 0.667847741667107 0.5628588315853157 0.008080964186389395 0.01596239839286808
0 0.7336864489839618 0.5615003871370018 0.006951367042055523 0.011946052990791566
0 0.782450424552869 0.5587961444463686 0.006617701424036948 0.012984123802405318
0 0.834415708297974 0.5574672104156528 0.006284035806018195 0.0112704830975192
0 0.8837108069386387 0.5578233494823553 0.006094958622474422 0.011863666418441481
1 0.8282965329773688 0.5637130325945943 0.008397251386802829 0.014697764507291225
1 0.7741062822801451 0.5679538814063255 0.010955354458279488 0.017465953338260773
1 0.7407572889723267 0.5721646116503231 0.011191700937709381 0.018125045917063248
1 0.7018303123812535 0.576727250828043 0.012373433334858764 0.02142050881107467
1 0.6838546994138536 0.5903945802036696 0.015901252108701858 0.025951770290340535
1 0.6959761456934379 0.597448930461163 0.0168570650769845 0.029762149261541204
1 0.7402816067644138 0.6140103210719495 0.021288561566294818 0.03668777049973726
1 0.7940762099522345 0.6358243585177975 0.0275882379481577 0.044926427734766024
1 0.9195270071793555 0.6976001500986836 0.05356506891232353 0.07636999924133227
1 0.9908328289494026 0.5618876920195085 0.007716017416681709 0.014005717299548864
1 0.8897169813050109 0.5637839509293957 0.008341640450466592 0.014108700514986838
