0 0.029163949727868177 0.49634642998660783 0.006673312360373246 0.0112704830975192
0 0.053410317970557696 0.4980930253204339 0.007674309214429248 0.011204573839639007
0 0.08279305132062204 0.5005127189503619 0.007207177349203131 0.011810939012137199
0 0.11165601758371654 0.5054450646532779 0.00814144107965542 0.012180030856266542
0 0.14165852979580168 0.5097439537593067 0.008675306068485256 0.013511397865447193
0 0.17587215312353716 0.513703681527817 0.011730431883468607 0.014803837219192331
0 0.2306206772659441 0.5193251037523603 0.010732910712933651 0.016213677438536547
0 0.24146749807552426 0.5285213319113418 0.008842138877494587 0.020300051427110832
0 0.24691975936891666 0.54284964413325 0.016943957165010248 0.02561707484016743
0 0.21586729339961722 0.5603482423462482 0.019985180245909496 0.032053525805033525
0 0.12943342536937172 0.5967996744121197 0.029190310821131438 0.046825180769401537
1 0.7713902398907522 0.6876596685727028 0.04751911063905121 0.07844424613430655
1 0.5915148321444512 0.5911881957262771 0.025459381791528114 0.04150223582145714
1 0.4755253650460526 0.5340456605282357 0.011295971443340136 0.019566810933193218
1 0.488168163853791 0.5454253058341191 0.014684762876342105 0.024201055627896848
1 0.518019669157243 0.5608760063752806 0.01772598595724153 0.029865132476979177
1 0.4257454139205718 0.5255677563880615 0.010454856031251314 0.017268225564620085
1 0.38471026909287726 0.5194166719131739 0.009075704810107688 0.013793489489174459
1 0.3472477880456557 0.5145627846165846 0.006869062856277442 0.013709125639087777
1 0.289556047963412 0.5113550826027504 0.006264015868937101 0.012215885492553277
1 0.25806723113514823 0.5071832671477232 0.005872514877128454 0.01075639088605345
1 0.22678124542859993 0.5054424830038785 0.0053386498882985745 0.011270483097519306
1 0.19221028108381852 0.5021532402960799 0.0049827398957453806 0.010545481260836743
1 0.09887630978420973 0.4953244118959236 0.005694559880851824 0.010123662010403328
