0 0.04833389592186754 0.5419258315998714 0.015640575844624867 0.027290552091032635
0 0.14861008088126867 0.5554753654372856 0.018355953595427764 0.028964029341897735
0 0.19823021505500357 0.5758505040990742 0.024031093094605917 0.03717050432210219
0 0.08392267620443597 0.6309026508937443 0.03899282450152998 0.062047387301310174
2 0.008767185507712234 0.5197585326227594 0.01462567625648474 0.021222781037433875
1 0.1313498319018244 0.5246619275715139 0.012442947005279325 0.01952561764701807
1 0.289019685019666 0.5316758171856918 0.011745029754256953 0.020774598083848423
1 0.4109745273487733 0.5448188794954968 0.013213158473539188 0.024307334306228695
1 0.5725355783051185 0.5663241273640364 0.01918577303607307 0.031636443782510335
1 0.7805580759214023 0.6056189111508613 0.028511466383430762 0.04473333420581993
