0 0.02094519988258948 0.5046508940097167 0.006584334862234942 0.011642211311963833
0 0.0722581668013922 0.5115789456517974 0.006513152863724292 0.011853120937180434
0 0.053537301193091746 0.5087105747488498 0.006157242871171043 0.010587663185880085
0 0.08931132125342459 0.5158410888179008 0.008942238562900117 0.01413094488952119
0 0.11959423840630659 0.5209326768824444 0.007563087341756369 0.014552764139954816
0 0.1521266361631263 0.5283375820052885 0.010365878533113104 0.0182964099875519
0 0.17711506283755524 0.5389870763137175 0.012901737230054878 0.02181596435835605
0 0.1919247873979896 0.5584157610092049 0.01730890393471818 0.028423367460848996
0 0.18327559647502284 0.6014141951137412 0.03014069303391247 0.04553789057642832
0 0.017211644235389525 0.7856682562723557 0.03442328847077905 0.11766636920146015
1 0.03653294896056251 0.5003435104781007 0.004582341154122954 0.008963659071711332
1 0.07141720272872094 0.5028847243022455 0.003559099925532405 0.007466200732672497
1 0.10641038441842827 0.5055051116224191 0.0040573739151069654 0.0071709272573691075
1 0.1426505174256396 0.5072224284419092 0.004299392710043137 0.007963947448184032
1 0.15972971691213667 0.509829014466466 0.005694559880851813 0.009860024978882338
1 0.1818528505089853 0.5121953885366014 0.004849273648537866 0.010070934604099151
1 0.21731203084704553 0.5161472938139876 0.005060595206616369 0.010743209034477327
1 0.26160614163902307 0.5212552612997055 0.007229421723737773 0.013050033060285514
1 0.3119132307443784 0.5272043411804263 0.009342637304522538 0.015950040407015663
1 0.37558491484894996 0.5368047841327522 0.010677299776597237 0.017993227401302856
1 0.4433236469409638 0.5471196488954897 0.012860029027802611 0.02409807241245898
1 0.52429828475711 0.5672722409265353 0.01850801474947277 0.03161584713942276
1 0.6611951306686903 0.6069902111420554 0.02681435528917886 0.04565857403201958
