0 0.03224612375547563 0.5074782453399128 0.006441970865213692 0.010714208961010213
0 0.06391787275881852 0.5108715422885904 0.0071893818495755045 0.012359304037700743
0 0.09321075968986421 0.5146538686319057 0.00747410984361806 0.013340033794958538
0 0.10729154448731774 0.5190816142794168 0.009253659806384285 0.01423639970212965
0 0.11740526693289151 0.5248516898212139 0.010009968540559865 0.016675042243698226
0 0.1411505911273363 0.5328067902146815 0.011678296630653229 0.019278457929967286
0 0.1646160657329779 0.5438837186718849 0.011991108147545736 0.023789122766145473
0 0.17248416127481545 0.5636141562569507 0.018977232024811497 0.03130689749310915
0 0.1382245626440429 0.6081515206447999 0.030683768584073047 0.04827338223649654
1 0.04509393153055883 0.5034510682301481 0.005516604884575232 0.008700022040190342
1 0.09438248719994496 0.5065557928719925 0.004170820225233252 0.007975020203507778
1 0.1284163802378486 0.5073796585954954 0.005394260824635078 0.009886388682034479
1 0.1629322175944937 0.5094512405966315 0.0059081058763837515 0.010629845110923426
1 0.19936336222035866 0.5127126871047516 0.005751505479660368 0.011304755911616995
1 0.21488880018313378 0.5157135291795878 0.007723246838405284 0.012148394412484036
1 0.23629561631470725 0.5190266543386921 0.008063585768784387 0.01417049044424935
1 0.2717892910006874 0.523364484797729 0.008150338829469205 0.01598694959142853
1 0.31888223823998135 0.531803351661663 0.008586328570346958 0.016661860392122103
1 0.3753543315977037 0.5405452656949521 0.012734904421045589 0.022013692131996738
1 0.4536884642334675 0.5561970945690586 0.01551545123786786 0.02603415686269062
1 0.5489216666051885 0.5778550722157004 0.02029799176280207 0.034190427525369306
1 0.7014278473304707 0.6299002586588396 0.03275831718568654 0.05375723845856231
