0 0.005234415621904352 0.5001725484934977 0.005769634644906039 0.01178127984609108
0 0.04152055158143399 0.5035915912460346 0.005769634644906091 0.009721615537333781
0 0.07488711338330031 0.5067222809953454 0.006742826030793814 0.010380708116136256
0 0.09476766673024921 0.509361185663122 0.007385827482183927 0.012049036206229541
0 0.1135281635213127 0.513513057705844 0.007618698278092828 0.013050033060285514
0 0.14493932219379874 0.5183582201216136 0.008580593692537252 0.01570494035427335
0 0.17881681307961736 0.5247918928527626 0.009384345506774939 0.01721879362120999
0 0.20660809870256358 0.5337003457805619 0.011886837641914828 0.020679029659922216
0 0.22918013447610835 0.5491034769263112 0.015571062174204276 0.024715971705086198
0 0.2396625087394753 0.5812350824128739 0.025850396187643777 0.03784633167341322
0 0.17666902893025527 0.6786449310003642 0.04879194395974003 0.07919851773175213
1 0.052798383520959835 0.499333055107712 0.005739048629921006 0.008858204259102978
1 0.08737681189610291 0.4998996687590514 0.005053921894256031 0.009153477734406367
1 0.12172841282005953 0.5019085752154998 0.005894759251663007 0.010611390518716938
1 0.15763380869403817 0.504532775006491 0.005650071131782708 0.011072755323878617
1 0.17539367170409864 0.5078947650576756 0.005783537378990155 0.009820479424154075
1 0.197819332528262 0.5096389631755681 0.005231876890532594 0.01058766318588019
1 0.23192080308315174 0.5130260352716065 0.0059503701879994875 0.0112704830975192
1 0.27622711105434444 0.5182848074522817 0.006005981124335947 0.0129709419508293
1 0.3249401189828688 0.5238683514268917 0.008508473259475879 0.01463185524941103
1 0.38528575785704033 0.531704770101018 0.009387126053591733 0.01708367964255562
1 0.44769486675070613 0.5409224717186765 0.01156707475798031 0.021486418068954866
1 0.5209038542338016 0.556201119011391 0.016516448091923853 0.02610006612057092
1 0.6321803806971446 0.5853020472008669 0.023634647942988706 0.037897823281132
1 0.8544782027463775 0.6663602890280718 0.04191864402802015 0.06838729150170321
