0 0.1137772629702349 0.5621333228167367 0.02052825579607016 0.03179606776643901
0 0.20780273320284248 0.5450338851331065 0.01529300749252207 0.024304038843334614
0 0.29314283255680956 0.535350706412109 0.012860029027802611 0.01969039079171866
0 0.38729600912642637 0.529231074157709 0.010899743521943029 0.016675042243698226
0 0.49486071690044364 0.5220259773462984 0.008063585768784253 0.014664809878351021
0 0.559766876206167 0.5182524419906811 0.00747410984361796 0.01170548419952874
0 0.6036909806311318 0.5152500199984437 0.0068512673566498705 0.01128366494909543
0 0.6475156957638267 0.5136723902639767 0.005561093633644454 0.008568203524429743
0 0.6878024737941919 0.5114338441100046 0.005205183641091171 0.008489112414973634
0 0.7343366071114543 0.5113057989334513 0.004698011901702781 0.007972383833192596
0 0.013267332001972379 0.5094138109406589 0.007563087341756357 0.012443667887787321
0 0.08987541556449496 0.5077294560876633 0.006562090487700378 0.010940936808118227
0 0.1525078478161867 0.5062060326226987 0.0059738310517664095 0.011199424678867191
0 0.20578341178412032 0.5052633200163749 0.006169338249824241 0.008753573312218012
0 0.2632021386044693 0.5044025102442975 0.005125103892766658 0.009533115059796336
0 0.3224991415854687 0.5034231398654838 0.004448874906915456 0.009227296103232216
0 0.378417473840097 0.5032078430677629 0.0035946909247877466 0.007255291107455685
1 0.06427605276507473 0.503270748335528 0.005839148315326614 0.011402301613279802
1 0.12577653482790013 0.5023284519142718 0.007563087341756325 0.011336392355399606
1 0.18300010227456856 0.5016870622407165 0.0070737111019956835 0.010018207197794974
1 0.22915281379457242 0.5016317872511671 0.004982739895745336 0.009212532429466942
1 0.2842948240482267 0.501591410513653 0.004938251146676231 0.008172747977148573
1 0.33560386317311286 0.5015182739258957 0.004626829903192187 0.007592746507802522
1 0.3919618757205117 0.5017332887779312 0.0039577191171920045 0.006985326787178194
1 0.6521326758212578 0.650181959704438 0.038980520446096636 0.0625416866215024
1 0.5283583873861778 0.5434871949885525 0.01101096539461599 0.02188187361623635
1 0.5208787164489261 0.5530769920101261 0.009398248240858997 0.025111427252367473
1 0.5149006494078686 0.5700936810710393 0.018351608991026502 0.03133109854873708
1 0.5884863003035277 0.5336439305279831 0.010705105244765445 0.017713113055311768
1 0.5617037149340331 0.5994048282134726 0.025524550857547457 0.04157947323303551
1 0.6135624353764191 0.5279962955928909 0.009209171057315136 0.015290947828213398
1 0.670357225838303 0.5228594368901837 0.0075769900758404065 0.013181851576046007
1 0.705632562430097 0.519527447136947 0.006256230337849988 0.01143113691360232
1 0.7490333911606154 0.5166654741869419 0.005978175656167828 0.010627867833186934
1 0.7726500633028944 0.5160430822515417 0.005694559880851724 0.010281844229315858
1 0.8081011203127428 0.5153398578544193 0.005561093633644454 0.009556842392633401
1 0.8406774189393491 0.5147375390473331 0.005004984270279955 0.00876593129807043
1 0.8857101090004683 0.5144956437437547 0.005027228644814663 0.009174568696927933
1 0.927334926287281 0.5142650475292757 0.005116206142952784 0.009332750915840569
1 0.9921276406600837 0.5150669815821551 0.004949373333943541 0.010281844229315964
