0 0.17797987041954313 0.6263522545077512 0.02681435528917884 0.0466705550919253
0 0.4059179665275776 0.5963703383152527 0.0198561998027464 0.03394222188503648
0 0.5799105822939082 0.5810010632467955 0.015119223316470708 0.02693654728796513
0 0.7241743984299999 0.5739912212393005 0.013763706743269922 0.02302640332680883
0 0.7438426397848353 0.5595644871337284 0.009676302922541336 0.015849116855886525
0 0.7593024800863667 0.566515854175784 0.011010965394615813 0.019741882399437638
0 0.6745655330739306 0.5533660943419709 0.008286029514130178 0.015153980151681012
0 0.59751801526294 0.5480222399442937 0.007229421723737773 0.014111275095372688
0 0.5062523743634726 0.5455740980571214 0.007229421723737773 0.01404176142495217
0 0.42294436495139365 0.5441977468437378 0.0078967529597751 0.013902734084111024
0 0.3095704773438847 0.5434479410998536 0.008096952330586226 0.015348618428858485
0 0.22682802976667943 0.5434415547647364 0.008764283566623598 0.015070563747176191
0 0.08247112019106283 0.5432880107969552 0.009992590122954748 0.017269802495106568
1 0.029799648154306947 0.5370305924813393 0.009801427529298218 0.016335712548830372
1 0.17111894567433708 0.537231054395237 0.008141441079655398 0.013569068466092404
1 0.26597773085336907 0.5385530834450427 0.007723246838405284 0.014636798443752097
1 0.3860088600144862 0.5391853300402442 0.007118199851064766 0.012278894743086743
1 0.44168170669211093 0.5394709585893183 0.007429621094548899 0.012623682548372872
1 0.515360340840866 0.5412653988854976 0.006584334862234887 0.012512460675699777
1 0.6101273669651613 0.5435517510141337 0.006036233473702968 0.012492440738618882
1 0.7151398177489618 0.5472209685234972 0.006235543069532845 0.0130974877259592
1 0.8164105176489761 0.5527343301258842 0.007741042338033211 0.014570065320148262
1 0.8926200582767695 0.5609665528529278 0.009509470113532004 0.01716987659387703
1 0.9857631902688094 0.5725430525173706 0.011956351312335477 0.02059342486208937
1 0.9952585010485698 0.5895355470596766 0.009482997902860113 0.027153777508029164
1 0.9395287248436628 0.6025096219530128 0.018768691013549877 0.03371413015396907
1 0.8207207061805818 0.6233439782522925 0.024764245087322757 0.04116512670217232
1 0.8743488015561685 0.6751864644879346 0.03445135521331224 0.062368832713754485
1 0.9813743848266444 0.8064836136863667 0.037251230346711316 0.11402465164504494
