0 0.005507307366826099 0.5125868628824286 0.011014614733652199 0.017507146624436025
0 0.046857601044250775 0.5211859613714898 0.012946921115828352 0.019257861286879608
0 0.10586799807383387 0.5462378966458723 0.020636870906102212 0.027548010129627258
0 0.10261527252281358 0.5726151515443316 0.023589844210100443 0.03841756669654499
0 0.01735762490162125 0.6675355178853333 0.0347152498032425 0.076030577022482
1 0.01461831802225351 0.5012702108013767 0.007918997334309603 0.012074576043658188
1 0.05958445222302185 0.5042966815366644 0.008564084195812394 0.013379579349686591
1 0.12909975730098275 0.509364223685263 0.00934263730452256 0.014816401171475596
1 0.1797836121971284 0.5150788500065546 0.01005445728962906 0.015712767078646814
1 0.2399562148863564 0.5213826233905959 0.011400241948971069 0.017136407048859693
1 0.30707989710141403 0.5330227761811874 0.013735901275101669 0.02148641806895476
1 0.3754213389469475 0.5452824130629873 0.015553683756599091 0.02512790456683768
1 0.43460874973510666 0.5654487798356929 0.02085410112616657 0.03147167063780974
1 0.6103829497124647 0.6128183594594612 0.029434694818703644 0.04930321439087503
1 0.9037913494733327 0.686741453514582 0.047179688420200705 0.07562829883717781
