0 0.16983229166021802 0.6261349147599472 0.03475683521027741 0.0556753008460926
0 0.41635193118175123 0.5836195868993772 0.02335224865690506 0.03643031246114264
0 0.5933995945973431 0.5540666115910016 0.015014952810839866 0.023793242094762947
0 0.6688801659165117 0.5405085997408323 0.011678296630653229 0.01837220563411403
0 0.7114795676098185 0.5331839383424444 0.010148995881401035 0.015406289029503792
0 0.7499724481424476 0.527768119814852 0.007785531087102182 0.012110826135492263
0 0.7896595653005877 0.5247004189723639 0.007507476405419933 0.01186366641844127
0 0.8405248782530552 0.5235385541393759 0.006094958622474245 0.009701842759969912
0 0.8824153676747271 0.5227915800316378 0.006047689326588212 0.01038070811613615
0 0.9387686077417566 0.5233715239846329 0.005352552622382945 0.010215934971435664
0 0.047109690622271556 0.5149112057941954 0.008480667791307706 0.014500036733650535
0 0.13406816963397242 0.5138206296338359 0.007472719570209674 0.012872901929732502
0 0.2196732364902294 0.5122530320013429 0.005978175656167739 0.012522758997243639
0 0.30214301053257575 0.5111687000344041 0.005116206142952828 0.010650936073445097
0 0.37650200912962123 0.5107477675258917 0.003892765543551091 0.00922729610323211
1 0.02556613400801776 0.5080042237464362 0.008480667791307675 0.01491196959540191
1 0.11264320714298484 0.5072897978032458 0.008167856274415186 0.013593784437797277
1 0.17943869957943126 0.506127213847717 0.006777582866004073 0.013387818006921643
1 0.25357462707976286 0.5069721520339739 0.006516906601927053 0.011019204051850945
1 0.321427821684713 0.5073559940221846 0.0050605952066164585 0.009886388682034479
1 0.39278373246935794 0.5082046600851853 0.00416414691287299 0.00822547538345275
1 0.9900435462481735 0.5285007142879132 0.006812339701214221 0.012852305286644824
1 0.9578587168434567 0.530436798738145 0.0065342850195319714 0.012769918714294422
1 0.9216420945543475 0.5316314040372241 0.00709039438289647 0.01301707843134531
1 0.9064353546129678 0.5348448504548161 0.007563087341756436 0.01443412747577034
1 0.8732046342501419 0.5409592279504211 0.00939824824085882 0.015752312633374867
1 0.8608161034149887 0.5505759937015378 0.011789518503326235 0.020300051427110728
1 0.8349301425672543 0.5695078688609568 0.01683534205497832 0.02870657130330322
1 0.8609434614199463 0.5948674856625297 0.022374712666615792 0.03643031246114264
1 0.8717392955496793 0.6633433431852154 0.039669971828136495 0.064615933514477
