0 0.1262466118325387 0.5237491683926203 0.014736898129157617 0.019855163936419253
0 0.24300160974823762 0.5307435309271212 0.013958345020447415 0.021288690295314175
0 0.3566321892802879 0.5452911093367031 0.016627669964596727 0.024781880962966393
0 0.39448780000289324 0.5646580362851829 0.02029799176280207 0.03249326413495318
0 0.3457306943396961 0.5962252238553114 0.02986915525883207 0.046471175966333975
1 0.010289170912627375 0.5097897515296438 0.011567074757980337 0.016740951501578314
1 0.15278751423506032 0.5138095817067284 0.010997618769895112 0.0169571338674256
1 0.30142688822347435 0.5184386003912665 0.00928925080563956 0.015733858041168485
1 0.44558493367004326 0.5272510188030628 0.010810766023804597 0.018032772956030913
1 0.5695028519433677 0.5420695804698749 0.013275442722235731 0.021850237172453844
1 0.7554402313341655 0.5675392118972302 0.01883820468397026 0.03171883035486063
1 0.9260247186505826 0.62514384220939 0.03182422723941034 0.05226398183471346
