0 0.026807222517259737 0.8056850656528616 0.053614445034519474 0.1354546077078773
0 0.38188235771286955 0.5992508709871018 0.026746470845408776 0.044411511657576674
0 0.4576693653511044 0.55732447304706 0.017517444945979753 0.027599501737346245
0 0.5048270592115237 0.5364761647267622 0.01140024194897098 0.020234142169230744
0 0.551602161451447 0.5274601369866043 0.010121190413232829 0.01614776818065635
0 0.6121833512905873 0.5234432251768432 0.008613021819788447 0.014004399114391167
0 0.6616536603622029 0.5215384173826858 0.007841142023438597 0.012720486770884328
0 0.7253778734814504 0.5208436242944496 0.007509700842873457 0.011262573986573758
0 0.8033651151553881 0.5203077683504251 0.007994072098363869 0.012460969067980917
0 0.8875666071325048 0.5203498756967835 0.00715990805331721 0.01227559928019296
0 0.9752111942173901 0.5226512609215265 0.007118199851064944 0.01153412012904019
1 0.05559183435331074 0.5018083963305936 0.006117202997008808 0.012456849739363549
0 0.050676817090245 0.506846136687262 0.007073711101995689 0.01397276267060866
0 0.2660447134937863 0.5060778348995469 0.006742826030793836 0.010215934971435558
0 0.3450916265655951 0.5058343138645017 0.005839148315326526 0.010084116455675168
0 0.46846464903528345 0.506990860429026 0.005071717393883723 0.008647294633886166
1 0.15125148883732875 0.5019321757190991 0.006940244854788213 0.011863666418441375
1 0.2229810153346405 0.5025219967780294 0.00631740236782008 0.010650936073445203
1 0.28612306272444726 0.5027345541346933 0.006005981124335947 0.009860024978882444
1 0.3672523296668562 0.5042250446937401 0.00569455988085199 0.008383657602365176
1 0.4209817667692096 0.5042771939131518 0.005561093633644365 0.009016386478015297
1 0.4825163500986859 0.5055340553416832 0.004448874906915456 0.00797238383319249
1 0.5528196237060299 0.5059847663986973 0.004938251146676187 0.008067293164540114
1 0.5965941832199274 0.5070544797963789 0.004393263970578954 0.007645473914106699
0 0.5389079257751448 0.5079976301596886 0.004615707715924788 0.007909110945627478
1 0.9983643640160025 0.5287332901783593 0.0032712719679947712 0.01178127984609108
1 0.9120029004914592 0.5267736322264689 0.007820287922312198 0.014211683730424604
1 0.8690456244737572 0.5284654533625842 0.00855018146172828 0.014335263588950048
1 0.8167070583856677 0.5298650809959232 0.009398248240858997 0.015356857086093698
1 0.7934295538955762 0.5348642362552981 0.010176801349569243 0.01595004040701545
1 0.7618448772813421 0.5393020404665546 0.009954357604223585 0.018981866269506202
1 0.7682957458963695 0.5490566106328286 0.011845129439662561 0.02214551064775713
1 0.7741951755977647 0.5717204486767865 0.018977232024811476 0.028917686894950775
1 0.8892389079823395 0.6276789882503949 0.03377251077561141 0.05310072046014627
