0 0.09534382238477498 0.5074487975150721 0.006851267356649826 0.013076396763437548
0 0.11142650517327457 0.5112188070658213 0.009565081049868352 0.014921855984084055
0 0.13863449027647637 0.5170365211948786 0.009898746667887015 0.015620494117614372
0 0.14915690490616776 0.5263711773002049 0.011622685694316792 0.019311412558907386
0 0.15863661447955074 0.5396686275355803 0.015348618428858507 0.024386425415685118
0 0.19020853645535643 0.5531769912178148 0.018740885545381624 0.029197801240941863
0 0.2546476614161001 0.5819253632473531 0.024655629977290518 0.03784633167341322
0 0.13863696551300758 0.6759512263297508 0.04942836062008445 0.07819282226849175
1 0.06872521307239529 0.5015001235231219 0.006655516860745603 0.011346937836660336
1 0.1384451566207143 0.50467255236965 0.006584334862234975 0.01059820866714092
1 0.2018681024114614 0.5076388760354706 0.006619925861490317 0.010882936661183475
1 0.24080527158022877 0.5108318183339579 0.00640637986595829 0.013023669357133477
1 0.26604074983933246 0.5134013731389909 0.006762289858511572 0.013751307564131223
1 0.309123727481564 0.5179837717384395 0.00855018146172828 0.015982995035955655
1 0.3553191674976757 0.5269279154908253 0.009520592300799224 0.0171364070488598
1 0.44033732723180546 0.5404553616819142 0.013257647222608249 0.02204005583514888
1 0.5464283921254864 0.5537717327574556 0.015126174683512694 0.026838249808829397
1 0.6367762599532946 0.5761648504556058 0.021462345742346223 0.03491131003343418
1 0.7851474570568744 0.6203555412852583 0.031226844134233555 0.05036522880007805
