0 0.17096522725741597 0.6290888416154565 0.029190310821131438 0.05057391060870464
0 0.3216648442275721 0.5972079096516094 0.020715073785325267 0.03658156905881704
0 0.41995482285481556 0.5824654688636879 0.016961335582615433 0.02968233726957692
0 0.5098343694819426 0.5723243815199863 0.014458843447475367 0.024121243635932488
0 0.5873899931240244 0.5667637281677564 0.012679293484709309 0.02085410112616637
0 0.6757749381883678 0.5620890749043337 0.011344631012634476 0.019463827717755455
0 0.7696850094614949 0.5589204839812001 0.010356980783299363 0.018462830863699486
0 0.8616547204288594 0.5569914611285192 0.00928702636818617 0.018560150002288167
0 0.9327816510787212 0.5481306132983217 0.0060504698734050065 0.012290016930354142
0 0.9355621978955433 0.5568337248349752 0.010454856031251403 0.016349615282914565
0 0.9714923494654133 0.552125624097328 0.008397251386803185 0.012651488016540924
0 0.9811964578561229 0.5554622802775147 0.008675306068485256 0.013346624720746547
1 0.9787495766573194 0.5459041505946884 0.006228424869681781 0.01327711105032603
0 0.7773357328835679 0.541564563150793 0.006192833870426462 0.011834007252395251
0 0.7053819598317954 0.5402778747673967 0.00562337788234144 0.011122187267288863
0 0.6440630127192737 0.5391392408459081 0.005338649888298708 0.012723782233778347
0 0.5832615620566621 0.5388201617439443 0.005694559880851724 0.011233409139961625
0 0.5137980517558167 0.5377016425702399 0.005238995090383636 0.011673847755746314
1 0.44107581498923504 0.533576350493282 0.004893762397607038 0.011122187267288752
0 0.4438644219525226 0.5362839488662826 0.006548743862979744 0.013035203477262503
0 0.3677650891926179 0.5365520463997864 0.005694559880851857 0.013068570039064253
0 0.27781269986740526 0.5360411996787575 0.008341640450466592 0.013033813203854105
0 0.1890059919890374 0.5371516796621357 0.007229421723737662 0.013763706743269877
0 0.07688285086202022 0.5370785357650155 0.009731913858877672 0.016509496724881778
1 0.16376297010582413 0.5318646400708642 0.007696553588963861 0.013735901275101603
1 0.27251762883131064 0.5314138873642309 0.006584334862234975 0.013402235657082984
1 0.36214042188716516 0.5323913257006099 0.006464771349111586 0.010687726827160238
1 0.5408689572141174 0.5346725335876963 0.006117202997008864 0.009940454870139281
1 0.6090011772516115 0.5354979788504536 0.005694559880851813 0.010621688840260823
1 0.6664510602334379 0.536282694369338 0.005658968881596493 0.010988721020081194
1 0.7152897438206924 0.5374509629053326 0.005472116135506066 0.01084413258560657
1 0.7884708833813254 0.5391703046633181 0.006005981124335947 0.01178951850332599
1 0.9158797674353008 0.5764374356219812 0.014528357117896106 0.024677352999296853
1 0.8846137539770128 0.587958019718646 0.017030849253035996 0.028131313498318433
1 0.8328191113582133 0.6032838875247308 0.021723022006423242 0.03497406543034154
1 0.8767259528539831 0.6402752280348594 0.028104159720810172 0.046500843982499984
1 0.9543910268524154 0.7131953186299079 0.044124888450547496 0.0810370547505248
2 0.8298802199056121 0.5430094487531182 0.008007974832447928 0.014403232511138953
2 0.8749481916335465 0.5430496363438303 0.008953360750167328 0.016752794571353702
2 0.918441355935926 0.5432557494255328 0.008480667791307716 0.012164892323597076
