1 0.01644639649540734 0.4959553880216689 0.008897749813831016 0.012760032325612593
0 0.024636818454555544 0.5097276342042767 0.010635591574344901 0.01680686075945872
0 0.05501429242833805 0.5165657197093506 0.01341613839116711 0.018948911640566102
0 0.07995042092728641 0.5238916881975614 0.01390273408411099 0.020843802804622703
0 0.1016068075637051 0.5347479213109819 0.015459840301531368 0.025572792057529152
0 0.11546959844110183 0.5552871834382022 0.016057657867148144 0.03204837664426171
0 0.12328825713676388 0.5876914958208213 0.02932607970867158 0.04473333420581993
0 0.0315069312646753 0.6752538641587867 0.052440732812381444 0.08065677615347931
1 0.04925632758138109 0.49851596269031584 0.008202613109625456 0.012110826135492053
1 0.10582411312490562 0.5026938317643386 0.01005445728962906 0.01339276120126261
1 0.14820674274389428 0.5065759429701523 0.009654058548006671 0.013867307858000307
1 0.2008175827290029 0.511696411451618 0.009253659806384262 0.015818221891255167
1 0.2615611085673427 0.5190756896438065 0.010766277274735447 0.016661860392122207
1 0.33151573430416903 0.5310579590277754 0.012234405994017594 0.020596643087571816
1 0.40283070576486457 0.5444536781396784 0.014125177829456704 0.02405687912628383
1 0.46655537071448394 0.5662100291451783 0.019811396069858045 0.031924796785736266
1 0.6607743056419594 0.6196175579153308 0.03204145745947447 0.05020431752595637
