0 0.03948229724603615 0.712936127421719 0.0602474438459399 0.09634562538034067
0 0.21690522139281293 0.6188773400894552 0.034648220100245285 0.05689822652941698
0 0.32117201459312666 0.572943456924368 0.02378670909703353 0.03604412540325065
0 0.3952606722460108 0.5518857024668915 0.018030108265331357 0.02780546816822188
0 0.47618641878996526 0.5406151336424769 0.014458843447475455 0.023150626830430784
0 0.5404780372079561 0.5345208601374664 0.01276827098284743 0.021038235115369414
0 0.607764859460565 0.5307299019753602 0.011289020076298062 0.017400044080380685
0 0.6702612275273867 0.5275089785262793 0.010343634158578752 0.015422766343973788
0 0.7445360925489548 0.5259328604406828 0.010721788525666298 0.014869128577779878
0 0.827826178614065 0.5247569548972222 0.008399475824256441 0.014046581039434508
0 0.9102182447744938 0.5239094307565169 0.009146886808618327 0.012823305213177604
0 0.9806204417876636 0.5240521955194092 0.009025877411149885 0.013329488313697704
0 0.9974255671679952 0.5184641667866786 0.005148865664009605 0.013202942538567679
0 0.10161756638689137 0.5080104937017674 0.007518598592687187 0.013392761201262714
0 0.26190732730961347 0.5076488394985509 0.005979287874894457 0.011515665536833808
0 0.348272920370822 0.507157100736187 0.00502722864481453 0.01070366347974938
0 0.4210862281588025 0.5075848827147947 0.005694559880851902 0.01071420896101011
0 0.5605460953811126 0.5081827555212987 0.004868848698128314 0.009549987829813778
0 0.6218758579518314 0.5096426587137061 0.005096631093362447 0.010123662010403328
0 0.6835461132519254 0.5099303109161512 0.005561093633644454 0.009820479424154179
0 0.737995201605495 0.5110121614112478 0.005839148315326614 0.010347753487196054
0 0.7934925248397346 0.51182523275392 0.00653428501953206 0.011616506701390382
0 0.8596671394922989 0.5136425769030502 0.006050469873405184 0.009227296103232216
1 0.04997136929506678 0.5033898579523606 0.00895336075016745 0.013577307123327281
1 0.24199919176666404 0.503613978946316 0.007285032660074098 0.01186366641844127
1 0.3237250485760385 0.5046861399075604 0.0069402448547882575 0.01058766318588019
1 0.41421779570460043 0.5052311575178885 0.006584334862234975 0.009490933134753101
1 0.49007379080699015 0.5050066608665079 0.006370788866702881 0.009322205434579733
0 0.49669371666848044 0.5081070323571939 0.00629960686819242 0.009701842759969808
1 0.6477027646243197 0.5063780489623971 0.005908105876383818 0.009912752385186515
1 0.7089029851031414 0.5085805709439651 0.005303058889043299 0.00852074885875614
1 0.7611930648545537 0.5087960959168589 0.004947148896489928 0.009448751209709654
1 0.8058177479062166 0.5097460542893442 0.005427627386436917 0.009596387947361455
1 0.8736296280935797 0.5113325828114155 0.005160694892022022 0.009744024685013149
1 0.9280207295807374 0.5356621310799484 0.011289020076297973 0.018190955174943336
1 0.8863377260339323 0.5406702048466917 0.012078000235571729 0.020493659872133946
1 0.8289525618751142 0.5474120461004879 0.010855254772873657 0.023358240992753514
1 0.8227809644310009 0.5625025885914595 0.0171281683916245 0.02814325311485822
1 0.8097351085268224 0.5829516438584069 0.02311329541483458 0.03583815897237491
1 0.9114397518942559 0.6304291187052798 0.036407784882765526 0.05396320488943805
2 0.9071289602652509 0.5140006105232854 0.008007974832448106 0.011270483097519306
2 0.9535527961347384 0.5128220191142068 0.005917003626197648 0.011494574574312032
2 0.9484143456172509 0.5147465694443095 0.007741042338033211 0.01312912416974183
2 0.9932694317295221 0.5153264061405107 0.00583692387787309 0.0110094824363135
