0 0.02936228831371639 0.4990429266698289 0.005516604884575232 0.009744024685013043
0 0.06543932715262105 0.5011250001262654 0.005352886288000713 0.009853697690125942
0 0.11530374077339953 0.5034510519491003 0.005637614282043324 0.010663590650958099
0 0.14359728527574528 0.5076480958203131 0.005374240887553982 0.012148394412484036
0 0.16829177339480106 0.5129317758427916 0.007118199851064877 0.013076396763437548
0 0.1767583212218048 0.5170521342924604 0.006717801109442423 0.015976404110167697
0 0.18080679738709787 0.5240912430340691 0.011255653514496245 0.018560047019072785
0 0.1961844489742901 0.534861038231535 0.011622685694316792 0.02135459955319437
0 0.20805513945269877 0.550034111511586 0.01673889183726964 0.026627340183612794
0 0.1845131130447902 0.5805931577670878 0.024764245087322646 0.039236605081824305
0 0.03623163124773901 0.6714323840258439 0.0479264173016716 0.07772014540075921
1 0.10626052411779296 0.4980995788858139 0.007118199851064877 0.011336392355399606
1 0.134955767267398 0.4996484464459993 0.006673312360373318 0.011006846065998423
1 0.1831318660310383 0.5012653733605102 0.005836923877873157 0.010967300511270263
1 0.21610224580139176 0.505254235760612 0.004982739895745292 0.009237841584493051
1 0.24948893669852484 0.5075662361411974 0.005872514877128499 0.010914573104966087
1 0.2855834435625004 0.5107917577833057 0.005516604884575216 0.011220392061530313
1 0.2981737769274891 0.5145612936112642 0.0052941611392294695 0.011494574574312032
1 0.3184897242927277 0.5181409110787936 0.00938434550677485 0.01631254132535684
1 0.35373877602789333 0.5250080249777191 0.008619695132148752 0.01614776818065635
1 0.4014968457216206 0.5350782146129041 0.010810766023804774 0.01935095811363544
1 0.46104341601265375 0.5487318683404824 0.014147422203991322 0.024254606899924626
1 0.5522428060067259 0.5729980882479166 0.02068726831715715 0.032493264134953286
1 0.6806790603678611 0.6131676852451398 0.028891619268543157 0.04904575635228051
1 0.9763533672204943 0.7512476707119582 0.04729326555901157 0.10402662448099147
