0 0.0026368151059615783 0.4944181651711858 0.005273630211923157 0.01293469185899512
0 0.09610749634956986 0.4996970204300211 0.007298935394158257 0.01145173355668979
0 0.11292980459134414 0.5028277101793321 0.008550181461728212 0.01375855758249787
0 0.14052729179496554 0.5069209711704389 0.00799407209836378 0.013923330727198566
0 0.154573397824319 0.5152149818837656 0.010079482210980428 0.01639492789770703
0 0.16930948134015153 0.5251979173302731 0.012581974346120428 0.02059664308757192
0 0.20124948019493946 0.5356522046407401 0.015640575844624815 0.02232676110692782
0 0.2613399911172997 0.5537361245275126 0.01946382771775541 0.030071098907854813
0 0.20308259140811846 0.6014698141219633 0.031566266353084085 0.050284773163017
1 0.06567004762322239 0.49449571454085534 0.006172813933345322 0.011270483097519412
1 0.13186313689987536 0.49597429605650456 0.006603798689952733 0.010463094688486552
1 0.192207261134216 0.4985214654080435 0.006094958622474245 0.011230937542791147
1 0.23068554666921298 0.5025240193059545 0.00711819985106481 0.0112704830975192
1 0.2544473421414414 0.5049427668982741 0.00684014516938265 0.012720486770884222
1 0.29449889836789855 0.5087580305323399 0.007674309214429353 0.013445488607566787
1 0.33293110534258114 0.5129767055190734 0.007855044757522833 0.01573583531890487
1 0.37118857372836106 0.5180114080902932 0.009314831836354332 0.016889247331809017
1 0.4114999160841262 0.5256274528409065 0.01000996854055991 0.019311412558907386
1 0.49961778497238624 0.5355647607013743 0.012251784411622868 0.0236861395507075
1 0.5655739857017188 0.5513016334580053 0.016183651394785413 0.02857784228400596
1 0.6577938122894065 0.5775670827050907 0.022591942886680184 0.03810378971200784
1 0.8268161597839316 0.6300120268672251 0.03638606186075925 0.056898226529417194
