0 0.0166127028409985 0.5138298647368856 0.011209079355314497 0.017713113055311768
0 0.12464740087888138 0.51407364531718 0.01007948221098045 0.017404163408998155
0 0.24131015105670425 0.5147171940780987 0.008328293825745892 0.015565130340995013
0 0.48413407805878156 0.5247822712130173 0.010948403091237324 0.017713113055311768
0 0.5530990724625646 0.5307646506762217 0.010752895893179648 0.018665707798111986
0 0.5913338371082636 0.5388879521273762 0.012734904421045546 0.020102323653470037
0 0.5600514906528039 0.5518262483989119 0.01530412967978929 0.027470978684479834
0 0.45118110209269435 0.5632357996559374 0.018681798925524174 0.03274866250923912
0 0.2660059638107783 0.585968515126901 0.027023439375990766 0.04273803440671137
1 0.06302555352334017 0.5075912563884214 0.01049656423350378 0.015653448746554468
1 0.14266344200332004 0.5070719152511938 0.009384345506774893 0.015818221891255167
1 0.2522760584623193 0.5084870166406424 0.007729920150765723 0.013379579349686591
1 0.5209363792461907 0.5173517988548115 0.008764283566623555 0.013867307858000307
1 0.6320862485018273 0.5224339604463663 0.009787524795214164 0.015488675601853982
1 0.7164028261875507 0.529579425707136 0.00984313573155049 0.0171364070488598
1 0.8151249974902232 0.5404172784788467 0.012929542698223172 0.020679029659922004
1 0.9137400845831405 0.5557911800287962 0.016405226219250578 0.027022795730894174
1 0.9622003906941874 0.5810606612959044 0.021618751500792576 0.03559099925532402
1 0.9470868017865506 0.6150656385778486 0.029000234378575306 0.049689401448766914
1 0.8726905957825555 0.6950427845940467 0.04785853285790172 0.08286930617265208
2 0.32020988235196696 0.5159501398566878 0.011300142263565372 0.01824368258124762
2 0.37452682171353235 0.5110905678866063 0.009175804495513251 0.015356857086093488
2 0.3899310510787274 0.5174837659009885 0.009731913858877705 0.017993227401302752
2 0.4373754905267425 0.5136020006544152 0.00900897168650383 0.014961401538812109
