0 0.07193410655854075 0.509848894288522 0.009520592300799213 0.015712767078646814
0 0.18920334737974231 0.5100131215417253 0.00750747640541991 0.01443412747577034
0 0.28243228013251853 0.508950760519581 0.005650071131782663 0.01254912270039578
0 0.37613342250428444 0.509148563467751 0.007129588970826539 0.011257512155568474
1 0.45110566667288027 0.5054408912167164 0.0053831386373676795 0.01128366494909543
0 0.4534234816116836 0.5096601272208297 0.006895756105719108 0.011652756793224563
0 0.5255273458270369 0.5100841827266444 0.006093179072511478 0.011237264831547649
0 0.5970795603522259 0.5109464835883555 0.005730150880107221 0.010461117410750165
0 0.6594488479460612 0.51161566079853 0.00583692387787309 0.010899809431200811
0 0.7214689938436184 0.5119998628871274 0.005609141482639135 0.011001046051304936
0 0.7961782421003368 0.5137909532214259 0.006228424869681781 0.01117821013648697
0 0.9592417095952385 0.520017431992251 0.006833471857022211 0.012401485962744084
0 0.9982303892223211 0.5239537312764592 0.003539221555357841 0.011336392355399396
0 0.9672094259316729 0.5293846541257903 0.010276901034974983 0.015449130047125928
0 0.891377528007884 0.5294974155170787 0.010677299776597237 0.016147768180656247
0 0.7969759004327563 0.5312964415368199 0.012011962248671982 0.018190955174943443
0 0.69885983048344 0.5350977884792208 0.011878496001464355 0.019403685519939616
0 0.6076299373623504 0.5400237717503585 0.01379151221143804 0.02172369139732382
0 0.5262854946377132 0.546283899004132 0.015293007492522114 0.025704610573289648
0 0.43049415803695384 0.5575690265361399 0.018681798925524174 0.03027706533873045
0 0.3231208404343846 0.574385384125 0.023808432119040025 0.038309756142883476
0 0.148312815904855 0.6134067335480192 0.03638606186075914 0.0554822073171465
1 0.05867257203518846 0.5041561130618127 0.008133099439204882 0.013346624720746495
1 0.16473868908818298 0.5044000666217268 0.006450868615027439 0.012193212707842559
1 0.27740558190502834 0.5043671879856506 0.006228424869681737 0.011758211605833022
1 0.3692010774858691 0.5047279387927471 0.007189381849575405 0.010545481260836743
1 0.5528388519634766 0.5062405638270723 0.006264015868937101 0.011051664361356841
1 0.6224132822026882 0.5077201940216091 0.0063618911168891405 0.010018207197794868
1 0.6811797491461539 0.5088906379699176 0.00640637986595829 0.009997116235273303
1 0.7312902409802133 0.5098958868419036 0.005730150880107221 0.009448751209709758
1 0.8064763692997563 0.5103156063118575 0.005084103061624568 0.011187321432296504
1 0.9588898792862054 0.5500505151800685 0.016161928372778966 0.023995089197021
1 0.9321618730095022 0.5622128329232796 0.017725985957241796 0.02891768689495088
1 0.8840295214592097 0.5799350213744519 0.022911705770614965 0.03512963445016245
1 0.9535809542987232 0.6241239102728908 0.033127608559795615 0.05084796262244309
2 0.9412086291349823 0.5147938530456243 0.008363884825001121 0.012443667887787425
2 0.8941772369975748 0.5131519694361429 0.005694559880851635 0.012781123288134263
2 0.8988574533996498 0.5160625222641338 0.007580882841383918 0.014046581039434614
2 0.8507464153380926 0.5147038969172998 0.007573764641532854 0.013261997233628356
