0 0.004407840998447532 0.5148976632945299 0.008815681996895064 0.019463827717755348
0 0.034188171700397584 0.5237027282144666 0.013555165732008184 0.02100857594932319
0 0.06825367173532057 0.5379613175812983 0.01744793127555926 0.026034156862690727
0 0.099740105982531 0.5579699908732297 0.022869997568362534 0.033696108091267524
0 0.09890276833973827 0.5973653751547938 0.031172536579217546 0.04981813046806438
1 0.001954289552425585 0.49766661580837684 0.00390857910485117 0.01059820866714092
1 0.04550555948451124 0.5000657127952173 0.008630817319416072 0.012970941950829195
1 0.09898930028753142 0.5057818840658794 0.009832013544283248 0.014658218952563066
1 0.15930673353595246 0.511562761587794 0.01051394265110892 0.016168364823743925
1 0.22799072173790097 0.5217057457988517 0.0118784960014644 0.018296409987551797
1 0.2940597107840535 0.5313061806647578 0.013958345020447415 0.02135459955319437
1 0.3505186101252627 0.5467506897242985 0.017628666818652716 0.025704610573289648
1 0.49294695614993617 0.57601542980778 0.022452915545839235 0.035673385827674424
1 0.6593172709761022 0.628566881145394 0.031802504217403896 0.05293337273505977
1 0.9081955911084135 0.7649522540626659 0.06703588822294719 0.10760941456885649
