0 0.02307799154376311 0.5413715052768253 0.011171033059226922 0.019270032027166484
0 0.07647552956686796 0.5505876075506876 0.013852080993441387 0.022621341944934592
0 0.13110188122648775 0.5603622614775112 0.015416025621733248 0.0259726518627027
0 0.18293547462130086 0.5762809835869096 0.016309708266471323 0.029882513433432067
0 0.20427214776442432 0.5973663084862004 0.022342066118453935 0.0379815124013716
0 0.1895559583180748 0.6315202607983494 0.031069435695975006 0.0528005859440025
0 0.08412933382162041 0.7026483228551461 0.05271331224822717 0.08160090554982191
1 0.09259298615440971 0.53249386471352 0.010009245621067336 0.014522342976995062
1 0.1623002324439859 0.5391964845490561 0.00965177256317204 0.017203390911209482
1 0.22441117625328774 0.5466810766987381 0.010902928265805467 0.019661018184239376
1 0.2786614641941605 0.5565923361187868 0.014400159802909818 0.022909345140992632
1 0.3894990578286779 0.5691379298864732 0.013527422845157566 0.026182108732563214
1 0.4876819655757899 0.5852290175450277 0.017891107633918157 0.031091254119918754
1 0.5734283716749342 0.6116838565768884 0.024436634817058933 0.041455005493225006
1 0.7962618104337983 0.6853221027399542 0.043091387289010186 0.07500083230682142
