0 0.2483794800790555 0.561548564536652 0.010981572338542522 0.019732512795818336
0 0.25678724640075207 0.57377414311667 0.015214053344022371 0.024165178713719593
0 0.23533502375715948 0.5878109061595844 0.018152928721243772 0.02932396178047081
0 0.17734488530811995 0.6172139534574024 0.0242969969038187 0.04084408962279851
0 0.0578601664956687 0.6918239009605487 0.04678607381733195 0.07120863313273629
0 0.17847328169391083 0.5461423653227686 0.006791988100009971 0.01295839834870327
0 0.23227297690714782 0.5518395921829744 0.007506934215800509 0.015416025621733165
1 0.28532314760777655 0.5439396741152049 0.0068817853321532785 0.012537295086502698
1 0.34152665927361586 0.5476603609979692 0.00823617925390685 0.014298922315810536
1 0.37807470471282756 0.5520930269158705 0.009494484417698124 0.0157288145473915
1 0.41759692599372766 0.5576696066190365 0.011896703366754358 0.019446534349502387
1 0.46557347659486664 0.5664872811532443 0.011260401323700653 0.019884438845424013
1 0.4782637701501485 0.5758709489229951 0.014477658844758046 0.025246534713852853
1 0.5054317225501884 0.5910635538835436 0.018409862481605976 0.02926810661517465
1 0.5706954858927323 0.6149617236341849 0.02323574876319201 0.037534671079002435
1 0.7057210443120153 0.6821465632386723 0.04189137397210119 0.06807348270466418
