0 0.7810444563366383 0.5547347976243958 0.007321048225695015 0.012592202948195519
0 0.7432165410926526 0.5609434348303759 0.010500771075673265 0.018152928721243633
0 0.7016602981123283 0.5690424337983154 0.012734977687518856 0.019828583680127743
0 0.6301656865332759 0.5821683976429071 0.013181819009887907 0.02429699690381859
0 0.4646153743716086 0.6115610823501535 0.020072950028298342 0.041455005493225006
0 0.2403219762293174 0.6541070090405687 0.03403674135233212 0.05781882345107703
1 0.9041911322339431 0.5691877609400926 0.011869222625428777 0.019200213070546424
1 0.9373551366285231 0.5615513125597617 0.009076464360621928 0.01701837067616596
1 0.8924964570000651 0.5790060517148037 0.012916506974731234 0.022254792422678693
1 0.8671870852252539 0.5982062647853501 0.018152928721243966 0.030109425042447513
1 0.8931946465662666 0.6230792680812851 0.024087540033958077 0.040582268535472976
1 0.9070531728734559 0.6882881896327863 0.04021571901321708 0.06814330166128424
