1 0.4096614122582146 0.5546055171954589 0.00893682644738153 0.01501107567333626
1 0.45839504397909225 0.5629837919898792 0.010333205579784788 0.020596592202949626
1 0.47184831909231884 0.5741757707360923 0.013440986976861913 0.021805856531611045
1 0.49994570144288647 0.5881172199940076 0.01815963134107934 0.030385209921097278
1 0.5691126274181837 0.6145093467390217 0.021984593060558555 0.0379815124013716
1 0.7193008634204481 0.6937061185071747 0.04146687471585031 0.06970724628957614
0 0.22009239378100331 0.5492358709591504 0.009830509092119716 0.01675654958884043
0 0.23595526072510564 0.5576141457535706 0.010724191736857819 0.02066641115956991
0 0.2425461702300495 0.5708797475114026 0.01541602562173311 0.02541410020974144
0 0.21986897311981884 0.5873570212737624 0.018320494217132194 0.03155816839231618
0 0.1516218737157505 0.6192011069014882 0.02725732066451375 0.04552195971634976
0 0.01816835683989746 0.7060578768851751 0.03633671367979492 0.0862962303825282
