1 0.8241391772973332 0.559605405919366 0.008579353389486344 0.014522342976995173
1 0.8011715333275626 0.5642972398042414 0.008043143802643371 0.01630970826647138
1 0.7699820090262011 0.5680953910443785 0.009294299505276937 0.017203390911209593
1 0.7756122096880514 0.5771439278223522 0.012690293555281729 0.022342066118454018
1 0.7752547366301561 0.596916656337184 0.015192604960548639 0.028374423970436435
1 0.8752198857462467 0.5581622245630389 0.008043143802643593 0.014969184299364113
1 0.8627967874288377 0.6425194686553252 0.02541410020974122 0.04677870093551273
0 0.6764859471329738 0.5521938054578767 0.007321048225695015 0.012079729572396669
0 0.6293213942471823 0.5532248806382103 0.008121787875380204 0.013869954646336224
0 0.22214279721676605 0.744996557578986 0.05725154442853819 0.09600106535273167
0 0.43229785664347314 0.6175769617471785 0.021643876552252306 0.040145900056596795
0 0.4902339166228318 0.5841669887139195 0.014298922315810536 0.02876541012750944
0 0.5297793736524952 0.565315870426474 0.009383667769750637 0.01954930785364717
0 0.5713356166328195 0.5566583198055731 0.009383667769750526 0.01675654958884043
