0 0.005731138958697881 0.5407909539706364 0.009608875796224653 0.01844560978739551
0 0.04668325247117915 0.5493703073601226 0.012125486123807275 0.021019415804241492
0 0.10625490321936272 0.5741686320205082 0.015639446282917746 0.03002215134667252
0 0.10206576582215263 0.6036671411925294 0.024017721077338003 0.03735314179179006
0 0.019676577554349574 0.7040883976429071 0.03935315510869915 0.08160090554982191
1 0.014541765678330027 0.5284232908479546 0.007864407273695796 0.012064715703965279
1 0.059315266179711654 0.5326682834104608 0.007328197686852861 0.013405239671072433
1 0.12795009329560209 0.5375835379565206 0.008758089918433937 0.016086287605286853
1 0.17963361629776614 0.5430936426833572 0.010724191736857874 0.01751617983686793
1 0.23861667085048438 0.5497962625188935 0.01086718096001596 0.019482281655291755
1 0.30757761396610933 0.5621778980893593 0.01229936101916762 0.021505579162979016
1 0.37572269881740605 0.5756016998762612 0.015639446282917746 0.026182108732563325
1 0.4335327948989055 0.5965473868623117 0.02234206611845385 0.03595676265938674
1 0.6094137614701871 0.6473025129273895 0.03235131173952144 0.05339753802310476
