0 0.062354146350172245 0.533423298390123 0.006172813933345267 0.014319816106634242
0 0.08262433264480602 0.5368294682407302 0.006450868615027505 0.014180788765793095
0 0.11145860313525216 0.5407222337842814 0.008174807641457237 0.014597870788316647
0 0.13243083622739185 0.5472261945682153 0.008862158814575683 0.015971460915826685
0 0.15584659213913304 0.5551577315169787 0.011745029754256953 0.018129165245680645
0 0.19201641251675175 0.5622081703891058 0.013702534713299764 0.019797493335774075
0 0.25186668303373894 0.573921449782884 0.015501548503783802 0.025024921351399776
0 0.23919077358855184 0.5987814331498115 0.021315715343802923 0.03479077743216252
0 0.1838585877493388 0.6477808754581849 0.03139655524365885 0.05409541612927704
1 0.1483296075320109 0.5329314786181538 0.006264015868937012 0.011522586008911095
1 0.18577102593709527 0.5358933257766423 0.006562090487700378 0.012512460675699888
1 0.20911458538519795 0.5378255885841137 0.006228424869681737 0.012999056368643624
1 0.24799232623776 0.5412072143897984 0.006139447371543349 0.012568071612036325
1 0.28912467442712486 0.54631776109153 0.007674309214429265 0.015014952810839866
1 0.3550609032879268 0.554617809817252 0.008897749813831003 0.01562667311054078
1 0.42926190923782637 0.5615553428930271 0.010054457289628971 0.018796496481718106
1 0.479787913598482 0.5715580537332461 0.01323540284807372 0.02168826517121314
1 0.54140092112744 0.585460568518783 0.014806411799578178 0.02763168399217053
1 0.6317082258820209 0.6092648078494564 0.020419640686037965 0.036168831640694954
1 0.6833131553461083 0.650754138187772 0.03071771080595802 0.051549749487899144
1 0.8295431747717675 0.7435352300027818 0.05144368004450861 0.08916462585034013
