0 0.0715961261004762 0.5508670637200785 0.009294299505276798 0.016265024134234363
0 0.11141862475000845 0.5599826266964079 0.012297073191597008 0.02091217388687283
0 0.12357270871844739 0.5725835519872158 0.016586749886340194 0.023950694878982492
0 0.12756476956500357 0.5926826241235819 0.021269646944768128 0.03172573388820443
1 0.09244074878316766 0.5397431128083365 0.0069707246289576336 0.012064715703965057
1 0.14740223143456427 0.5438763950402505 0.007506934215800509 0.012734977687518745
1 0.20486602549122773 0.5493502012392717 0.008758089918433937 0.01563944628291769
1 0.24828771414496426 0.5540001991716987 0.00959057317566045 0.017295976433204352
1 0.32002472052056297 0.5627603744964571 0.013002181648834266 0.019547198762605578
1 0.3756241497505721 0.573712125980432 0.013997844207528753 0.024086248662536613
1 0.4504151661058033 0.5887079302992978 0.017158706778972577 0.03150231322702002
1 0.5542140867845919 0.6268676515305789 0.02573806016845881 0.04575655141059365
1 0.7150870459766288 0.6896571295402338 0.044125580583946444 0.07296080966807605
0 0.01415519525918033 0.7015921696574228 0.02831039051836066 0.08181908978926
