1 0.945019143056897 0.6201305815627396 0.02181842394380229 0.04022771914638612
1 0.9635648034091292 0.5816074267869631 0.01418197556347156 0.023182075440290273
1 0.9932370742750609 0.6020621992342781 0.013525851449878168 0.032727635915704045
1 0.8299269567533383 0.6525173046043218 0.030545793521323916 0.05318240836301891
1 0.9482919066484674 0.7377455231348007 0.054546059859506335 0.0845463927822353
1 0.8568233308668645 0.5680946127402873 0.010724191736858124 0.01769491636581544
0 0.7016657029450344 0.5664505435296469 0.00983050909211991 0.017650232233578533
0 0.7214160893937478 0.5743819770016979 0.01286903008422946 0.022342066118453907
0 0.6890647776542265 0.5838773551020409 0.015371341489496149 0.025246534713852853
0 0.5311993950927191 0.5933308418284118 0.019214176861870325 0.03239599587175812
0 0.3250909246813196 0.6152660074995506 0.02310705846234984 0.041895842385324844
0 0.01857534374271741 0.6626929453673802 0.03715068748543482 0.06327342943702752
