1 0.8616574275577455 0.5611916926137763 0.00786440727369564 0.013941449257915295
1 0.8296278415703302 0.5631577944322002 0.00786440727369575 0.015371341489496149
1 0.8211199827924229 0.5678943124493125 0.009151310282118685 0.01769491636581544
1 0.8007440184923931 0.5785291359216965 0.011582127075806525 0.0207334373579251
1 0.8159723707587312 0.5958665792296167 0.016014792993707783 0.027167952400039996
1 0.850496057742118 0.641035044511769 0.024576272730299165 0.04580123554283044
0 0.7251913279703748 0.5527925028724174 0.0066346999545360275 0.010867180960015932
0 0.6734864248764039 0.5551518250545261 0.008007396496854002 0.012440062414755149
0 0.5597348833505342 0.5836737857975165 0.014969184299364113 0.02485554855677996
0 0.5999506023637513 0.5695703565602424 0.011394453720411368 0.02010785950660865
0 0.6354744874920929 0.5595164268069381 0.009607088430935162 0.015639446282917913
0 0.4707760586476677 0.6142151602357093 0.02323574876319201 0.03909861570729434
