0 0.026807222517259737 0.8497459676807524 0.053614445034519474 0.14286228156690184
0 0.38188235771286955 0.632022402994209 0.026746470845408776 0.0468402662013504
0 0.4576693653511044 0.5878031551668211 0.017517444945979753 0.02910884948860737
0 0.5048270592115237 0.565814704985257 0.01140024194897098 0.02134069681911055
0 0.551602161451447 0.5563056132280593 0.010121190413232829 0.017030849253035996
0 0.6121833512905873 0.5520690265537018 0.008613021819788447 0.014770264690959434
0 0.6616536603622029 0.5500600495833015 0.007841142023438597 0.013416138391167065
0 0.7253778734814504 0.5493272599980523 0.007509700842873457 0.011878496001464511
0 0.8033651151553881 0.548762099432089 0.007994072098363869 0.013142428313886123
0 0.8875666071325048 0.5488065095239514 0.00715990805331721 0.012946921115828514
0 0.9752111942173901 0.5512337517531725 0.007118199851064944 0.012164892323597076
1 0.05559183435331074 0.529251043004923 0.006117202997008808 0.013138083709484993
0 0.050676817090245 0.5345642847873466 0.007073711101995689 0.014736898129157572
0 0.2660447134937863 0.5337539664956159 0.006742826030793836 0.01077461891518594
0 0.3450916265655951 0.5334971279039666 0.005839148315326526 0.010635591574344905
0 0.46846464903528345 0.5347169231087383 0.005071717393883723 0.009120193559176815
1 0.15125148883732875 0.5293815915787373 0.006940244854788213 0.012512460675699888
1 0.2229810153346405 0.5300036684768279 0.00631740236782008 0.011233409139961736
1 0.28612306272444726 0.5302278500639342 0.006005981124335947 0.010399245094915077
1 0.3672523296668562 0.531799851825429 0.00569455988085199 0.008842138877494521
1 0.4209817667692096 0.5318548529552773 0.005561093633644365 0.00950947011353176
1 0.4825163500986859 0.5331804489931815 0.004448874906915456 0.008408373574070205
1 0.5528196237060299 0.533655808311126 0.004938251146676187 0.008508473259475902
1 0.5965941832199274 0.5347840216602433 0.004393263970578954 0.00806358576878441
0 0.5389079257751448 0.5357787505590466 0.004615707715924788 0.008341640450466481
1 0.9983643640160025 0.5576483919849884 0.0032712719679947712 0.012425568587674185
1 0.9120029004914592 0.5555815652388539 0.007820287922312198 0.014988885184432199
1 0.8690456244737572 0.5573659078433505 0.00855018146172828 0.015119223316470753
1 0.8167070583856677 0.5588420776128877 0.009398248240858997 0.016196685207989447
1 0.7934295538955762 0.5641146241755097 0.010176801349569243 0.01682230824177411
1 0.7618448772813421 0.5687951208045693 0.009954357604223585 0.02001993708111982
1 0.7682957458963695 0.5790831440268114 0.011845129439662561 0.023356593261306346
1 0.7741951755977647 0.6029864107137982 0.018977232024811476 0.030499122897018394
1 0.8892389079823395 0.6620051829203384 0.03377251077561141 0.05600466611031052
