0 0.06108250127722938 0.5274143424844397 0.0068512673566499035 0.012846126293718507
0 0.08012368587882779 0.5293051143198788 0.007296154847341407 0.013624679402428841
0 0.10774694133845979 0.534219079127952 0.008541839821277741 0.014959341874503429
0 0.12678475887164722 0.5406624804541648 0.010677299776597215 0.017795499627662137
0 0.1464099423701155 0.5492922389993355 0.01181732397149433 0.020158964421960968
0 0.17999488757903448 0.5567855485577575 0.012545827237501684 0.02068726831715717
0 0.23756911839930836 0.57008475620667 0.014597870788316536 0.025633165967579585
0 0.21220905154901581 0.598646881356264 0.022130328669043832 0.038354710730091335
0 0.11926212193416638 0.6614542449250376 0.03638606186075919 0.06177484383076637
1 0.027447447402477575 0.5216950625700678 0.00640637986595835 0.012901737230054944
1 0.0918651575365895 0.5243158365600329 0.006361891116889173 0.012679293484709198
1 0.14996517866081782 0.5268841626044635 0.006430014513901372 0.012925198093821866
1 0.1861574711652798 0.5292637024350472 0.007429621094548855 0.01295734816639138
1 0.20979431164003343 0.5314094888701268 0.0068904174558307215 0.013417806719257075
1 0.2488618841913668 0.5363188223299082 0.006264015868937012 0.01192298475053355
1 0.284374599649211 0.5400649007235219 0.007162688600134049 0.014903730938166992
1 0.32016020922180743 0.5443494682818408 0.007474109843618004 0.014403232511138953
1 0.35472125741434984 0.5498325292140775 0.009680751797448294 0.01815140962021522
1 0.4309617685981054 0.5577468341316746 0.00845286232313942 0.020297991762802114
1 0.4823388210199219 0.5682818900539881 0.011622685694316726 0.02398221629509123
1 0.545712716918949 0.5860671795696166 0.016943957165010202 0.030276461921452724
1 0.6424339486846723 0.6148017750428989 0.023243633546872998 0.03991605293680289
1 0.6998939969147511 0.6703052171054296 0.03791982601218935 0.06297873201325144
1 0.8931603821662494 0.8147790627924032 0.07192834129934482 0.12388579521027743
