0 0.03037438569986405 0.5440200047125665 0.008931678835347893 0.01720446333038317
0 0.05830418468089038 0.5521646708636522 0.011494045714341122 0.021414066060157833
0 0.08066998701038855 0.5607669025288438 0.014056412593334344 0.02415945914479345
0 0.09406773022554368 0.5749373452102409 0.01601479299370774 0.02722514808930321
0 0.0982315764039077 0.6014761450283852 0.02232919708836968 0.0398081997272165
0 0.07822704377667547 0.6511715965455938 0.03703420879794916 0.05916179108166597
1 0.12173234020441442 0.5360696921796457 0.009115562976329206 0.013852080993441374
1 0.16498658020974122 0.5404263950727443 0.008400616860538723 0.014969184299364224
1 0.2169989101335019 0.5467938839165036 0.008400616860538668 0.016979970250024956
1 0.2795365971137741 0.5548663836462815 0.011347624749827201 0.018668672975522216
1 0.35246035316447344 0.5699617752198424 0.013177886806251038 0.02367901535498218
1 0.4291912019770812 0.5867366718156942 0.01670114126486666 0.029455779970569695
1 0.5024326847235075 0.6167621561141257 0.02341448529213963 0.04110940165795507
1 0.7558622200619237 0.7001427998801477 0.04719761467523376 0.07540447314978194
