0 0.03244399320837635 0.537455856710058 0.007149461157905254 0.013405239671072433
0 0.08572982090088888 0.5434602869793925 0.008713405786197018 0.015918722109398376
0 0.14147327586643138 0.5518385617738129 0.01027735041448885 0.019828583680127854
0 0.17543321636648132 0.564824887705164 0.011617874381596005 0.022900617771415166
0 0.17621518868062722 0.5835363680793693 0.016756549588840375 0.029603237606951383
0 0.15880996371142247 0.6076255018810135 0.022691160901554763 0.037527689183340596
0 0.10871486233645161 0.6495168758531146 0.03700404700868927 0.05410969138063049
1 0.17580527884635588 0.5381193617029925 0.006507181936540901 0.012781964518205347
1 0.2313262823745657 0.5436675502881962 0.007684172217689439 0.013939275821723274
1 0.3081855854685889 0.5524642193987417 0.008579353389486288 0.017650232233578644
1 0.2752841282784837 0.5490027910225923 0.008785257870834007 0.01544283610107533
1 0.36972887593301595 0.5609247813563273 0.011260401323700764 0.020107859506608428
1 0.41968573577387885 0.569973318134301 0.015013868431601018 0.024799693391483912
1 0.48838731431234794 0.5874678776176049 0.017315101241801745 0.030371246129773155
1 0.5942328525485234 0.6150463654825714 0.020666411159569797 0.040145900056596906
1 0.794171196324533 0.6988661237806707 0.044684132236907814 0.07540447314978205
