1 0.9894676943769352 0.7273711702233914 0.021064611246129572 0.0829449204647601
1 0.8229549134733829 0.5781062609448347 0.00977465392682364 0.02199297133535305
1 0.828582209666638 0.5940989911482508 0.015099661965495947 0.02759692006951442
1 0.840634337623641 0.6140566928794224 0.017295976433204574 0.036376458371421894
1 0.851240103499018 0.640981834380371 0.023459169424376425 0.0466390630222725
1 0.8346170700973015 0.5722574155793456 0.009059797179297613 0.018874577456869934
0 0.08277806768984919 0.7237224010387189 0.053620958684289365 0.08489985125012478
0 0.33058883590238697 0.6486633152445316 0.027648306821586754 0.0541096913806306
0 0.4752029009554882 0.6099123667476778 0.017873652894763115 0.038400426141092625
0 0.5507190844358627 0.5847603108632548 0.016086287605286742 0.026810479342144644
0 0.6247071076850554 0.5632730796857071 0.008722342612644374 0.01805238942371068
0 0.5949653492681695 0.5707800139015076 0.011582127075806414 0.02091217388687283
0 0.6433672013071882 0.5585365616685949 0.008007396496853891 0.016443760663182094
0 0.6666350718295212 0.5538792700933488 0.008012155178200642 0.01358786550688984
1 0.8422685770990106 0.5650337111362673 0.011104565948734213 0.018097631213917942
1 0.8519206470797669 0.5599382615711836 0.009792634106689513 0.01669198995458454
