0 0.18651672004527747 0.6772952025834804 0.03874952092419351 0.06894621966241632
0 0.2785031953923494 0.622749142723974 0.025833013949462358 0.04363684788760536
0 0.3500676259280221 0.589585138329394 0.017454739155042198 0.034036741352332034
0 0.4799653992609114 0.5649772459300195 0.011617874381596005 0.02122496281253128
0 0.5380547711688916 0.5596710052268868 0.008936826447381474 0.01787365289476317
0 0.5997188736558243 0.5565989711355994 0.008936826447381585 0.016197997935879282
0 0.40895256575556804 0.5739507477843989 0.013047766613177136 0.025693376036222126
0 0.7287422054665917 0.5523783035589439 0.008266564463828008 0.01452234297699495
0 0.6581412765322774 0.5544728722575489 0.009607088430935384 0.015918722109398487
1 0.8961206322335786 0.561706310483737 0.01072419173685768 0.019549307853647058
1 0.8537824169391084 0.5663143616206681 0.010500771075673376 0.020387135333089224
1 0.7961398863534974 0.5710620506708397 0.012288136365149582 0.02317989359789585
1 0.7850805636248627 0.5839087386889505 0.012958398348703382 0.02541410020974133
1 0.7648609937876619 0.5999670987115893 0.01675654958884043 0.03183744421879675
1 0.8296637720145154 0.6337240656523622 0.02485554855678007 0.046429606152411984
1 0.990516990112195 0.7204505323434429 0.018966019775610077 0.06667710357226098
