0 0.2097659457762095 0.5450844636292784 0.00965177256317204 0.01630970826647138
0 0.22737149387755115 0.5540212900766599 0.01161787438159606 0.019884438845424124
0 0.2239754998275462 0.563181537185226 0.01161787438159595 0.022565486779638544
0 0.20315269420514714 0.5783741421457747 0.016801233721077335 0.027480741325698332
0 0.18444797140593283 0.6076453455671341 0.0200184912421347 0.04066256033558613
0 0.11134529834537432 0.6733839569064823 0.03954589339814228 0.0656257282684688
1 0.3123084252151651 0.5385027111286804 0.007028206296667228 0.012628808189323881
1 0.3488954242833838 0.5427380911808768 0.008400616860538723 0.014745763638179699
1 0.3906304037926557 0.5483236077104902 0.008936826447381474 0.016533128927656016
1 0.4022482781742517 0.5554730688683954 0.00929429950527677 0.019214176861870325
1 0.42602023652428667 0.5634045023404466 0.012154083968438811 0.021224962812531167
1 0.47365352148883044 0.5759160593667807 0.011975347439491302 0.025693376036222015
1 0.5487891218093951 0.6040617615149318 0.02127679640592617 0.03531833812005192
1 0.6833727456243964 0.6562903297133534 0.037034208797949164 0.05862558149482311
