0 0.047442796018244436 0.6699560131837403 0.0395454570296634 0.06618837087591978
0 0.28559880049805264 0.6161216950294638 0.02305701223424439 0.04222650496387792
0 0.5436600292812197 0.5776426901754503 0.014120185786862915 0.024576272730299276
0 0.6179250570589606 0.5680356017445151 0.009294299505276937 0.021448383473715804
0 0.46086349741771837 0.5899045096008257 0.01658674988634018 0.030206473392149658
0 0.6732881534853687 0.5600263105902721 0.00983050909211991 0.017650232233578644
0 0.7121633485314786 0.5535471114159204 0.007149461157905046 0.014969184299364002
0 0.7411186662209948 0.5496372498451909 0.007149461157905268 0.014745763638179588
1 0.8766667054481498 0.5590814048425504 0.009488078500500818 0.01625272706104286
1 0.8562263388020096 0.564828427699721 0.010659446216611856 0.021304250336772412
1 0.837274351942322 0.571867013726484 0.011896703366754302 0.02310705846234984
1 0.8144875893398463 0.5798172145340746 0.013726965423177973 0.026881973953723826
1 0.8156037084371962 0.5979093318456945 0.015959203617877726 0.032675271698238695
1 0.7759947094138283 0.6368683096397485 0.030385209921097278 0.04859399380763729
1 0.856191856177381 0.6975245890068915 0.04719761467523398 0.07365899923427788
