0 0.03341431647634584 0.5522093045244199 0.012288136365149645 0.022691160901554652
0 0.0667877777407864 0.5665221906315543 0.015360170456437096 0.027578487864966528
0 0.09932341152578487 0.586246045876752 0.022900617771415194 0.03560766787628589
0 0.09943717732646012 0.6295143613837333 0.030473863239455348 0.05124733757986488
1 0.907497419848853 0.8062889103439093 0.07191130938509172 0.12484602323800653
1 0.659394240436795 0.6624187022672041 0.03272763591570371 0.05509152045810162
1 0.49182874454839065 0.6078726424076976 0.022254792422678638 0.037636781303059585
1 0.35000898891367327 0.5765086579884813 0.017018370676166128 0.027273029929753223
1 0.2930629024203484 0.5606903006292243 0.012218317408529467 0.022909345140992743
1 0.15908016075533526 0.5396759309491628 0.01029522406738359 0.016265024134234474
1 0.22828694476385808 0.550221386157073 0.010295224067383618 0.019482281655291755
1 0.04510128399741672 0.5278459366567896 0.007549830982747946 0.013297997753703883
1 0.09857925345854796 0.5330650433020605 0.007893005118327426 0.01601479299370767
