0 0.26473853191076036 0.6214827954998661 0.025511517044343623 0.04535766994941215
0 0.4598774136378202 0.5937012319037808 0.019550719805781026 0.03343308855676108
0 0.5482316328770449 0.5806081523984323 0.01508446648126025 0.026502086847836615
0 0.6276369419873252 0.5701156928726703 0.01398962617213666 0.022700557996712556
0 0.6861903702696492 0.5616027799705721 0.010399245094915077 0.018143067979764838
0 0.7271245725586846 0.5546590051247077 0.009716342796703614 0.015882483417688276
0 0.7562226844222172 0.5513565092604299 0.008230418577793585 0.01395834502044746
0 0.7762351231573904 0.54867729227999 0.008185929828724436 0.012067573185008396
0 0.8015642368736273 0.5462480338827893 0.006406379865958378 0.011033209769150454
0 0.8303250835496925 0.5434173096005099 0.006717801109442334 0.012123184121344832
0 0.8693792721093135 0.5434704962666834 0.007368449064578719 0.011122187267288641
0 0.9054126016271192 0.5420293904033959 0.006742826030793836 0.011122187267288752
0 0.9484425465841895 0.54231789144028 0.006005981124335769 0.009787524795214053
0 0.038530706587401244 0.542291129420833 0.010427050563083235 0.01640088161484965
0 0.13392328466198342 0.5396578918469921 0.007855044757522679 0.0132075973799054
0 0.2118170559567849 0.5367564957071902 0.006178597470724245 0.011851802752023022
0 0.28958246864011106 0.5358058593859659 0.005836923877873134 0.010250207785533316
0 0.3662946416970471 0.5336135022725068 0.005427627386436961 0.010677299776597149
1 0.4317342276516582 0.5303331706510628 0.004662420902447462 0.009743036046145015
0 0.4359496210897338 0.532388418007752 0.005227428015625613 0.009940454870139392
0 0.5064623102691229 0.5322034719669608 0.00476029615039959 0.009175804495513251
1 0.9941808540979415 0.5475904708950963 0.007855044757522656 0.01564057584462486
1 0.9556355238497438 0.5504579097999442 0.008341640450466592 0.01442408661226513
1 0.9367625623305631 0.553629471012882 0.008828236143410528 0.015379899580547862
1 0.916429813732551 0.557018262445884 0.010148995881401213 0.01624882046080467
1 0.8958246227992461 0.5605717440851394 0.010588322278458939 0.01723939026429766
1 0.875528173371006 0.5665307491743872 0.011956351312335477 0.02029799176280178
1 0.8561651404753604 0.574872389624854 0.0132075973799056 0.023460863766937234
1 0.8333913487407093 0.5831591624736434 0.01507056374717628 0.02634568108939017
1 0.834947314499475 0.6029336972905344 0.01974188239943775 0.03357510281312803
1 0.7944485958049048 0.6471147940605236 0.030412230808992913 0.05289555858564099
1 0.884618151405158 0.7228757574739217 0.0475191106390513 0.08018849920339866
1 0.024164390504863353 0.5350664323522898 0.007936792833937275 0.01428088845119857
1 0.11227466921861566 0.5331198914097606 0.007896752959774989 0.012512460675699888
1 0.18987042066976995 0.5317349459268539 0.005694559880851857 0.011622685694316792
1 0.25170397246096643 0.5308131349187668 0.005908105876383773 0.011433608510772908
1 0.3203382037140095 0.5305015426064847 0.006228424869681648 0.010635591574344905
1 0.38405725084021136 0.5306517813717113 0.00558066868323479 0.010392571782554705
1 0.5209862794672324 0.5303674376639478 0.004555647904681414 0.008897749813831068
1 0.6122083590529204 0.5309468811815307 0.004384811108255881 0.008790976816065
1 0.5622836171843042 0.531760889576699 0.004145639593260242 0.007232091048681943
0 0.582404988613302 0.53266679172962 0.003900773518383538 0.008541839821277653
0 0.6435142094637516 0.5328941745265036 0.004306510909894268 0.007563087341756258
0 0.6907891220542991 0.5323217294505905 0.004014664716000649 0.007652064839894779
1 0.6581201994487736 0.5316358033077161 0.004413283907660226 0.008230418577793719
1 0.7194527028131795 0.5320864670857282 0.0050272286448144856 0.00739625453274706
