0 0.14630110330592278 0.5499065445949995 0.009216102273862242 0.01850202350434471
0 0.18428261570729443 0.5643939780936845 0.012567412191630323 0.022342066118453907
0 0.21570114618637026 0.5895288024769452 0.020666411159569936 0.03351309917768097
0 0.14800754515191328 0.6589772324852682 0.03860709025268838 0.060412946784299315
1 0.29542046746768497 0.5462458134239452 0.007833521601493643 0.015557227479601754
1 0.35046326430108643 0.5545265606830427 0.010395888480486948 0.017936568152952637
1 0.41984600775246506 0.5664976882210073 0.012994860600608504 0.02264949294824381
1 0.4813811427627528 0.5799238864110265 0.016815532643393194 0.02802588773898862
1 0.5330253871472124 0.5960348462901092 0.018874577456869934 0.03374545666531281
1 0.6681702698724906 0.6370663865499215 0.02824037157372561 0.0502696487665214
1 0.854632196823917 0.7114943249991674 0.044684132236907814 0.0802918001131937
