0 0.9899022376207942 0.5474516234896141 0.0059792878748945455 0.010890845772129176
0 0.9239454704937871 0.5466532589848343 0.005637614282043302 0.010962027770639815
0 0.861833377980622 0.5456067699090557 0.005623377882341174 0.011122187267288752
0 0.8090265492506694 0.544864735915716 0.006784534233046102 0.013068570039064475
0 0.7653173204483805 0.5457227894553933 0.00609317907251139 0.010926436771384496
0 0.7218247629921993 0.5465573029695565 0.006577216662383823 0.012670395734895368
0 0.684070908878504 0.5473100291700972 0.006577216662384 0.012990714728193242
0 0.6434211891405172 0.5497476730271574 0.007723246838405284 0.013924978458645487
0 0.6146477570144236 0.55305264835205 0.0069402448547882575 0.015571062174204231
0 0.5904594587541621 0.5579286630406779 0.007841142023438597 0.01849063633186765
0 0.5725058155262934 0.5626886116227259 0.01112218726728873 0.01968627146310109
0 0.5426855431765769 0.5712046090242388 0.014125177829456704 0.022661456557100834
0 0.4964499360199424 0.5889221431030578 0.018790414035556147 0.030276461921452613
0 0.4114444339184332 0.6207075940885679 0.02552455085754759 0.04331027512530672
0 0.23469663659966647 0.6753566393668731 0.038354710730091404 0.06767230488329179
0 0.041545446339585165 0.5348960795783152 0.008185929828724552 0.013680290338765166
0 0.1444532120850926 0.5332320626595349 0.006513152863724336 0.0118784960014644
0 0.23871235265658788 0.5330790112411667 0.005071717393883723 0.011066576330952205
0 0.33493305335771584 0.5322282753305628 0.004393263970579042 0.009801427529298135
0 0.4080155539612811 0.5328697714444126 0.004128555913617671 0.008096952330586271
0 0.4629121503062974 0.5327828916604427 0.0043154086597080085 0.009398248240859108
1 0.9612685154672809 0.5513862034509711 0.007729920150766035 0.013277111050325918
1 0.9172989500997628 0.552445703010053 0.00832340006334853 0.01463379545318988
1 0.8661810057821835 0.5530629469765732 0.007652064839894557 0.014069566893120333
1 0.8392149193846399 0.5557255935764279 0.008274907326862646 0.0144588434474755
1 0.8063745760678576 0.5586970857566868 0.00903121606103845 0.01640522621925089
1 0.7997024342050061 0.5637836314890459 0.00834164045046668 0.019046745695231904
1 0.7931125382491375 0.5722295424451433 0.009954357604223496 0.020506532774063557
1 0.7852448486817316 0.5799484318723227 0.013666943714044333 0.02437983448989689
1 0.7961312455789538 0.5966459630756922 0.017517444945979843 0.03258453300963515
1 0.8177290886710656 0.622661997306135 0.022661456557100834 0.041881986428384366
1 0.8415997708250433 0.6566634483683608 0.030325338720966856 0.05300417369567301
1 0.07947968375683988 0.5295675860366305 0.006441970865213675 0.012990714728193242
1 0.1937321482636573 0.5291061686838812 0.005894759251663028 0.011330728278550417
1 0.25907092114957514 0.5292034173923599 0.0045044858432519595 0.009870941199718875
1 0.3106589031562055 0.5292145621087773 0.0052830389519621605 0.00959288651803658
1 0.3697448051356846 0.5303484330031246 0.004181942412500561 0.00884213887749441
1 0.4226505552128687 0.5304527423301724 0.004493363655984695 0.008842138877494632
