0 0.06155710094653584 0.5316498707854616 0.0076520648398946565 0.013880489709576449
0 0.1694050936290326 0.5308626877446454 0.007106810731303148 0.012300249342639957
0 0.2452392835339388 0.529930989981678 0.00558066868323479 0.011139982766916412
0 0.30511721367477634 0.5302922178027676 0.0059503701879994875 0.011469755619391453
0 0.3683129261039463 0.5301395597429299 0.004875966897979556 0.00938712605359171
0 0.4386379261264576 0.5309968008394632 0.004342101909149587 0.008986727311969478
0 0.4981710499432392 0.5309952005936369 0.004377692908404817 0.007874508585240414
0 0.5621078969202038 0.531132261406998 0.004359897408777158 0.008508473259475902
0 0.617498340524811 0.532366174583241 0.004806208539439094 0.009253659806384373
0 0.6704636557915681 0.5325989002002058 0.004949373333943541 0.00917580449551314
0 0.7239745954065311 0.5337472111068295 0.004448874906915456 0.008174807641457171
0 0.7728777646331666 0.5349343926625291 0.005171817079289287 0.009523372847616063
0 0.8219187293631623 0.5360013040253941 0.005352552622382945 0.010166374299006131
0 0.8282444733714328 0.5448208509600021 0.007716017416681353 0.013555165732008212
0 0.8808683637165787 0.5368915988928956 0.005727926442653697 0.010079482210980428
1 0.8985391227604133 0.5357675452456094 0.005283038951962205 0.009106290825092733
0 0.9006909535069372 0.5450672897215736 0.008254748362440978 0.01270796787375772
0 0.9972189490547668 0.5422907205088787 0.005562101890466309 0.010687726827160349
0 0.756539842949523 0.544878623720868 0.007674309214429353 0.0128600290278027
0 0.6941659284487361 0.546453976905531 0.008967263484251564 0.01381584199608532
0 0.6426514405805286 0.5477944349324408 0.009231415431849754 0.013902734084111024
0 0.5895025100969601 0.549098817548372 0.01084413258560657 0.01564057584462497
0 0.5410545927510568 0.5520758510648421 0.010399245094914989 0.01758695861640036
0 0.48702093873727803 0.5569493141310298 0.012234405994017728 0.019533341388176084
0 0.4468694786720362 0.5660298056854067 0.015727467932650542 0.023243633546872977
0 0.4065975415387689 0.5798003984569416 0.017725985957241397 0.028761281136504557
0 0.28824189899172553 0.639121011981338 0.029977770368864266 0.05308563502819719
0 0.02350250706144961 0.8068642835955306 0.04700501412289922 0.12622263763497954
1 0.040329621232787514 0.5267540954245389 0.00747410984361806 0.013402235657082984
1 0.12502681511495203 0.5267827698135873 0.00711819985106481 0.012095378653176558
1 0.1973905042738168 0.5266644529558464 0.006673312360373296 0.01178951850332599
1 0.2891847913757893 0.5269178001926287 0.006940244854788125 0.011733907566989665
1 0.3486655171293739 0.5274714232882404 0.0060504698734050065 0.010399245094915077
1 0.4159386589868473 0.5284402893743656 0.006150124671319901 0.011033209769150454
1 0.49242950936257107 0.5297871949077013 0.0050183308950008335 0.008096952330586271
1 0.5575386576591036 0.5297281214033309 0.004306510909894179 0.008675306068485322
1 0.7498797223501166 0.5328433424460808 0.004982739895745336 0.00871979481755436
1 0.7967431418172427 0.5335159567210704 0.005516604884575216 0.008675306068485211
1 0.8380499610035184 0.534688113168871 0.005249672390160142 0.010065579476896347
1 0.9868978756728224 0.5528846996911825 0.008730917004821492 0.016335712548830483
1 0.8920429793220368 0.5522489673060313 0.009892629464890135 0.015929752713574108
1 0.8486151359431787 0.5552700755473978 0.009954357604223496 0.017586958616400472
1 0.7928476635101559 0.5577167680274482 0.011389119761703537 0.01819589836928437
1 0.7719141430155345 0.5651025086175443 0.012234405994017816 0.020965322998839353
1 0.7411258432495663 0.5728524139485565 0.013880489709576338 0.023245371388633473
1 0.7592569201211836 0.5885003756206636 0.01790672150033501 0.029404282587894626
1 0.8003335526624576 0.6175745870718379 0.023373971678911597 0.04083928137207582
1 0.8429647924250656 0.6520720559756646 0.03215007256950688 0.05132063949017529
1 0.6956668891792098 0.531882768084126 0.0049382511466762756 0.008286029514130155
2 0.9227129674835896 0.5380086423381978 0.006317402367819724 0.011567074757980245
2 0.9582496483223875 0.5391359449883324 0.0063174023678202575 0.011789518503326213
2 0.96943856871328 0.5374676168982391 0.0061839361206127205 0.011567074757980356
0 0.9640951809709616 0.5461139723820092 0.007437962734999637 0.01225178441162289
