1 0.8965295999356526 0.6138068808810472 0.020361665377714222 0.03846410102953013
1 0.9226788704810736 0.6502585796578888 0.02987783089965068 0.05216996019575815
1 0.9629104075107368 0.7238981203182742 0.049375966121782966 0.08489985125012489
1 0.9110130974997503 0.5562262510903225 0.007819723141458845 0.014801618803475636
1 0.9754699582514899 0.5618117676199359 0.008936826447381363 0.015918722109398487
0 0.8338212590604921 0.5608343022272536 0.008043143802643149 0.01452234297699495
0 0.856163325178946 0.5657216291906654 0.009383667769750637 0.015918722109398376
0 0.8213097020341579 0.5704693182408369 0.01027735041448885 0.020387135333089224
0 0.7414803025069082 0.5741563250657523 0.012511557026334108 0.022621341944934592
0 0.7820311525119019 0.5558637584312681 0.006926040496720742 0.013405239671072433
0 0.6316690475347071 0.5801607553350867 0.014969184299364002 0.025134824383260645
0 0.5075058964770115 0.5900545284815395 0.015907551076339177 0.031055471904650855
0 0.37430978699603806 0.6057410846622499 0.023459169424376536 0.038400426141092625
0 0.2305941125944668 0.6291037586976065 0.024785729600159845 0.047127795718613696
0 0.010961480840296953 0.6789459666411426 0.021922961680593905 0.07324300029963038
1 0.8186921388953623 0.5528062003528984 0.010612481406265473 0.014939100442787678
