0 0.1580929818330406 0.5451318119969903 0.010981572338542495 0.017044315400446153
0 0.15566788460827918 0.5582296248382728 0.012354268880860303 0.02447975500466759
0 0.14492212777574323 0.575288040749742 0.0164772737623598 0.031418530479075835
0 0.1595841086659786 0.5950118959949396 0.020666411159569825 0.035956762659386854
0 0.1917008287112561 0.6435360708459567 0.03518875413656494 0.05550607051303391
1 0.3462279603253694 0.5477583507649365 0.009334336487761108 0.01853140332129044
1 0.38615661730206385 0.5563511582673637 0.010066441310330576 0.01898896883539647
1 0.4308164981589373 0.5641614584678893 0.012511557026334108 0.02234206611845413
1 0.47751141634650596 0.5771477843992407 0.016533128927655794 0.02708975516862544
1 0.6001293327562673 0.5985605220228385 0.0156394462829178 0.03351309917768075
1 0.7123045491893334 0.6365640403502346 0.02653120351566396 0.04747689050171444
1 0.9494707833671804 0.7354117921230481 0.059695207910243964 0.08552822185970632
