1 0.2471875 0.6966666666666667 0.041875 0.08833333333333333
1 0.33125 0.64 0.03125 0.06333333333333334
1 0.365625 0.6154166666666666 0.0175 0.04083333333333333
1 0.3834375 0.60125 0.014375 0.029166666666666667
1 0.2721875 0.5779166666666666 0.009375 0.020833333333333332
1 0.1759375 0.5841666666666666 0.010625 0.02
1 0.0759375 0.6025 0.013125 0.028333333333333332
1 0.3975 0.59 0.01125 0.02666666666666667
2 0.5590625 0.5991666666666666 0.018125 0.035
2 0.59125 0.6133333333333333 0.02375 0.045
2 0.63125 0.6379166666666667 0.0325 0.060833333333333336
2 0.7209375 0.6933333333333334 0.053125 0.095
