0 0.1 0.8045833333333333 0.0675 0.1225
0 0.2828125 0.6795833333333333 0.026875 0.06916666666666667
0 0.3446875 0.6370833333333333 0.024375 0.0475
0 0.065 0.61875 0.01375 0.029166666666666667
0 0.0990625 0.6058333333333333 0.019375 0.03
0 0.37375 0.615 0.0175 0.03166666666666667
0 0.3884375 0.6029166666666667 0.014375 0.025833333333333333
0 0.4015625 0.59375 0.011875 0.024166666666666666
0 0.2784375 0.5820833333333333 0.011875 0.015833333333333335
0 0.1853125 0.5879166666666666 0.011875 0.019166666666666665
0 0.35625 0.57625 0.01125 0.0175
0 0.0190625 0.5991666666666666 0.013125 0.023333333333333334
1 0.5803125 0.61125 0.020625 0.04583333333333333
1 0.616875 0.6345833333333334 0.02375 0.04416666666666667
1 0.6871875 0.6775 0.044375 0.085
1 0.9075 0.80625 0.07 0.11916666666666667
