0 0.2753125 0.6975 0.043125 0.07333333333333333
0 0.345 0.6445833333333333 0.03 0.0525
0 0.3790625 0.62125 0.021875 0.034166666666666665
0 0.0840625 0.6083333333333333 0.011875 0.02666666666666667
0 0.005 0.61375 0.01 0.0275
0 0.4015625 0.605 0.011875 0.02666666666666667
0 0.161875 0.5891666666666666 0.01375 0.018333333333333333
0 0.3159375 0.5791666666666667 0.010625 0.015
0 0.3809375 0.57375 0.010625 0.015833333333333335
1 0.724375 0.69125 0.05375 0.0825
1 0.6428125 0.63875 0.029375 0.059166666666666666
1 0.5971875 0.6141666666666666 0.018125 0.035
1 0.5715625 0.6029166666666667 0.014375 0.030833333333333334
