0 0.085625 0.7904166666666667 0.0725 0.1275
0 0.2665625 0.6704166666666667 0.033125 0.0775
0 0.32375 0.6291666666666667 0.0225 0.04833333333333333
0 0.3515625 0.6079166666666667 0.016875 0.0375
0 0.3715625 0.5958333333333333 0.011875 0.03333333333333333
0 0.3859375 0.58875 0.009375 0.0225
0 0.2378125 0.5770833333333333 0.011875 0.024166666666666666
0 0.1309375 0.585 0.011875 0.023333333333333334
0 0.3290625 0.5745833333333333 0.009375 0.0225
1 0.553125 0.60625 0.01875 0.0375
1 0.5953125 0.62625 0.029375 0.05416666666666667
1 0.6571875 0.66375 0.038125 0.0725
1 0.8365625 0.7795833333333333 0.070625 0.12583333333333332
