0 0.2365625 0.7 0.044375 0.09333333333333334
0 0.32625 0.6395833333333333 0.03125 0.06416666666666666
0 0.361875 0.615 0.0175 0.04
0 0.380625 0.6 0.015 0.03
0 0.26875 0.57625 0.01 0.020833333333333332
0 0.1715625 0.5825 0.010625 0.02
0 0.0771875 0.6 0.013125 0.028333333333333332
0 0.3946875 0.5883333333333334 0.010625 0.02666666666666667
1 0.5578125 0.5979166666666667 0.018125 0.035833333333333335
1 0.59 0.6125 0.025 0.04666666666666667
1 0.633125 0.6366666666666667 0.03125 0.06
1 0.72875 0.69625 0.05625 0.10083333333333333
