0 0.2165625 0.7375 0.049375 0.09833333333333333
0 0.3178125 0.6583333333333333 0.031875 0.056666666666666664
0 0.3625 0.62625 0.02375 0.0425
0 0.3878125 0.6075 0.013125 0.028333333333333332
0 0.4003125 0.5975 0.011875 0.023333333333333334
0 0.1659375 0.6016666666666667 0.013125 0.028333333333333332
0 0.1809375 0.5958333333333333 0.011875 0.023333333333333334
0 0.0303125 0.6166666666666667 0.014375 0.03
0 0.1321875 0.5966666666666667 0.014375 0.018333333333333333
0 0.2271875 0.5825 0.006875 0.018333333333333333
0 0.3040625 0.57875 0.009375 0.0175
0 0.415625 0.5833333333333334 0.0075 0.016666666666666666
1 0.77875 0.7241666666666666 0.065 0.1
1 0.6621875 0.64875 0.034375 0.06916666666666667
1 0.60375 0.6170833333333333 0.01875 0.035833333333333335
1 0.5728125 0.6033333333333334 0.014375 0.03166666666666667
