1 0.329375 0.6529166666666667 0.035 0.059166666666666666
1 0.37125 0.62 0.025 0.043333333333333335
1 0.39625 0.6041666666666666 0.01875 0.03
1 0.1196875 0.595 0.011875 0.02666666666666667
1 0.0065625 0.605 0.013125 0.02666666666666667
1 0.413125 0.5929166666666666 0.01125 0.024166666666666666
1 0.183125 0.5833333333333334 0.01375 0.018333333333333333
1 0.328125 0.5708333333333333 0.01 0.015
1 0.3884375 0.5666666666666667 0.010625 0.015
2 0.66375 0.6495833333333333 0.04 0.0625
2 0.61625 0.6179166666666667 0.02375 0.0475
2 0.583125 0.5995833333333334 0.0175 0.034166666666666665
2 0.5634375 0.59125 0.013125 0.029166666666666667
