0 0.135625 0.7804166666666666 0.06625 0.11916666666666667
0 0.2925 0.6725 0.0275 0.06833333333333333
0 0.3490625 0.6329166666666667 0.024375 0.0475
0 0.075625 0.61625 0.01375 0.029166666666666667
0 0.1059375 0.6041666666666666 0.019375 0.03
0 0.37625 0.6129166666666667 0.0175 0.030833333333333334
0 0.3896875 0.60125 0.014375 0.025833333333333333
0 0.4025 0.5929166666666666 0.01125 0.024166666666666666
0 0.2803125 0.5816666666666667 0.011875 0.015
0 0.1884375 0.5870833333333333 0.011875 0.019166666666666665
0 0.3571875 0.57625 0.011875 0.0175
0 0.0259375 0.5991666666666666 0.013125 0.023333333333333334
1 0.5765625 0.6091666666666666 0.019375 0.045
1 0.610625 0.6308333333333334 0.02375 0.043333333333333335
1 0.6753125 0.6679166666666667 0.044375 0.08416666666666667
1 0.8625 0.7795833333333333 0.07 0.12083333333333333
