1 0.321875 0.6608333333333334 0.0375 0.06333333333333334
1 0.3715625 0.6233333333333333 0.026875 0.04666666666666667
1 0.398125 0.605 0.02 0.03166666666666667
1 0.1140625 0.5958333333333333 0.011875 0.02666666666666667
1 0.0025 0.6095833333333334 0.005 0.0275
1 0.4165625 0.5929166666666666 0.011875 0.025833333333333333
1 0.183125 0.5833333333333334 0.01375 0.018333333333333333
1 0.3315625 0.5695833333333333 0.010625 0.015833333333333335
1 0.3934375 0.5658333333333333 0.010625 0.015
2 0.6865625 0.6575 0.044375 0.06833333333333333
2 0.6303125 0.62 0.025625 0.051666666666666666
2 0.5940625 0.6004166666666667 0.018125 0.034166666666666665
2 0.5725 0.5916666666666667 0.01375 0.03
