1 0.1771875 0.7304166666666667 0.060625 0.10083333333333333
1 0.293125 0.66 0.0325 0.065
1 0.3378125 0.6233333333333333 0.021875 0.041666666666666664
1 0.36625 0.60625 0.015 0.0325
1 0.3853125 0.5966666666666667 0.014375 0.025
1 0.1071875 0.5945833333333334 0.013125 0.024166666666666666
1 0.229375 0.585 0.0175 0.02666666666666667
2 0.555625 0.6054166666666667 0.01375 0.025833333333333333
2 0.5825 0.6241666666666666 0.0275 0.043333333333333335
2 0.64 0.6533333333333333 0.04 0.06333333333333334
2 0.756875 0.7295833333333334 0.06375 0.10916666666666666
