0 0.1971875 0.6816666666666666 0.048125 0.07666666666666666
0 0.29125 0.6354166666666666 0.02375 0.04583333333333333
0 0.1159375 0.6283333333333333 0.024375 0.043333333333333335
0 0.203125 0.62 0.0275 0.043333333333333335
0 0.2734375 0.6229166666666667 0.014375 0.0425
1 0.3740625 0.6020833333333333 0.023125 0.03916666666666667
1 0.45 0.6079166666666667 0.02625 0.034166666666666665
1 0.54625 0.6145833333333334 0.02625 0.0475
1 0.5965625 0.63375 0.036875 0.0575
1 0.655 0.6795833333333333 0.04625 0.07916666666666666
1 0.8540625 0.8554166666666667 0.135625 0.18583333333333332
