1 0.2090625 0.67625 0.045625 0.0725
1 0.2971875 0.63375 0.024375 0.04583333333333333
1 0.1253125 0.6266666666666667 0.024375 0.043333333333333335
1 0.2084375 0.6195833333333334 0.028125 0.04416666666666667
1 0.2784375 0.62125 0.014375 0.0425
2 0.3753125 0.60125 0.023125 0.03916666666666667
2 0.450625 0.6054166666666667 0.0275 0.035833333333333335
2 0.545 0.6120833333333333 0.02625 0.0475
2 0.5921875 0.6316666666666667 0.034375 0.05333333333333334
2 0.6478125 0.6741666666666667 0.043125 0.075
2 0.8203125 0.8275 0.121875 0.16666666666666666
