0 0.131875 0.7295833333333334 0.0525 0.08916666666666667
0 0.2671875 0.65875 0.035625 0.0675
0 0.0534375 0.6116666666666667 0.023125 0.035
0 0.289375 0.5991666666666666 0.02125 0.025
0 0.3246875 0.6229166666666667 0.015625 0.0375
0 0.3596875 0.605 0.020625 0.03666666666666667
0 0.3409375 0.5975 0.015625 0.03
1 0.55375 0.6016666666666667 0.01625 0.04
1 0.5771875 0.6166666666666667 0.020625 0.04833333333333333
1 0.614375 0.6508333333333334 0.03625 0.07333333333333333
1 0.69875 0.7241666666666666 0.06 0.10833333333333334
