0 0.1615625 0.7429166666666667 0.060625 0.10083333333333333
0 0.29 0.6620833333333334 0.0325 0.06416666666666666
0 0.336875 0.6241666666666666 0.0225 0.043333333333333335
0 0.3671875 0.60625 0.015625 0.0325
0 0.38625 0.5966666666666667 0.015 0.025
0 0.1053125 0.595 0.013125 0.023333333333333334
0 0.2296875 0.585 0.016875 0.02666666666666667
1 0.5584375 0.60625 0.014375 0.025833333333333333
1 0.5878125 0.6258333333333334 0.028125 0.043333333333333335
1 0.6478125 0.6558333333333334 0.041875 0.06666666666666667
1 0.774375 0.7379166666666667 0.0625 0.10583333333333333
