1 0.1634375 0.665 0.035625 0.06333333333333334
1 0.0678125 0.7429166666666667 0.053125 0.11583333333333333
1 0.0484375 0.645 0.035625 0.058333333333333334
1 0.13 0.6529166666666667 0.02375 0.05583333333333333
2 0.109375 0.6220833333333333 0.0275 0.05416666666666667
2 0.2096875 0.62375 0.033125 0.05416666666666667
2 0.3090625 0.6275 0.030625 0.04833333333333333
2 0.3846875 0.6304166666666666 0.030625 0.049166666666666664
2 0.46125 0.6466666666666666 0.03875 0.058333333333333334
2 0.5709375 0.7033333333333334 0.056875 0.09333333333333334
