0 0.2953125 0.84875 0.100625 0.16916666666666666
0 0.441875 0.6229166666666667 0.02375 0.049166666666666664
0 0.5246875 0.6716666666666666 0.035625 0.06833333333333333
0 0.505 0.7129166666666666 0.04375 0.08416666666666667
0 0.4125 0.6029166666666667 0.0175 0.04083333333333333
1 0.506875 0.5779166666666666 0.01875 0.0375
1 0.539375 0.58625 0.0225 0.0425
1 0.62125 0.59875 0.03 0.04583333333333333
1 0.7071875 0.6216666666666667 0.038125 0.06
1 0.8528125 0.65375 0.046875 0.07583333333333334
1 0.9496875 0.6875 0.059375 0.09
