0 0.0775 0.6416666666666667 0.025 0.051666666666666666
0 0.14 0.7179166666666666 0.05375 0.1025
0 0.3496875 0.6566666666666666 0.034375 0.06333333333333334
0 0.6134375 0.6320833333333333 0.033125 0.07416666666666667
0 0.7928125 0.6245833333333334 0.039375 0.049166666666666664
0 0.938125 0.61375 0.02875 0.04416666666666667
0 0.9890625 0.60875 0.019375 0.0425
0 0.258125 0.6220833333333333 0.01625 0.034166666666666665
0 0.3859375 0.61 0.019375 0.03333333333333333
1 0.8940625 0.6679166666666667 0.035625 0.07916666666666666
1 0.7365625 0.7091666666666666 0.049375 0.09166666666666666
