1 0.1609375 0.6133333333333333 0.028125 0.045
1 0.29625 0.6016666666666667 0.025 0.03833333333333333
1 0.39375 0.5895833333333333 0.025 0.03916666666666667
1 0.42625 0.5858333333333333 0.02375 0.03166666666666667
1 0.4521875 0.57625 0.014375 0.029166666666666667
2 0.3490625 0.6175 0.035625 0.05333333333333334
2 0.2425 0.6404166666666666 0.02375 0.0525
2 0.3965625 0.69 0.049375 0.08833333333333333
2 0.504375 0.5991666666666666 0.02625 0.04
2 0.570625 0.5870833333333333 0.01875 0.0375
2 0.8740625 0.8575 0.099375 0.16166666666666665
