1 0.125625 0.7883333333333333 0.06375 0.145
1 0.289375 0.675 0.035 0.085
1 0.348125 0.6283333333333333 0.0225 0.058333333333333334
1 0.3809375 0.6079166666666667 0.014375 0.04583333333333333
1 0.398125 0.59625 0.0125 0.034166666666666665
2 0.8559375 0.7729166666666667 0.081875 0.13416666666666666
2 0.6925 0.6745833333333333 0.04625 0.0925
2 0.6190625 0.6258333333333334 0.035625 0.058333333333333334
2 0.5834375 0.6033333333333334 0.020625 0.04833333333333333
2 0.563125 0.5929166666666666 0.01875 0.034166666666666665
