1 0.09875 0.5983333333333334 0.0225 0.041666666666666664
1 0.19625 0.59125 0.02125 0.035833333333333335
1 0.231875 0.5841666666666666 0.01625 0.035
1 0.2534375 0.5779166666666666 0.009375 0.0225
2 0.1625 0.61875 0.03 0.05416666666666667
2 0.2296875 0.6716666666666666 0.040625 0.08
2 0.308125 0.5954166666666667 0.0225 0.050833333333333335
2 0.369375 0.58875 0.01625 0.0475
2 0.56625 0.7404166666666666 0.07125 0.11416666666666667
2 0.8871875 0.8279166666666666 0.099375 0.19416666666666665
2 0.0671875 0.6441666666666667 0.035625 0.056666666666666664
