0 0.353125 0.5425 0.0225 0.03333333333333333
0 0.5015625 0.5475 0.018125 0.035
0 0.7025 0.5558333333333333 0.02125 0.03833333333333333
0 0.835625 0.5629166666666666 0.02 0.035833333333333335
0 0.9328125 0.5704166666666667 0.018125 0.04583333333333333
0 0.23 0.5383333333333333 0.02 0.041666666666666664
1 0.1234375 0.5666666666666667 0.026875 0.05333333333333334
1 0.3225 0.58875 0.03625 0.0575
1 0.57875 0.6454166666666666 0.04625 0.0725
1 0.895625 0.7579166666666667 0.06625 0.1425
1 0.0565625 0.5470833333333334 0.025625 0.0425
