1 0.1975 0.5391666666666667 0.02375 0.03666666666666667
1 0.333125 0.5479166666666667 0.02 0.0375
1 0.4884375 0.5483333333333333 0.013125 0.03333333333333333
1 0.69875 0.5566666666666666 0.01375 0.03666666666666667
1 0.83625 0.5629166666666666 0.02125 0.035833333333333335
1 0.9434375 0.5683333333333334 0.018125 0.035
2 0.01625 0.5420833333333334 0.02875 0.04583333333333333
2 0.070625 0.5666666666666667 0.02625 0.05333333333333334
2 0.2903125 0.6045833333333334 0.034375 0.06916666666666667
2 0.575625 0.6641666666666667 0.0475 0.09
2 0.679375 0.5683333333333334 0.0225 0.041666666666666664
