0 0.085614 0.599122 0.020312 0.030556
0 0.274326 0.665345 0.034375 0.054167
1 0.692168 0.673193 0.035937 0.061111
1 0.934131 0.587276 0.021094 0.037500
2 0.634441 0.587093 0.019531 0.038889
2 0.608722 0.556170 0.014062 0.027778
2 0.586198 0.539207 0.010156 0.025000
2 0.565307 0.527142 0.008594 0.022222
2 0.521854 0.528774 0.009375 0.020833
2 0.479693 0.530058 0.009375 0.023611
2 0.432841 0.531793 0.009375 0.020833
2 0.411745 0.547608 0.010937 0.025000
2 0.391718 0.565181 0.013281 0.027778
2 0.348034 0.597324 0.017969 0.036111
