1 0.790179 0.256448 0.024802 0.034061
1 0.975198 0.330688 0.035053 0.056878
1 0.735450 0.229001 0.018519 0.022817
1 0.684689 0.209821 0.014220 0.015542
1 0.671296 0.200562 0.014550 0.015542
0 0.187169 0.281746 0.044312 0.053571
0 0.333829 0.231151 0.028108 0.033069
0 0.396495 0.211971 0.014550 0.019841
0 0.430060 0.198082 0.013558 0.018519
0 0.454365 0.188492 0.011905 0.015873
0 0.469742 0.185020 0.009590 0.012897
0 0.481978 0.180886 0.006283 0.010582
0 0.492229 0.179398 0.007606 0.010251
0 0.500496 0.177083 0.004960 0.010913
1 0.650628 0.194610 0.008929 0.014220
1 0.640708 0.189484 0.005622 0.012566
1 0.626819 0.186343 0.006944 0.010251
1 0.612599 0.181878 0.009590 0.009921
