0 0.479332 0.726190 0.131283 0.198413
0 0.517857 0.358466 0.044312 0.070767
0 0.432705 0.428737 0.073743 0.093585
1 0.455357 0.387731 0.038360 0.077712
1 0.569444 0.401786 0.058201 0.083995
0 0.542989 0.233135 0.022487 0.032407
0 0.538525 0.209491 0.016865 0.024140
0 0.589286 0.194940 0.016534 0.020833
0 0.688988 0.185185 0.016204 0.019841
0 0.816303 0.177249 0.015542 0.018519
1 0.929729 0.222884 0.029431 0.033069
1 0.819279 0.202216 0.018849 0.024802
1 0.808201 0.195271 0.014550 0.020833
1 0.864087 0.187335 0.010582 0.014881
