0 0.349868 0.297784 0.035053 0.052579
1 0.965278 0.266700 0.027778 0.040013
1 0.902282 0.236772 0.013558 0.019841
1 0.848049 0.219577 0.010251 0.014550
1 0.833995 0.210317 0.011243 0.016534
1 0.811839 0.204696 0.010582 0.011243
0 0.491071 0.250661 0.023810 0.033069
0 0.550926 0.227513 0.019841 0.023810
0 0.583333 0.213624 0.014550 0.016534
0 0.607970 0.204034 0.008929 0.016534
0 0.623512 0.199405 0.009590 0.010582
0 0.636574 0.196594 0.007937 0.011574
0 0.645999 0.193948 0.007606 0.008929
0 0.654927 0.190807 0.008929 0.011243
1 0.770999 0.193948 0.006944 0.010251
1 0.785053 0.197421 0.007275 0.011905
