0 0.275132 0.475364 0.044092 0.036045
0 0.114418 0.470899 0.040123 0.033069
0 0.013889 0.459987 0.023369 0.025794
0 0.037919 0.452216 0.024691 0.024802
0 0.193783 0.441964 0.030423 0.022817
0 0.359788 0.430556 0.017637 0.016534
0 0.541667 0.424769 0.026014 0.019511
0 0.753086 0.419643 0.019400 0.015212
0 0.955688 0.420139 0.018959 0.018849
1 0.968915 0.436177 0.020723 0.023810
1 0.777116 0.429894 0.020723 0.023810
1 0.587081 0.430060 0.015432 0.015542
1 0.605159 0.442460 0.026014 0.025794
1 0.465168 0.436177 0.019400 0.017857
1 0.336199 0.443948 0.020723 0.018849
1 0.375000 0.448082 0.028660 0.029101
1 0.436287 0.452712 0.033069 0.025794
1 0.532187 0.457341 0.031746 0.029101
