1 0.015542 0.469411 0.030423 0.051918
1 0.198082 0.407077 0.027778 0.031746
1 0.280258 0.380622 0.016865 0.023810
1 0.328704 0.364914 0.013228 0.018188
1 0.364253 0.355820 0.011574 0.015873
1 0.383763 0.349206 0.010913 0.013889
1 0.397817 0.344577 0.009921 0.011905
1 0.410714 0.341601 0.007937 0.010582
1 0.417328 0.338128 0.005952 0.009590
0 0.739418 0.476521 0.039021 0.051587
0 0.649306 0.409557 0.024140 0.033399
0 0.610284 0.381283 0.016865 0.023810
0 0.585813 0.365245 0.014220 0.017526
0 0.559689 0.350860 0.010251 0.013228
0 0.551918 0.345238 0.009259 0.011905
0 0.546296 0.341435 0.007937 0.010251
0 0.541667 0.338128 0.007275 0.009590
