0 0.190625 0.78173828125 0.06875 0.1142578125
0 0.59375 0.59033203125 0.0265625 0.0517578125
2 0.230859375 0.59375 0.03046875 0.056640625
2 0.31171875 0.52685546875 0.021875 0.0322265625
2 0.098828125 0.53076171875 0.01796875 0.0341796875
1 0.559765625 0.52099609375 0.01796875 0.0380859375
1 0.449609375 0.49609375 0.01328125 0.0234375
1 0.4125 0.4736328125 0.009375 0.015625
0 0.6140625 0.4873046875 0.0140625 0.021484375
0 0.54453125 0.47412109375 0.0125 0.0185546875
0 0.759765625 0.5048828125 0.01953125 0.02734375
0 0.936328125 0.5068359375 0.02265625 0.029296875
