0 0.388671875 0.6689453125 0.04453125 0.07421875
0 0.677734375 0.56005859375 0.02734375 0.0419921875
0 0.83203125 0.5 0.01875 0.0234375
0 0.6984375 0.47998046875 0.0171875 0.0205078125
0 0.631640625 0.4677734375 0.01171875 0.01953125
1 0.646484375 0.50830078125 0.01796875 0.0263671875
1 0.54453125 0.48291015625 0.015625 0.0263671875
1 0.50703125 0.46435546875 0.0125 0.0146484375
1 0.989453125 0.7373046875 0.01640625 0.099609375
2 0.376171875 0.56103515625 0.02421875 0.0400390625
2 0.42578125 0.509765625 0.0203125 0.029296875
2 0.23828125 0.5107421875 0.015625 0.0234375
2 0.10546875 0.55322265625 0.03125 0.0400390625
0 0.99375 0.50439453125 0.0078125 0.0244140625
