2 0.07578125 0.5654296875 0.025 0.044921875
2 0.214453125 0.517578125 0.01640625 0.029296875
2 0.40625 0.51416015625 0.021875 0.0361328125
2 0.352734375 0.56982421875 0.02734375 0.0478515625
0 0.359375 0.68115234375 0.05 0.0751953125
0 0.6609375 0.57080078125 0.025 0.0458984375
0 0.6140625 0.47119140625 0.009375 0.0166015625
0 0.68125 0.48486328125 0.0171875 0.0205078125
0 0.8171875 0.49951171875 0.01875 0.0283203125
0 0.983984375 0.505859375 0.01640625 0.029296875
1 0.9875 0.75341796875 0.021875 0.0947265625
1 0.62890625 0.51171875 0.0171875 0.033203125
1 0.526953125 0.4912109375 0.01484375 0.025390625
1 0.48828125 0.46826171875 0.0109375 0.0185546875
1 0.516796875 0.45947265625 0.00703125 0.0166015625
