0 0.121484375 0.8232421875 0.04765625 0.1171875
2 0.18359375 0.6123046875 0.03125 0.05859375
2 0.053515625 0.54052734375 0.01953125 0.0361328125
2 0.2734375 0.53369140625 0.0203125 0.0361328125
0 0.5625 0.60205078125 0.034375 0.0595703125
0 0.586328125 0.4892578125 0.01640625 0.025390625
0 0.514453125 0.47216796875 0.01328125 0.0224609375
1 0.52890625 0.525390625 0.021875 0.0390625
1 0.4140625 0.4990234375 0.0203125 0.029296875
1 0.3796875 0.4736328125 0.009375 0.01953125
1 0.410546875 0.46435546875 0.01015625 0.0146484375
0 0.733984375 0.50390625 0.01796875 0.02734375
0 0.910546875 0.50732421875 0.01796875 0.0283203125
