1 0.245703125 0.51708984375 0.01640625 0.0302734375
1 0.2171875 0.4833984375 0.0140625 0.01953125
1 0.25703125 0.47021484375 0.0109375 0.0185546875
1 0.3203125 0.4599609375 0.0109375 0.015625
1 0.365625 0.5458984375 0.021875 0.04296875
0 0.425390625 0.45947265625 0.00859375 0.0146484375
0 0.37578125 0.46875 0.009375 0.017578125
0 0.366015625 0.482421875 0.01640625 0.01953125
0 0.440234375 0.498046875 0.01796875 0.025390625
0 0.388671875 0.66455078125 0.04140625 0.0673828125
0 0.6046875 0.51220703125 0.021875 0.0322265625
0 0.79609375 0.51220703125 0.0171875 0.0263671875
0 0.933984375 0.5029296875 0.01640625 0.02734375
0 0.98359375 0.49462890625 0.0140625 0.0263671875
3 0.95859375 0.48974609375 0.0203125 0.0439453125
3 0.893359375 0.49658203125 0.02265625 0.0439453125
1 0.946875 0.638671875 0.0390625 0.072265625
2 0.0625 0.568359375 0.0265625 0.04296875
