1 0.040234375 0.50390625 0.01328125 0.025390625
1 0.05703125 0.54345703125 0.0171875 0.0361328125
1 0.09140625 0.4873046875 0.0125 0.021484375
1 0.163671875 0.47216796875 0.01171875 0.0185546875
1 0.184375 0.58251953125 0.0265625 0.0478515625
1 0.875390625 0.68310546875 0.04453125 0.0810546875
1 0.9203125 0.58544921875 0.0203125 0.0517578125
0 0.172265625 0.76953125 0.05546875 0.09375
0 0.2765625 0.47119140625 0.009375 0.0166015625
0 0.2203125 0.48193359375 0.0078125 0.0185546875
0 0.20546875 0.498046875 0.0125 0.021484375
0 0.286328125 0.51416015625 0.01796875 0.0302734375
0 0.466015625 0.52978515625 0.02421875 0.0322265625
0 0.67265625 0.517578125 0.0234375 0.033203125
0 0.81328125 0.50634765625 0.0140625 0.0244140625
0 0.859375 0.49609375 0.015625 0.025390625
3 0.77421875 0.5 0.021875 0.05078125
3 0.8359375 0.4931640625 0.0171875 0.041015625
3 0.990625 0.5322265625 0.0171875 0.060546875
