0 0.69609375 0.46630859375 0.0078125 0.0166015625
0 0.7578125 0.47900390625 0.009375 0.0166015625
0 0.88828125 0.49462890625 0.015625 0.0244140625
0 0.734375 0.55029296875 0.025 0.0419921875
0 0.4765625 0.63232421875 0.0359375 0.0634765625
1 0.7078125 0.5009765625 0.0171875 0.02734375
1 0.61015625 0.478515625 0.0171875 0.025390625
1 0.57265625 0.4609375 0.0109375 0.015625
2 0.5 0.501953125 0.01875 0.03125
2 0.456640625 0.544921875 0.02578125 0.0390625
2 0.322265625 0.50390625 0.01484375 0.025390625
2 0.20859375 0.541015625 0.0265625 0.03515625
