0 0.344140625 0.68603515625 0.05390625 0.0849609375
0 0.651953125 0.5693359375 0.02578125 0.048828125
0 0.8109375 0.4990234375 0.0203125 0.02734375
0 0.978125 0.505859375 0.01875 0.02734375
0 0.67578125 0.48583984375 0.0125 0.0185546875
0 0.6078125 0.470703125 0.0109375 0.021484375
1 0.621875 0.51318359375 0.01875 0.0302734375
1 0.51875 0.49072265625 0.0140625 0.0263671875
1 0.48125 0.46923828125 0.009375 0.0185546875
1 0.509375 0.46142578125 0.0078125 0.0166015625
2 0.339453125 0.568359375 0.03046875 0.046875
2 0.06171875 0.572265625 0.0296875 0.041015625
2 0.203125 0.52001953125 0.0203125 0.0322265625
2 0.39609375 0.51904296875 0.01875 0.0302734375
1 0.9828125 0.7509765625 0.03125 0.119140625
