0 0.33203125 0.68017578125 0.040625 0.0791015625
0 0.38203125 0.4560546875 0.009375 0.013671875
0 0.33046875 0.46484375 0.0109375 0.017578125
0 0.31953125 0.47900390625 0.0140625 0.0205078125
0 0.397265625 0.49560546875 0.01796875 0.0263671875
0 0.894921875 0.49755859375 0.01640625 0.0263671875
0 0.94375 0.48779296875 0.0140625 0.0283203125
3 0.920703125 0.4873046875 0.01484375 0.037109375
3 0.85703125 0.4951171875 0.021875 0.0390625
1 0.91875 0.640625 0.040625 0.06640625
1 0.981640625 0.56787109375 0.02265625 0.0458984375
1 0.275390625 0.4560546875 0.01015625 0.01953125
1 0.210546875 0.4677734375 0.01171875 0.017578125
1 0.169921875 0.4814453125 0.01484375 0.021484375
1 0.19296875 0.513671875 0.01875 0.03125
1 0.315625 0.54638671875 0.021875 0.0400390625
0 0.5640625 0.51220703125 0.01875 0.0283203125
0 0.759375 0.50732421875 0.0171875 0.0302734375
