3 0.939453125 0.6572265625 0.06015625 0.126953125
1 0.966015625 0.7587890625 0.06328125 0.107421875
1 0.978125 0.61474609375 0.0359375 0.0615234375
0 0.3375 0.68115234375 0.0546875 0.0830078125
0 0.441015625 0.53662109375 0.02890625 0.0361328125
0 0.444921875 0.591796875 0.03828125 0.056640625
3 0.398828125 0.61865234375 0.05234375 0.1083984375
3 0.205078125 0.72705078125 0.08828125 0.1611328125
0 0.841796875 0.53271484375 0.02265625 0.0361328125
1 0.619921875 0.51904296875 0.01640625 0.0283203125
