1 0.813671875 0.58544921875 0.03828125 0.0517578125
1 0.615625 0.5107421875 0.025 0.033203125
1 0.478515625 0.4931640625 0.02109375 0.02734375
1 0.2953125 0.48095703125 0.0171875 0.0263671875
1 0.15625 0.484375 0.0109375 0.01953125
1 0.035546875 0.4873046875 0.01640625 0.017578125
0 0.297265625 0.85546875 0.10078125 0.130859375
0 0.48671875 0.6171875 0.04375 0.046875
0 0.441796875 0.53662109375 0.02421875 0.0400390625
0 0.333984375 0.5068359375 0.02109375 0.02734375
0 0.230859375 0.49853515625 0.01484375 0.0283203125
0 0.10234375 0.49853515625 0.0171875 0.0224609375
2 0.97109375 0.484375 0.0140625 0.0234375
2 0.92109375 0.48193359375 0.0140625 0.0185546875
2 0.85703125 0.53271484375 0.025 0.0380859375
2 0.890234375 0.50732421875 0.02265625 0.0361328125
2 0.902734375 0.49169921875 0.01796875 0.0302734375
