2 0.01328125 0.6572265625 0.0265625 0.0625
2 0.141015625 0.552734375 0.03203125 0.03515625
0 0.4546875 0.63623046875 0.034375 0.0634765625
0 0.49296875 0.49267578125 0.0109375 0.0205078125
0 0.65234375 0.5078125 0.0203125 0.033203125
0 0.838671875 0.50732421875 0.01796875 0.0322265625
0 0.973828125 0.50341796875 0.01640625 0.0322265625
3 0.93359375 0.49658203125 0.021875 0.0458984375
1 0.96484375 0.6240234375 0.040625 0.072265625
1 0.27734375 0.47900390625 0.009375 0.0205078125
1 0.307421875 0.509765625 0.01328125 0.02734375
1 0.312890625 0.4677734375 0.01015625 0.015625
1 0.42578125 0.5380859375 0.025 0.0390625
0 0.41875 0.47900390625 0.0109375 0.0205078125
0 0.427734375 0.46484375 0.01015625 0.015625
0 0.474609375 0.4580078125 0.01171875 0.017578125
1 0.373046875 0.4560546875 0.00859375 0.015625
