3 0.362109375 0.73046875 0.08671875 0.15625
1 0.730859375 0.544921875 0.02890625 0.0390625
1 0.562109375 0.5029296875 0.01953125 0.017578125
1 0.434375 0.49365234375 0.01875 0.0244140625
1 0.26015625 0.484375 0.0140625 0.017578125
1 0.1203125 0.48583984375 0.0203125 0.0205078125
0 0.23359375 0.8525390625 0.090625 0.12890625
0 0.469140625 0.66259765625 0.05390625 0.0791015625
1 0.0078125 0.49072265625 0.0078125 0.0244140625
0 0.498828125 0.56640625 0.03046875 0.048828125
0 0.428125 0.5224609375 0.0265625 0.033203125
0 0.316796875 0.50341796875 0.01640625 0.0205078125
0 0.210546875 0.49560546875 0.01171875 0.0205078125
0 0.08359375 0.50048828125 0.0171875 0.0224609375
2 0.987890625 0.529296875 0.01796875 0.03125
2 0.972265625 0.50830078125 0.01484375 0.0263671875
2 0.95546875 0.49560546875 0.0140625 0.0244140625
2 0.936328125 0.48486328125 0.01015625 0.0185546875
2 0.8953125 0.48291015625 0.0140625 0.0224609375
2 0.85703125 0.4814453125 0.0078125 0.015625
2 0.815234375 0.47900390625 0.01015625 0.0185546875
2 0.762109375 0.51416015625 0.01796875 0.0322265625
2 0.788671875 0.4990234375 0.02109375 0.029296875
2 0.79765625 0.4853515625 0.0140625 0.029296875
