0 0.228517 0.330556 0.028906 0.075000
0 0.226171 0.274305 0.017969 0.051389
0 0.262500 0.256250 0.015625 0.040278
0 0.303516 0.240278 0.011719 0.036111
0 0.352345 0.234028 0.010937 0.029167
0 0.430860 0.230555 0.008594 0.025000
0 0.500000 0.225694 0.009375 0.023611
0 0.576563 0.224304 0.007812 0.023611
0 0.673828 0.222916 0.008594 0.020833
1 0.745704 0.341667 0.027344 0.063889
1 0.671094 0.233333 0.009375 0.025000
1 0.744531 0.234722 0.009375 0.025000
1 0.611719 0.234721 0.010937 0.027778
1 0.555469 0.235417 0.010937 0.029167
1 0.513282 0.243056 0.012500 0.033333
1 0.489844 0.254861 0.015625 0.037500
1 0.528515 0.274306 0.016406 0.040278
1 0.624219 0.297222 0.018750 0.047222
1 0.928515 0.452778 0.049219 0.105556
0 0.193359 0.495139 0.058594 0.137500
