0 0.225781 0.343056 0.025000 0.055556
0 0.283203 0.313194 0.019531 0.045833
0 0.339062 0.299305 0.015625 0.034722
0 0.395312 0.294444 0.012500 0.030556
0 0.481250 0.293750 0.010937 0.026389
0 0.556250 0.295139 0.009375 0.026389
0 0.640625 0.295834 0.010937 0.025000
0 0.747265 0.301389 0.008594 0.025000
1 0.830469 0.319444 0.010937 0.027778
1 0.745703 0.315972 0.010156 0.026389
1 0.680469 0.311112 0.012500 0.030556
1 0.617969 0.309028 0.012500 0.029167
1 0.569922 0.317362 0.013281 0.031944
1 0.541016 0.329862 0.016406 0.037500
1 0.582422 0.357639 0.017969 0.043056
1 0.698438 0.400694 0.023438 0.056944
0 0.183594 0.429167 0.040625 0.091667
1 0.873438 0.490972 0.046875 0.087500
