1 0.165234 0.288194 0.000781 0.001389
0 0.316406 0.130556 0.010937 0.027778
1 0.334766 0.136806 0.013281 0.031944
1 0.406641 0.129167 0.013281 0.030556
1 0.413672 0.172222 0.027344 0.066667
1 0.623047 0.181944 0.030469 0.075000
1 0.276172 0.141667 0.013281 0.036111
1 0.253516 0.170139 0.019531 0.065278
0 0.210938 0.138889 0.010937 0.027778
1 0.216797 0.146528 0.011719 0.031944
1 0.178125 0.151389 0.015625 0.044444
1 0.171875 0.167361 0.021875 0.048611
0 0.119141 0.152778 0.013281 0.036111
0 0.421875 0.484028 0.156250 0.348611
1 0.985937 0.211806 0.028125 0.115278
0 0.032812 0.163194 0.014062 0.040278
