0 0.599609 0.133333 0.013281 0.030556
0 0.507031 0.134028 0.014062 0.031944
0 0.419922 0.139583 0.014844 0.034722
0 0.317187 0.145139 0.015625 0.040278
0 0.242188 0.168056 0.020312 0.047222
0 0.162109 0.210417 0.025781 0.059722
1 0.720703 0.165972 0.013281 0.031944
1 0.649219 0.163889 0.014062 0.030556
1 0.580469 0.168750 0.015625 0.031944
1 0.526172 0.184722 0.016406 0.038889
1 0.493359 0.220139 0.021094 0.045833
0 0.716797 0.138889 0.010156 0.027778
1 0.812109 0.171528 0.013281 0.031944
1 0.550391 0.276389 0.025781 0.061111
1 0.712500 0.377778 0.039062 0.077778
0 0.059766 0.300694 0.042969 0.087500
