0 0.600391 0.215278 0.013281 0.030556
0 0.505469 0.225694 0.014062 0.031944
0 0.416797 0.234028 0.014844 0.034722
0 0.310156 0.246528 0.015625 0.040278
0 0.232812 0.275000 0.020312 0.047222
0 0.141797 0.325694 0.025781 0.059722
1 0.722266 0.240972 0.013281 0.031944
1 0.649219 0.245833 0.014062 0.030556
1 0.518359 0.270833 0.016406 0.038889
1 0.483984 0.310417 0.021094 0.045833
0 0.719141 0.211111 0.010156 0.027778
1 0.816016 0.238194 0.013281 0.031944
1 0.536328 0.365278 0.025781 0.061111
1 0.696875 0.463889 0.039062 0.077778
0 0.019922 0.431250 0.042969 0.087500
1 0.575781 0.254167 0.014062 0.036111
