0 0.586328 0.176389 0.013281 0.030556
0 0.492188 0.184028 0.014062 0.031944
0 0.405078 0.193750 0.014844 0.034722
0 0.300000 0.207639 0.015625 0.040278
0 0.224219 0.236111 0.020312 0.047222
0 0.140234 0.286806 0.025781 0.059722
1 0.708203 0.197917 0.013281 0.031944
1 0.634375 0.204167 0.014062 0.030556
1 0.565625 0.213194 0.015625 0.031944
1 0.509766 0.234722 0.016406 0.038889
1 0.477734 0.270139 0.021094 0.045833
0 0.701953 0.169444 0.010156 0.027778
1 0.798047 0.199306 0.013281 0.031944
1 0.532422 0.326389 0.025781 0.061111
1 0.696094 0.419444 0.039062 0.077778
0 0.025391 0.393750 0.042969 0.087500
