0 0.622266 0.134722 0.013281 0.030556
0 0.530469 0.143750 0.014062 0.031944
0 0.448047 0.152083 0.014844 0.034722
0 0.351562 0.163194 0.015625 0.040278
0 0.287500 0.188889 0.020312 0.047222
0 0.223828 0.231250 0.025781 0.059722
0 0.146484 0.321528 0.036719 0.073611
1 0.743359 0.160417 0.013281 0.031944
1 0.673437 0.165278 0.014062 0.030556
1 0.606250 0.170139 0.015625 0.031944
1 0.555078 0.190278 0.016406 0.038889
1 0.529297 0.224306 0.021094 0.045833
0 0.736328 0.133333 0.010156 0.027778
0 0.074219 0.590972 0.059375 0.143056
1 0.749609 0.356250 0.030469 0.070833
1 0.833984 0.160417 0.013281 0.031944
1 0.591016 0.273611 0.025781 0.061111
