0 0.530859 0.188889 0.013281 0.030556
0 0.428906 0.195139 0.014062 0.031944
0 0.331641 0.203472 0.014844 0.034722
0 0.207813 0.218750 0.015625 0.040278
0 0.107031 0.251389 0.020312 0.047222
1 0.649609 0.215972 0.013281 0.031944
1 0.571875 0.222222 0.014062 0.030556
0 0.652734 0.183333 0.010156 0.027778
1 0.745703 0.215972 0.013281 0.031944
1 0.494531 0.227778 0.014062 0.036111
1 0.575781 0.487500 0.039062 0.091667
1 0.418359 0.366667 0.033594 0.069444
1 0.375000 0.293750 0.025000 0.056944
1 0.428906 0.251389 0.017188 0.044444
1 0.985547 0.963194 0.000781 0.001389
1 0.911719 0.893056 0.087500 0.197222
