0 0.816797 0.058333 0.013281 0.030556
0 0.682031 0.063194 0.014062 0.031944
1 0.985547 0.963194 0.000781 0.001389
0 0.557031 0.077083 0.017188 0.040278
0 0.412109 0.095833 0.019531 0.044444
0 0.278906 0.119444 0.023438 0.055556
0 0.992188 0.052778 0.014062 0.030556
1 0.501172 0.179167 0.028906 0.066667
1 0.841797 0.093750 0.017969 0.045833
1 0.723437 0.100694 0.018750 0.045833
1 0.614844 0.129861 0.023438 0.054167
1 0.469922 0.278472 0.044531 0.090278
1 0.521094 0.524306 0.075000 0.151389
0 0.081250 0.171528 0.037500 0.076389
1 0.966016 0.090972 0.022656 0.045833
