2 0.660546875 0.5763888888888888 0.02421875 0.06666666666666667
2 0.496875 0.5548611111111111 0.025 0.07083333333333333
2 0.390234375 0.5423611111111111 0.02890625 0.0625
2 0.30546875 0.53125 0.01875 0.05138888888888889
2 0.273828125 0.55625 0.01953125 0.05694444444444444
2 0.262890625 0.59375 0.03515625 0.11527777777777778
2 0.2109375 0.5236111111111111 0.0109375 0.03888888888888889
2 0.1875 0.5534722222222223 0.01875 0.07361111111111111
2 0.158984375 0.5229166666666667 0.01328125 0.043055555555555555
2 0.12890625 0.5166666666666667 0.0109375 0.03888888888888889
2 0.094921875 0.5423611111111111 0.01953125 0.06527777777777778
2 0.048046875 0.5305555555555556 0.01328125 0.03888888888888889
2 0.006640625 0.5222222222222223 0.01171875 0.03888888888888889