2 0.9953125 0.5368055555555555 0.0078125 0.029166666666666667
2 0.978125 0.5298611111111111 0.0109375 0.02638888888888889
2 0.953125 0.5423611111111111 0.0109375 0.034722222222222224
2 0.9515625 0.6291666666666667 0.025 0.11388888888888889
2 0.96171875 0.6055555555555555 0.01875 0.08888888888888889
2 0.872265625 0.5416666666666666 0.00859375 0.03333333333333333
2 0.93203125 0.5409722222222222 0.0046875 0.02638888888888889
2 0.9125 0.5291666666666667 0.0078125 0.025
2 0.859375 0.5236111111111111 0.0046875 0.019444444444444445
2 0.84609375 0.5222222222222223 0.0046875 0.016666666666666666
2 0.823828125 0.5305555555555556 0.00859375 0.025
2 0.8125 0.5375 0.0109375 0.027777777777777776
2 0.800390625 0.5243055555555556 0.00859375 0.020833333333333332
2 0.77890625 0.5409722222222222 0.0078125 0.03194444444444444
2 0.783984375 0.5270833333333333 0.00703125 0.02638888888888889
2 0.773046875 0.5291666666666667 0.00546875 0.016666666666666666
2 0.765625 0.5208333333333334 0.0078125 0.019444444444444445
2 0.750390625 0.5270833333333333 0.00859375 0.02361111111111111
2 0.739453125 0.5159722222222223 0.00703125 0.020833333333333332
2 0.73515625 0.5298611111111111 0.0078125 0.02638888888888889
2 0.7453125 0.5618055555555556 0.0125 0.04027777777777778
2 0.732421875 0.5631944444444444 0.01171875 0.043055555555555555
2 0.727734375 0.5548611111111111 0.01015625 0.043055555555555555
2 0.7140625 0.5284722222222222 0.00625 0.02361111111111111
2 0.69609375 0.5409722222222222 0.009375 0.03194444444444444
2 0.692578125 0.5506944444444445 0.01171875 0.043055555555555555
2 0.686328125 0.5291666666666667 0.00703125 0.019444444444444445
2 0.6796875 0.5159722222222223 0.0078125 0.020833333333333332
2 0.66953125 0.5229166666666667 0.0078125 0.02361111111111111
2 0.648828125 0.5291666666666667 0.00859375 0.019444444444444445
2 0.64765625 0.5694444444444444 0.0140625 0.05555555555555555
2 0.6375 0.5395833333333333 0.009375 0.029166666666666667
2 0.6296875 0.5215277777777778 0.0046875 0.015277777777777777
2 0.631640625 0.5125 0.00546875 0.019444444444444445
2 0.623828125 0.5569444444444445 0.00859375 0.044444444444444446
2 0.617578125 0.5513888888888889 0.00859375 0.03888888888888889
2 0.59140625 0.5347222222222222 0.00625 0.030555555555555555
2 0.605859375 0.5326388888888889 0.00859375 0.020833333333333332
2 0.555078125 0.5229166666666667 0.00703125 0.03194444444444444
2 0.565234375 0.5215277777777778 0.00703125 0.02638888888888889
2 0.542578125 0.5479166666666667 0.01328125 0.04027777777777778
2 0.53515625 0.5229166666666667 0.0078125 0.020833333333333332
2 0.52421875 0.5326388888888889 0.00625 0.03194444444444444
2 0.520703125 0.5270833333333333 0.00859375 0.03194444444444444
2 0.505859375 0.5256944444444445 0.00859375 0.02638888888888889
2 0.500390625 0.5284722222222222 0.00703125 0.03194444444444444
2 0.49140625 0.5340277777777778 0.0109375 0.04027777777777778
2 0.49296875 0.5833333333333334 0.0234375 0.07777777777777778
2 0.466796875 0.5430555555555555 0.01328125 0.03888888888888889
2 0.466796875 0.5277777777777778 0.01171875 0.027777777777777776
2 0.422265625 0.525 0.00703125 0.027777777777777776
2 0.417578125 0.5395833333333333 0.01171875 0.04583333333333333
2 0.390234375 0.525 0.00859375 0.030555555555555555
2 0.384765625 0.5333333333333333 0.01015625 0.03888888888888889
2 0.36953125 0.5305555555555556 0.0140625 0.041666666666666664
2 0.340234375 0.58125 0.02890625 0.09305555555555556