2 0.897265625 0.5423611111111111 0.01328125 0.04861111111111111
2 0.844921875 0.5486111111111112 0.01640625 0.06111111111111111
2 0.785546875 0.54375 0.01328125 0.04861111111111111
2 0.73359375 0.5201388888888889 0.0078125 0.02638888888888889
2 0.72109375 0.5201388888888889 0.0109375 0.03194444444444444
2 0.683203125 0.5451388888888888 0.01015625 0.05138888888888889
2 0.66484375 0.5104166666666666 0.0078125 0.02361111111111111
2 0.606640625 0.5090277777777777 0.00703125 0.02361111111111111
2 0.5953125 0.5201388888888889 0.009375 0.02638888888888889
2 0.553125 0.5118055555555555 0.0078125 0.02361111111111111
2 0.547265625 0.5173611111111112 0.00859375 0.029166666666666667
2 0.508203125 0.5180555555555556 0.01015625 0.03333333333333333
2 0.49296875 0.5034722222222222 0.0078125 0.02361111111111111
2 0.455859375 0.5076388888888889 0.00703125 0.02638888888888889
2 0.44765625 0.5201388888888889 0.009375 0.03194444444444444
2 0.428515625 0.5416666666666666 0.01171875 0.05
2 0.404296875 0.5069444444444444 0.00703125 0.027777777777777776
2 0.386328125 0.49722222222222223 0.00703125 0.016666666666666666
2 0.3515625 0.5076388888888889 0.00625 0.020833333333333332
2 0.3734375 0.5111111111111111 0.009375 0.030555555555555555