2 0.026953125 0.7847222222222222 0.06640625 0.2861111111111111
2 0.796484375 0.5340277777777778 0.01015625 0.034722222222222224
2 0.83984375 0.5423611111111111 0.0078125 0.0375
2 0.82109375 0.5513888888888889 0.015625 0.05
2 0.755078125 0.5305555555555556 0.01171875 0.030555555555555555
2 0.76640625 0.5375 0.009375 0.041666666666666664
2 0.70859375 0.5354166666666667 0.0109375 0.034722222222222224
2 0.662890625 0.5284722222222222 0.00546875 0.02361111111111111
2 0.64375 0.5347222222222222 0.0125 0.03333333333333333
2 0.603125 0.5229166666666667 0.009375 0.02361111111111111
2 0.5703125 0.53125 0.00625 0.02638888888888889
2 0.578125 0.54375 0.0109375 0.034722222222222224
2 0.6671875 0.5423611111111111 0.009375 0.0375
2 0.740234375 0.5479166666666667 0.00859375 0.034722222222222224
2 0.7375 0.5819444444444445 0.0171875 0.044444444444444446
2 0.554296875 0.5180555555555556 0.00703125 0.022222222222222223
2 0.50546875 0.5444444444444444 0.0109375 0.044444444444444446
2 0.428515625 0.5423611111111111 0.01015625 0.04861111111111111
2 0.44921875 0.5319444444444444 0.009375 0.03333333333333333
2 0.4015625 0.5319444444444444 0.0109375 0.03333333333333333
2 0.353125 0.5333333333333333 0.009375 0.041666666666666664
2 0.341015625 0.5409722222222222 0.00859375 0.043055555555555555
2 0.305859375 0.5326388888888889 0.00859375 0.0375
2 0.27109375 0.5430555555555555 0.0109375 0.05
2 0.240234375 0.5333333333333333 0.01171875 0.03888888888888889
2 0.208984375 0.55 0.01484375 0.058333333333333334
2 0.160546875 0.5347222222222222 0.01015625 0.044444444444444446
2 0.0828125 0.5361111111111111 0.009375 0.03888888888888889
2 0.023046875 0.5472222222222223 0.01015625 0.03888888888888889
2 0.15 0.5597222222222222 0.015625 0.06111111111111111
2 0.253125 0.5743055555555555 0.0140625 0.07916666666666666
2 0.332421875 0.5895833333333333 0.02109375 0.08472222222222223
2 0.457421875 0.6 0.03203125 0.1111111111111111