3 0.02734375 0.4756944444444444 0.00625 0.034722222222222224
3 0.0484375 0.4847222222222223 0.0078125 0.022222222222222223
3 0.19765625 0.4847222222222223 0.0046875 0.022222222222222223
3 0.151953125 0.4861111111111111 0.00546875 0.016666666666666666
3 0.123046875 0.48125 0.00703125 0.020833333333333332
3 0.109765625 0.47638888888888886 0.00703125 0.016666666666666666
3 0.093359375 0.48541666666666666 0.00859375 0.02361111111111111
3 0.2171875 0.4951388888888889 0.0078125 0.02361111111111111
3 0.17109375 0.49027777777777776 0.0078125 0.027777777777777776
3 0.133203125 0.48680555555555555 0.00703125 0.02638888888888889
3 0.258984375 0.5041666666666667 0.01171875 0.030555555555555555
3 0.2984375 0.5069444444444444 0.0109375 0.03888888888888889
3 0.35625 0.5 0.009375 0.025
3 0.3140625 0.5208333333333334 0.0125 0.044444444444444446
3 0.421875 0.5104166666666666 0.0109375 0.029166666666666667