3 0.8765625 0.6263888888888889 0.0640625 0.15555555555555556
3 0.598828125 0.5222222222222223 0.01015625 0.03888888888888889
3 0.56015625 0.5055555555555555 0.0078125 0.022222222222222223
3 0.534375 0.5270833333333333 0.0109375 0.0375
3 0.48046875 0.5298611111111111 0.009375 0.034722222222222224
3 0.40859375 0.5291666666666667 0.0125 0.03333333333333333
3 0.24921875 0.53125 0.0109375 0.03194444444444444
3 0.234375 0.6298611111111111 0.053125 0.14305555555555555
3 0.08828125 0.6104166666666667 0.040625 0.12083333333333333
3 0.345703125 0.51875 0.01015625 0.02638888888888889
3 0.381640625 0.5138888888888888 0.01015625 0.027777777777777776
3 0.421484375 0.5152777777777777 0.00859375 0.027777777777777776