2 0.66171875 0.5722222222222222 0.0140625 0.058333333333333334
2 0.8390625 0.65 0.0359375 0.1527777777777778
2 0.615625 0.5743055555555555 0.0203125 0.07083333333333333
2 0.575390625 0.5868055555555556 0.01171875 0.04583333333333333
2 0.5328125 0.5909722222222222 0.025 0.09583333333333334
2 0.502734375 0.5604166666666667 0.01484375 0.05138888888888889
2 0.45390625 0.5694444444444444 0.015625 0.06388888888888888
2 0.437109375 0.6048611111111111 0.02734375 0.10972222222222222
2 0.3796875 0.5729166666666666 0.01875 0.0763888888888889
2 0.305078125 0.5729166666666666 0.01953125 0.0763888888888889
2 0.276171875 0.5513888888888889 0.01953125 0.05
2 0.2 0.5784722222222223 0.0234375 0.07083333333333333
2 0.1140625 0.56875 0.021875 0.07083333333333333
2 0.067578125 0.5618055555555556 0.01953125 0.07083333333333333
2 0.024609375 0.5527777777777778 0.01484375 0.058333333333333334