2 0.858984375 0.6111111111111112 0.02890625 0.14166666666666666
2 0.63125 0.5715277777777777 0.021875 0.07361111111111111
2 0.5953125 0.5041666666666667 0.0046875 0.016666666666666666
2 0.591796875 0.5159722222222223 0.00546875 0.020833333333333332
2 0.587890625 0.51875 0.00859375 0.02638888888888889
2 0.576953125 0.5222222222222223 0.00546875 0.027777777777777776
2 0.58046875 0.54375 0.009375 0.05138888888888889
2 0.57421875 0.5048611111111111 0.00625 0.020833333333333332
2 0.5578125 0.5097222222222222 0.00625 0.022222222222222223
2 0.55390625 0.5131944444444444 0.0078125 0.03194444444444444
2 0.54296875 0.5104166666666666 0.00625 0.020833333333333332
2 0.536328125 0.5104166666666666 0.00546875 0.02638888888888889
2 0.524609375 0.5055555555555555 0.00546875 0.019444444444444445
2 0.515625 0.5166666666666667 0.0078125 0.027777777777777776
2 0.510546875 0.5229166666666667 0.00859375 0.03194444444444444
2 0.495703125 0.5097222222222222 0.00703125 0.022222222222222223
2 0.4875 0.5131944444444444 0.00625 0.02638888888888889
2 0.471875 0.5118055555555555 0.0078125 0.02361111111111111
2 0.4625 0.5104166666666666 0.00625 0.020833333333333332
2 0.45625 0.5229166666666667 0.009375 0.034722222222222224
2 0.416796875 0.5256944444444445 0.01328125 0.04027777777777778
2 0.379296875 0.5270833333333333 0.01015625 0.0375
2 0.3203125 0.5402777777777777 0.0140625 0.044444444444444446
2 0.259375 0.5513888888888889 0.0171875 0.05277777777777778
2 0.128515625 0.5826388888888889 0.02421875 0.09305555555555556