3 0.961328125 0.5208333333333334 0.00546875 0.016666666666666666
3 0.950390625 0.51875 0.00546875 0.015277777777777777
3 0.941796875 0.5236111111111111 0.00859375 0.016666666666666666
3 0.8921875 0.5243055555555556 0.00625 0.0125
3 0.886328125 0.525 0.00546875 0.016666666666666666
3 0.8484375 0.5277777777777778 0.00625 0.019444444444444445
3 0.791796875 0.53125 0.01015625 0.02361111111111111
3 0.77265625 0.5284722222222223 0.00625 0.02361111111111111
3 0.680078125 0.5375 0.00546875 0.016666666666666666
3 0.6640625 0.5375 0.00625 0.022222222222222223
3 0.693359375 0.5534722222222223 0.00859375 0.029166666666666667
3 0.63046875 0.5430555555555555 0.0078125 0.027777777777777776
3 0.608984375 0.5347222222222223 0.00703125 0.025
3 0.6015625 0.5395833333333333 0.0078125 0.03194444444444444
3 0.59296875 0.5326388888888889 0.00625 0.020833333333333332
3 0.499609375 0.5388888888888889 0.00703125 0.022222222222222223
3 0.490234375 0.5416666666666666 0.00859375 0.027777777777777776
3 0.484375 0.5430555555555555 0.009375 0.03333333333333333
3 0.446484375 0.5520833333333334 0.01171875 0.0375
3 0.38984375 0.5805555555555556 0.0234375 0.07777777777777778