3 0.555859375 0.5319444444444444 0.01484375 0.03888888888888889
3 0.43984375 0.5166666666666667 0.009375 0.030555555555555555
3 0.33828125 0.5243055555555556 0.01875 0.04583333333333333
3 0.36875 0.5020833333333333 0.0078125 0.020833333333333332
3 0.3171875 0.5125 0.0109375 0.03333333333333333
3 0.271875 0.5006944444444444 0.00625 0.029166666666666667
3 0.230078125 0.4979166666666667 0.00703125 0.02638888888888889
3 0.1828125 0.49166666666666664 0.009375 0.027777777777777776
3 0.143359375 0.48819444444444443 0.00703125 0.02638888888888889
3 0.10390625 0.48541666666666666 0.009375 0.02361111111111111
3 0.05859375 0.48125 0.0078125 0.02361111111111111
3 0.035546875 0.4722222222222223 0.00703125 0.022222222222222223