2 0.5734375 0.5798611111111112 0.0234375 0.08194444444444444
2 0.45546875 0.5590277777777778 0.01875 0.05694444444444444
2 0.35234375 0.5493055555555556 0.0171875 0.04861111111111111
2 0.27734375 0.5395833333333333 0.0125 0.04583333333333333
2 0.251171875 0.5340277777777778 0.01328125 0.034722222222222224
2 0.23828125 0.5388888888888889 0.0125 0.041666666666666664
2 0.8203125 0.6173611111111111 0.0359375 0.12083333333333333
2 0.26875 0.6472222222222223 0.04375 0.14166666666666666
2 0.248828125 0.5861111111111111 0.03359375 0.09166666666666666
2 0.18984375 0.5715277777777777 0.021875 0.06527777777777778
2 0.145703125 0.5631944444444444 0.01640625 0.06527777777777778
2 0.11328125 0.5479166666666667 0.015625 0.059722222222222225
2 0.07265625 0.5430555555555555 0.0125 0.041666666666666664
2 0.160546875 0.4861111111111111 0.00546875 0.013888888888888888
2 0.179296875 0.4875 0.00546875 0.013888888888888888
2 0.1421875 0.4861111111111111 0.0046875 0.011111111111111112