3 0.982421875 0.6784722222222223 0.03359375 0.19027777777777777
3 0.862890625 0.5861111111111111 0.03046875 0.1
3 0.7890625 0.5618055555555556 0.0203125 0.09027777777777778
3 0.745703125 0.5326388888888889 0.01953125 0.07361111111111111
3 0.63828125 0.5263888888888889 0.0203125 0.06666666666666667
3 0.521875 0.5041666666666667 0.0140625 0.044444444444444446
3 0.497265625 0.5076388888888889 0.01328125 0.04583333333333333
3 0.5125 0.5319444444444444 0.021875 0.06666666666666667
3 0.4234375 0.5013888888888889 0.0125 0.041666666666666664
3 0.443359375 0.5576388888888889 0.03515625 0.10416666666666667
3 0.276953125 0.6375 0.07578125 0.20555555555555555
3 0.032421875 0.4340277777777778 0.00546875 0.020833333333333332