2 0.97265625 0.6159722222222223 0.0359375 0.11805555555555555
2 0.923828125 0.5798611111111112 0.02890625 0.07916666666666666
2 0.857421875 0.5680555555555555 0.01484375 0.06666666666666667
2 0.894140625 0.5375 0.01015625 0.022222222222222223
2 0.758203125 0.5520833333333334 0.01796875 0.05138888888888889
2 0.834765625 0.5354166666666667 0.00859375 0.02361111111111111
2 0.81953125 0.5270833333333333 0.0109375 0.034722222222222224
2 0.775 0.5263888888888889 0.0078125 0.022222222222222223
2 0.7375 0.5166666666666667 0.0078125 0.022222222222222223
2 0.726953125 0.5229166666666667 0.00859375 0.020833333333333332
2 0.72109375 0.5208333333333334 0.009375 0.027777777777777776
2 0.697265625 0.5243055555555556 0.01015625 0.02638888888888889
2 0.708203125 0.51875 0.00703125 0.020833333333333332
2 0.67421875 0.5208333333333334 0.0125 0.025
2 0.665625 0.5180555555555556 0.009375 0.030555555555555555
2 0.65078125 0.5416666666666666 0.009375 0.03888888888888889
2 0.643359375 0.5083333333333333 0.00703125 0.016666666666666666
2 0.623046875 0.5256944444444445 0.01015625 0.029166666666666667
2 0.616015625 0.5222222222222223 0.00703125 0.027777777777777776
2 0.608984375 0.5131944444444444 0.00703125 0.02361111111111111
2 0.57890625 0.5104166666666666 0.009375 0.02361111111111111
2 0.564453125 0.5208333333333334 0.00703125 0.025
2 0.55234375 0.5256944444444445 0.009375 0.029166666666666667
2 0.533984375 0.5125 0.00859375 0.022222222222222223
2 0.517578125 0.5118055555555555 0.00703125 0.020833333333333332
2 0.52578125 0.5416666666666666 0.009375 0.03888888888888889
2 0.506640625 0.5180555555555556 0.00859375 0.030555555555555555
2 0.49921875 0.5743055555555555 0.0234375 0.07083333333333333
2 0.4875 0.5944444444444444 0.0234375 0.10277777777777777
2 0.466015625 0.5659722222222222 0.01484375 0.05694444444444444
2 0.408984375 0.5548611111111111 0.02109375 0.07083333333333333
2 0.432421875 0.5138888888888888 0.01015625 0.019444444444444445
2 0.3828125 0.5138888888888888 0.0109375 0.025
2 0.3953125 0.4986111111111111 0.0078125 0.013888888888888888
2 0.357421875 0.5243055555555556 0.01015625 0.03194444444444444
2 0.343359375 0.5027777777777778 0.00703125 0.016666666666666666
2 0.33359375 0.5111111111111111 0.009375 0.025
2 0.338671875 0.5381944444444444 0.01328125 0.043055555555555555
2 0.30078125 0.5631944444444444 0.015625 0.07916666666666666
2 0.313671875 0.6326388888888889 0.04140625 0.14027777777777778
2 0.303515625 0.5222222222222223 0.01328125 0.027777777777777776
2 0.2765625 0.5388888888888889 0.0078125 0.03888888888888889
2 0.2671875 0.5027777777777778 0.009375 0.016666666666666666
2 0.25859375 0.5104166666666666 0.0109375 0.02361111111111111
2 0.2390625 0.5166666666666667 0.009375 0.03333333333333333
2 0.87578125 0.5222222222222223 0.009375 0.030555555555555555