3 0.20078125 0.7166666666666667 0.0671875 0.21388888888888888
3 0.033984375 0.6576388888888889 0.06640625 0.1986111111111111
3 0.716796875 0.5263888888888889 0.01796875 0.06111111111111111
3 0.658984375 0.5097222222222223 0.01328125 0.044444444444444446
3 0.640625 0.53125 0.0140625 0.05416666666666667
3 0.5796875 0.5333333333333333 0.0140625 0.03888888888888889
3 0.515234375 0.49722222222222223 0.00703125 0.016666666666666666
3 0.534375 0.49722222222222223 0.0046875 0.013888888888888888
3 0.548046875 0.5111111111111111 0.00859375 0.025
3 0.5109375 0.5159722222222223 0.0078125 0.029166666666666667
3 0.498828125 0.5354166666666667 0.01328125 0.05138888888888889
3 0.46640625 0.5104166666666666 0.009375 0.02361111111111111
3 0.42890625 0.5104166666666666 0.0109375 0.03194444444444444
3 0.32265625 0.5319444444444444 0.015625 0.044444444444444446