2 0.98671875 0.6194444444444445 0.0234375 0.10555555555555556
2 0.97734375 0.6673611111111111 0.0359375 0.13194444444444445
2 0.96484375 0.5729166666666666 0.0203125 0.07083333333333333
2 0.89765625 0.6354166666666666 0.034375 0.13472222222222222
2 0.83671875 0.5659722222222222 0.01875 0.07083333333333333
2 0.71953125 0.5722222222222222 0.01875 0.075
2 0.622265625 0.5680555555555555 0.01953125 0.06666666666666667
2 0.537109375 0.5840277777777778 0.03359375 0.09305555555555556
2 0.426171875 0.5916666666666667 0.03515625 0.10555555555555556
2 0.286328125 0.6305555555555555 0.06484375 0.1527777777777778
2 0.039453125 0.7527777777777778 0.08984375 0.29444444444444445