2 0.918359375 0.5472222222222223 0.02265625 0.06111111111111111
2 0.887890625 0.51875 0.00859375 0.0375
2 0.872265625 0.5361111111111111 0.01328125 0.044444444444444446
2 0.841796875 0.5104166666666666 0.00859375 0.034722222222222224
2 0.819921875 0.5159722222222223 0.01015625 0.04027777777777778
2 0.8 0.5034722222222222 0.0109375 0.029166666666666667
2 0.765625 0.5125 0.0125 0.041666666666666664
2 0.791015625 0.5340277777777778 0.00703125 0.0375
2 0.8046875 0.5430555555555555 0.01875 0.05277777777777778
2 0.725 0.5479166666666667 0.0109375 0.05138888888888889
2 0.71875 0.5284722222222222 0.0140625 0.034722222222222224
2 0.691015625 0.5729166666666666 0.01328125 0.04861111111111111
2 0.65546875 0.5298611111111111 0.0125 0.05694444444444444
2 0.6390625 0.5104166666666666 0.0140625 0.034722222222222224
2 0.635546875 0.5423611111111111 0.01640625 0.05416666666666667
2 0.603515625 0.5277777777777778 0.01640625 0.06388888888888888
2 0.554296875 0.525 0.01171875 0.05277777777777778
2 0.5390625 0.5361111111111111 0.015625 0.05
2 0.498046875 0.5229166666666667 0.01171875 0.043055555555555555
2 0.4609375 0.5416666666666666 0.015625 0.058333333333333334
2 0.43203125 0.5361111111111111 0.015625 0.05277777777777778
2 0.428125 0.5840277777777778 0.0234375 0.09583333333333334
2 0.5296875 0.6048611111111111 0.040625 0.1375
2 0.392578125 0.5472222222222223 0.01328125 0.06111111111111111
2 0.347265625 0.5326388888888889 0.01484375 0.05694444444444444
2 0.334765625 0.5493055555555556 0.01640625 0.05694444444444444
2 0.32578125 0.5597222222222222 0.0203125 0.075
2 0.2671875 0.5402777777777777 0.015625 0.05277777777777778
2 0.20703125 0.5409722222222222 0.0125 0.05416666666666667
2 0.154296875 0.5493055555555556 0.01640625 0.05694444444444444
2 0.097265625 0.5541666666666667 0.01953125 0.06388888888888888
2 0.05234375 0.5659722222222222 0.021875 0.07361111111111111
2 0.0203125 0.5840277777777778 0.025 0.07916666666666666
2 0.012890625 0.6222222222222222 0.02890625 0.11666666666666667
2 0.0140625 0.7 0.0671875 0.20555555555555555