2 0.26796875 0.5826388888888889 0.040625 0.10138888888888889
2 0.916796875 0.5409722222222222 0.02109375 0.0375
2 0.8265625 0.5875 0.0203125 0.05555555555555555
2 0.7390625 0.5513888888888889 0.0171875 0.041666666666666664
2 0.65546875 0.5048611111111111 0.00625 0.015277777777777777
2 0.642578125 0.5104166666666666 0.00546875 0.015277777777777777
2 0.6328125 0.5104166666666666 0.00625 0.015277777777777777
2 0.621484375 0.5173611111111112 0.00703125 0.020833333333333332
2 0.675390625 0.5416666666666666 0.01796875 0.041666666666666664
2 0.605078125 0.5409722222222222 0.01328125 0.034722222222222224
2 0.5375 0.5340277777777778 0.0140625 0.034722222222222224