3 0.187890625 0.6305555555555555 0.04140625 0.1638888888888889
3 0.348046875 0.5618055555555556 0.01640625 0.07916666666666666
3 0.64921875 0.5694444444444444 0.0125 0.06666666666666667
3 0.866015625 0.6159722222222223 0.02421875 0.10416666666666667
3 0.5203125 0.5416666666666666 0.0140625 0.05277777777777778
3 0.33984375 0.5416666666666666 0.0125 0.05
3 0.25234375 0.5298611111111111 0.00625 0.04861111111111111
3 0.2578125 0.5111111111111111 0.0078125 0.030555555555555555
3 0.208203125 0.5111111111111111 0.00859375 0.027777777777777776
3 0.175390625 0.5083333333333333 0.00703125 0.030555555555555555
3 0.16171875 0.5236111111111111 0.0109375 0.03888888888888889
3 0.112109375 0.5104166666666666 0.01015625 0.0375
3 0.42734375 0.5270833333333333 0.0125 0.05138888888888889