3 0.070703125 0.7326388888888888 0.07734375 0.2708333333333333
3 0.23515625 0.6111111111111113 0.0453125 0.1527777777777778
3 0.288671875 0.5826388888888889 0.02265625 0.10972222222222222
3 0.29609375 0.5618055555555556 0.0109375 0.07361111111111111
3 0.301171875 0.5486111111111113 0.01015625 0.06388888888888888
3 0.153515625 0.5652777777777778 0.02265625 0.08055555555555556
3 0.126171875 0.5333333333333333 0.01796875 0.05555555555555555
3 0.59453125 0.5555555555555556 0.0203125 0.07777777777777778
3 0.640234375 0.5694444444444444 0.02421875 0.09444444444444444
3 0.732421875 0.5743055555555555 0.02109375 0.0763888888888889
3 0.53046875 0.5430555555555555 0.0125 0.06944444444444445
3 0.478125 0.5354166666666667 0.015625 0.05138888888888889
3 0.405078125 0.5340277777777778 0.01171875 0.05416666666666667
3 0.3390625 0.5368055555555555 0.0125 0.04861111111111111
3 0.26796875 0.5479166666666667 0.0140625 0.07083333333333333
3 0.228515625 0.5513888888888889 0.01484375 0.06944444444444445