2 0.74765625 0.51875 0.009375 0.029166666666666667
2 0.709765625 0.5208333333333334 0.00703125 0.027777777777777776
2 0.671484375 0.5236111111111111 0.01015625 0.03333333333333333
2 0.60703125 0.5215277777777778 0.0078125 0.034722222222222224
2 0.573046875 0.5104166666666666 0.00703125 0.020833333333333332
2 0.585546875 0.5013888888888889 0.00703125 0.022222222222222223
2 0.54375 0.5048611111111111 0.0046875 0.015277777777777777
2 0.536328125 0.5083333333333333 0.00546875 0.016666666666666666
2 0.509375 0.5104166666666666 0.00625 0.02361111111111111
2 0.4703125 0.5083333333333333 0.00625 0.019444444444444445
2 0.465234375 0.5208333333333334 0.00703125 0.025
2 0.4375 0.5097222222222222 0.0078125 0.019444444444444445
2 0.41484375 0.5076388888888889 0.009375 0.02361111111111111