2 0.99609375 0.5729166666666666 0.00625 0.09027777777777778
2 0.923828125 0.5784722222222223 0.03046875 0.1125
2 0.738671875 0.58125 0.01953125 0.07916666666666666
2 0.723046875 0.5166666666666667 0.01328125 0.044444444444444446
2 0.708984375 0.5138888888888888 0.01171875 0.044444444444444446
2 0.6296875 0.5111111111111111 0.0171875 0.04722222222222222
2 0.545703125 0.5055555555555555 0.00703125 0.03888888888888889
2 0.53203125 0.5194444444444445 0.015625 0.044444444444444446
2 0.475390625 0.5041666666666667 0.01171875 0.03888888888888889
2 0.45703125 0.5229166666666667 0.0109375 0.05138888888888889
2 0.39921875 0.5166666666666667 0.01875 0.05277777777777778
2 0.348046875 0.4986111111111111 0.01171875 0.03333333333333333
2 0.30703125 0.5201388888888889 0.015625 0.0375
2 0.25859375 0.4965277777777778 0.0078125 0.02638888888888889
2 0.246875 0.5097222222222222 0.015625 0.03888888888888889
2 0.2078125 0.5034722222222222 0.009375 0.04861111111111111
2 0.20078125 0.4895833333333333 0.0109375 0.02361111111111111
2 0.175390625 0.4875 0.00703125 0.027777777777777776
2 0.181640625 0.5048611111111111 0.00859375 0.034722222222222224
2 0.10234375 0.5951388888888889 0.040625 0.12916666666666668