2 0.801953125 0.5819444444444445 0.02109375 0.058333333333333334
2 0.697265625 0.5319444444444444 0.01484375 0.058333333333333334
2 0.5875 0.4756944444444444 0.0046875 0.020833333333333332
2 0.52734375 0.46944444444444444 0.0046875 0.019444444444444445
2 0.472265625 0.46111111111111114 0.00546875 0.016666666666666666
2 0.40234375 0.4527777777777778 0.00625 0.019444444444444445
2 0.37109375 0.4513888888888889 0.0078125 0.016666666666666666
2 0.34453125 0.4513888888888889 0.00625 0.019444444444444445
2 0.3296875 0.4465277777777778 0.0046875 0.015277777777777777
2 0.31484375 0.45069444444444445 0.00625 0.020833333333333332
2 0.306640625 0.4444444444444444 0.00546875 0.013888888888888888