3 0.655078125 0.5340277777777778 0.01484375 0.04583333333333333
3 0.84609375 0.6041666666666666 0.0234375 0.05277777777777778
3 0.53125 0.475 0.00625 0.016666666666666666
3 0.463671875 0.4625 0.00703125 0.019444444444444445
3 0.420703125 0.45555555555555555 0.00703125 0.019444444444444445
3 0.369140625 0.44513888888888886 0.00703125 0.020833333333333332
3 0.336328125 0.44583333333333336 0.00703125 0.022222222222222223
3 0.303125 0.4409722222222223 0.0046875 0.020833333333333332
3 0.275 0.43819444444444444 0.00625 0.015277777777777777
3 0.24453125 0.4354166666666667 0.00625 0.015277777777777777
3 0.208984375 0.4340277777777778 0.00703125 0.02361111111111111