2 0.837890625 0.6513888888888889 0.03984375 0.15
2 0.684375 0.56875 0.0203125 0.07083333333333333
2 0.62734375 0.5666666666666667 0.0265625 0.075
2 0.551953125 0.5520833333333334 0.02578125 0.0625
2 0.492578125 0.5423611111111111 0.01796875 0.05416666666666667
2 0.412109375 0.5423611111111111 0.01484375 0.05416666666666667
2 0.33828125 0.5395833333333333 0.0140625 0.04027777777777778
2 0.276171875 0.5638888888888889 0.02265625 0.08055555555555556
2 0.26953125 0.5743055555555555 0.0328125 0.09027777777777778
2 0.24375 0.5618055555555556 0.0234375 0.07916666666666666
2 0.23671875 0.5986111111111111 0.0390625 0.11944444444444445
2 0.225390625 0.5368055555555555 0.01171875 0.04861111111111111
2 0.196875 0.5645833333333333 0.028125 0.0763888888888889
2 0.121875 0.6645833333333333 0.065625 0.18194444444444444
2 0.09375 0.5756944444444444 0.0328125 0.08472222222222223
2 0.10859375 0.5395833333333333 0.015625 0.04861111111111111
2 0.0078125 0.5416666666666666 0.0171875 0.05555555555555555