3 0.795703125 0.525 0.01015625 0.027777777777777776
3 0.85234375 0.5243055555555556 0.009375 0.02638888888888889
3 0.8828125 0.5201388888888889 0.00625 0.020833333333333332
3 0.945703125 0.5180555555555556 0.00546875 0.022222222222222223
3 0.96328125 0.5166666666666667 0.00625 0.016666666666666666
3 0.8890625 0.5159722222222223 0.0046875 0.015277777777777777
3 0.773046875 0.5222222222222223 0.00703125 0.019444444444444445
3 0.72578125 0.525 0.00625 0.025
3 0.675 0.5270833333333333 0.00625 0.02361111111111111
3 0.659765625 0.5215277777777778 0.00546875 0.020833333333333332
3 0.694921875 0.5416666666666666 0.01015625 0.041666666666666664
3 0.6265625 0.5354166666666667 0.0125 0.04027777777777778
3 0.602734375 0.5263888888888889 0.00859375 0.025
3 0.593359375 0.53125 0.00703125 0.029166666666666667
3 0.58515625 0.5236111111111111 0.0046875 0.016666666666666666
3 0.4890625 0.5270833333333333 0.0078125 0.02361111111111111
3 0.46953125 0.5388888888888889 0.00625 0.03333333333333333
3 0.478515625 0.5298611111111111 0.00859375 0.029166666666666667
3 0.426171875 0.5423611111111111 0.01015625 0.043055555555555555