2 0.995703125 0.5569444444444445 0.00703125 0.08055555555555556
2 0.965625 0.5548611111111111 0.0140625 0.05694444444444444
2 0.91953125 0.5618055555555556 0.01875 0.059722222222222225
2 0.934765625 0.5298611111111111 0.01015625 0.03194444444444444
2 0.905078125 0.5326388888888889 0.00859375 0.03194444444444444
2 0.913671875 0.5256944444444445 0.01171875 0.029166666666666667
2 0.930078125 0.5270833333333333 0.00703125 0.03194444444444444
2 0.882421875 0.5291666666666667 0.00703125 0.03888888888888889
2 0.876953125 0.5381944444444444 0.00859375 0.029166666666666667
2 0.878125 0.5694444444444444 0.015625 0.05555555555555555
2 0.8953125 0.6131944444444445 0.028125 0.10416666666666667
2 0.8625 0.5833333333333334 0.015625 0.07777777777777778
2 0.862890625 0.5201388888888889 0.00703125 0.034722222222222224
2 0.853515625 0.5326388888888889 0.01015625 0.0375
2 0.8390625 0.5368055555555555 0.009375 0.04861111111111111
2 0.823046875 0.5243055555555556 0.00546875 0.029166666666666667
2 0.814453125 0.5326388888888889 0.01171875 0.04027777777777778
2 0.79921875 0.55 0.0125 0.05277777777777778
2 0.791796875 0.5215277777777778 0.00859375 0.02638888888888889
2 0.78515625 0.5222222222222223 0.0109375 0.03333333333333333
2 0.773828125 0.5236111111111111 0.01171875 0.022222222222222223
2 0.778515625 0.5291666666666667 0.01171875 0.027777777777777776
2 0.74453125 0.5527777777777778 0.0125 0.04722222222222222
2 0.7328125 0.5236111111111111 0.00625 0.025
2 0.728515625 0.5340277777777778 0.00859375 0.03194444444444444
2 0.71875 0.5256944444444445 0.0109375 0.03194444444444444
2 0.689453125 0.5243055555555556 0.01015625 0.02361111111111111
2 0.691796875 0.55625 0.01796875 0.05416666666666667
2 0.653515625 0.5347222222222222 0.01015625 0.030555555555555555
2 0.638671875 0.5333333333333333 0.01171875 0.030555555555555555
2 0.6328125 0.5354166666666667 0.0109375 0.029166666666666667
2 0.633203125 0.5666666666666667 0.01640625 0.05277777777777778
2 0.608984375 0.5291666666666667 0.01015625 0.030555555555555555
2 0.567578125 0.5784722222222223 0.02421875 0.10138888888888889
2 0.54921875 0.525 0.00625 0.022222222222222223
2 0.529296875 0.5270833333333333 0.01015625 0.03194444444444444
2 0.513671875 0.5409722222222222 0.01015625 0.043055555555555555
2 0.480078125 0.6097222222222223 0.02890625 0.11944444444444445
2 0.453515625 0.5243055555555556 0.01171875 0.034722222222222224
2 0.409375 0.5423611111111111 0.0125 0.043055555555555555
2 0.37109375 0.5236111111111111 0.0109375 0.030555555555555555
2 0.294140625 0.525 0.01015625 0.030555555555555555
2 0.24609375 0.5409722222222222 0.0171875 0.05694444444444444
2 0.3328125 0.6673611111111111 0.059375 0.19305555555555556
2 0.20390625 0.5284722222222222 0.009375 0.043055555555555555
2 0.04453125 0.8034722222222223 0.1203125 0.3736111111111111
2 0.124609375 0.51875 0.01484375 0.034722222222222224
2 0.070703125 0.5375 0.01796875 0.05
2 0.02578125 0.5173611111111112 0.0109375 0.034722222222222224