0 0.263542 0.643056 0.033333 0.078704
0 0.424740 0.569907 0.023438 0.060185
1 0.888021 0.624074 0.037500 0.094444
2 0.846094 0.543519 0.020313 0.053704
2 0.648438 0.489352 0.014583 0.036111
1 0.945833 0.475000 0.012500 0.031481
1 0.912500 0.485185 0.012500 0.031481
2 0.895573 0.499074 0.015104 0.044444
2 0.872917 0.518519 0.017708 0.050000
0 0.782292 0.470370 0.010417 0.029630
2 0.723958 0.486111 0.010417 0.031481
2 0.607292 0.493519 0.015625 0.035185
0 0.832292 0.461111 0.012500 0.029630
0 0.879687 0.455556 0.011458 0.025926
0 0.986719 0.454630 0.010937 0.025926
0 0.953646 0.453704 0.009375 0.025926
