0 0.144792 0.477778 0.035417 0.077778
1 0.888021 0.510648 0.046875 0.106481
1 0.733333 0.419907 0.028125 0.062037
1 0.648438 0.381481 0.018750 0.048148
1 0.597917 0.365741 0.015625 0.040741
1 0.501563 0.350000 0.012500 0.031481
1 0.433073 0.343519 0.010937 0.027778
1 0.391667 0.341204 0.008333 0.021296
0 0.230990 0.424537 0.023438 0.056481
0 0.262760 0.394907 0.015104 0.043519
0 0.236719 0.366667 0.014063 0.025926
0 0.195573 0.356019 0.009896 0.028704
1 0.332292 0.336111 0.008333 0.029630
0 0.104688 0.353704 0.010417 0.024074
1 0.118490 0.341204 0.007812 0.023148
1 0.243490 0.335185 0.008854 0.020370
