1 0.850781 0.532407 0.044271 0.103704
1 0.812760 0.478241 0.029687 0.073148
1 0.842708 0.430556 0.021875 0.050000
0 0.158594 0.566667 0.046354 0.103704
0 0.317188 0.487037 0.027083 0.068519
0 0.375260 0.450463 0.024479 0.062037
0 0.466667 0.412963 0.018750 0.040741
0 0.529687 0.391204 0.014583 0.039815
0 0.559115 0.380556 0.011979 0.033333
0 0.673438 0.368519 0.009375 0.027778
0 0.735938 0.366667 0.009375 0.025926
0 0.865104 0.365741 0.012500 0.027778
1 0.951042 0.379630 0.012500 0.029630
1 0.844010 0.396296 0.016146 0.042593
