0 0.247997 0.350260 0.050481 0.184896
2 0.904247 0.621094 0.052083 0.231771
1 0.786458 0.328125 0.042468 0.218750
1 0.718349 0.204427 0.037660 0.169271
0 0.370994 0.166667 0.030449 0.135417
0 0.459135 0.092448 0.028846 0.106771
0 0.594952 0.049479 0.020032 0.088542
1 0.802083 0.123698 0.025641 0.111979
1 0.878205 0.076823 0.020833 0.106771
1 0.987179 0.072917 0.025641 0.104167
2 0.027644 0.729167 0.053686 0.312500
0 0.646234 0.036458 0.013622 0.067708
0 0.783253 0.024740 0.013622 0.044271
0 0.854167 0.023438 0.016026 0.041667
0 0.935497 0.020833 0.013622 0.036458
