2 0.904647 0.625000 0.044872 0.229167
1 0.785256 0.332031 0.043269 0.210938
0 0.248397 0.346354 0.048077 0.192708
0 0.370994 0.170573 0.030449 0.122396
0 0.461939 0.097656 0.024840 0.101562
0 0.593349 0.049479 0.018429 0.083333
1 0.720353 0.205729 0.035256 0.161458
1 0.805288 0.131510 0.025641 0.111979
1 0.878205 0.080729 0.024038 0.109375
1 0.988782 0.069010 0.020833 0.096354
2 0.025240 0.725260 0.048878 0.299479
0 0.648638 0.036458 0.015224 0.067708
0 0.782853 0.020833 0.016026 0.036458
0 0.854167 0.020833 0.012821 0.036458
0 0.937099 0.020833 0.013622 0.036458
