0 0.613782051 0.096354167 0.022435897 0.109375000
0 0.580528846 0.145833333 0.028044872 0.135416667
0 0.517628205 0.227864583 0.036858974 0.174479167
0 0.385016026 0.359375000 0.047275641 0.234375000
0 0.276842949 0.531250000 0.060096154 0.296875000
0 0.683493590 0.063802083 0.020833333 0.106770833
0 0.780849359 0.045572917 0.023237179 0.091145833
0 0.869391026 0.033854167 0.019230769 0.067708333
0 0.025240385 0.855468750 0.050480769 0.289062500
0 0.963541667 0.028645833 0.018429487 0.057291667
