1 0.737500 0.533333 0.031250 0.088889
1 0.663542 0.454167 0.018750 0.049074
1 0.632292 0.418056 0.010417 0.032407
0 0.296094 0.528241 0.021354 0.069444
0 0.412240 0.454167 0.014063 0.047222
0 0.479167 0.419444 0.009375 0.031481
0 0.172917 0.468519 0.020833 0.044444
1 0.024740 0.480556 0.020313 0.037037
1 0.140365 0.443056 0.014063 0.036111
1 0.621615 0.396759 0.008854 0.030556
3 0.629167 0.380556 0.007292 0.025926
3 0.547917 0.381481 0.008333 0.029630
0 0.532813 0.393056 0.007292 0.019444
0 0.509896 0.403704 0.009375 0.024074
3 0.431250 0.383796 0.006250 0.023148
0 0.395833 0.393519 0.007292 0.016667
3 0.367188 0.387500 0.007292 0.021296
0 0.354687 0.400926 0.007292 0.018519
0 0.312760 0.412037 0.008854 0.020370
1 0.307812 0.398148 0.006250 0.018519
0 0.266146 0.431944 0.011458 0.026852
1 0.264062 0.407870 0.008333 0.019444
1 0.208073 0.421296 0.008854 0.024074
