1 0.882812 0.556019 0.028125 0.082407
1 0.916406 0.485185 0.016146 0.044444
1 0.877083 0.446296 0.009375 0.025926
0 0.505469 0.493519 0.020313 0.053704
0 0.659115 0.454167 0.010937 0.034259
0 0.683333 0.437037 0.009375 0.033333
1 0.792188 0.429167 0.010417 0.026852
1 0.708594 0.414815 0.007812 0.022222
0 0.665365 0.426852 0.009896 0.025926
0 0.623958 0.420370 0.009375 0.024074
1 0.583333 0.405093 0.007292 0.019444
0 0.550260 0.416667 0.009896 0.022222
1 0.466667 0.404167 0.007292 0.019444
0 0.462240 0.416204 0.009896 0.021296
1 0.364063 0.407870 0.008333 0.017593
0 0.358594 0.418519 0.007812 0.022222
0 0.279167 0.426389 0.008333 0.023148
1 0.264844 0.413426 0.007812 0.019444
1 0.165365 0.423611 0.009896 0.019444
0 0.157812 0.436111 0.010417 0.022222
1 0.048698 0.436574 0.009896 0.023148
