1 0.963542 0.174479 0.015224 0.072917
0 0.758013 0.236979 0.016026 0.098958
0 0.527644 0.339844 0.028045 0.132812
0 0.796474 0.197917 0.016026 0.083333
1 0.834535 0.127604 0.016827 0.067708
0 0.768429 0.162760 0.012821 0.075521
0 0.705529 0.151042 0.020032 0.072917
0 0.594151 0.135417 0.016827 0.067708
1 0.644631 0.101562 0.012019 0.052083
1 0.464744 0.092448 0.014423 0.059896
0 0.459135 0.127604 0.012821 0.067708
1 0.309696 0.104167 0.010417 0.052083
0 0.302484 0.139323 0.012019 0.065104
0 0.183093 0.151042 0.012019 0.067708
1 0.158253 0.115885 0.010417 0.054688
1 0.008013 0.139323 0.009615 0.054688
