0 0.3341864224137931 0.31693548387096776 0.0568426724137931 0.11129032258064517
0 0.5204741379310345 0.2836693548387097 0.03556034482758621 0.0721774193548387
0 0.5262661637931034 0.2921370967741935 0.037984913793103446 0.07701612903225806
0 0.5893049568965517 0.3217741935483871 0.055765086206896554 0.1064516129032258
0 0.6404903017241379 0.34858870967741934 0.07516163793103449 0.12943548387096773
0 0.03771551724137931 0.6125 0.07543103448275862 0.27580645161290324
1 0.3911637931034483 0.2747983870967742 0.036637931034482756 0.07298387096774193
1 0.4097521551724138 0.2651209677419355 0.03017241379310345 0.06330645161290323
1 0.5067349137931034 0.2721774193548387 0.03017241379310345 0.06612903225806452
1 0.5483566810344828 0.30463709677419354 0.05037715517241379 0.09314516129032258
1 0.673760775862069 0.42782258064516127 0.11584051724137931 0.2056451612903226
1 0.7964709051724138 0.53125 0.15598060344827586 0.30443548387096775
2 0.17093211206896552 0.45120967741935486 0.13119612068965517 0.24274193548387096
2 0.26373922413793105 0.36774193548387096 0.09159482758620689 0.16129032258064516
2 0.36853448275862066 0.2911290322580645 0.04525862068965517 0.08709677419354839
2 0.4660560344827586 0.2713709677419355 0.029094827586206896 0.06048387096774194
3 0.4564924568965517 0.2610887096774194 0.04067887931034483 0.1125
