0 0.6528825431034483 0.39838709677419354 0.07947198275862069 0.1338709677419355
0 0.07920258620689655 0.6618951612903226 0.1584051724137931 0.40766129032258064
0 0.33997844827586204 0.3721774193548387 0.057112068965517244 0.11129032258064517
0 0.5930765086206896 0.37358870967741936 0.057920258620689655 0.10846774193548388
0 0.5220905172413793 0.3455645161290323 0.04310344827586207 0.07903225806451612
0 0.5121228448275862 0.33588709677419354 0.03879310344827586 0.06935483870967742
1 0.8700161637931034 0.5721774193548387 0.15382543103448276 0.3040322580645161
1 0.7171336206896551 0.4752016129032258 0.11584051724137931 0.2125
1 0.5453933189655172 0.3558467741935484 0.05091594827586207 0.0939516129032258
1 0.38025323275862066 0.33125 0.0369073275862069 0.07540322580645162
1 0.39143318965517243 0.31814516129032255 0.03178879310344827 0.062096774193548386
1 0.4931303879310345 0.32479838709677417 0.03205818965517242 0.06491935483870968
2 0.21632543103448276 0.51875 0.13793103448275862 0.26653225806451614
2 0.28933189655172414 0.4256048387096774 0.09051724137931035 0.16088709677419355
2 0.36395474137931033 0.34576612903225806 0.04956896551724138 0.08911290322580645
3 0.4462553879310345 0.3143145161290323 0.04067887931034483 0.11008064516129032
