0 0.03879310344827586 0.5012096774193548 0.07758620689655173 0.18951612903225806
0 0.9264547413793104 0.5018145161290323 0.1470905172413793 0.28266129032258064
0 0.4001885775862069 0.542741935483871 0.1958512931034483 0.3540322580645161
0 0.31236530172413796 0.3717741935483871 0.04606681034482758 0.08870967741935484
0 0.39210668103448276 0.3310483870967742 0.01804956896551724 0.03064516129032258
0 0.4234913793103448 0.3316532258064516 0.015625 0.03024193548387097
1 0.32623922413793105 0.6665322580645161 0.30280172413793105 0.5540322580645162
1 0.4053071120689655 0.4324596774193548 0.10371767241379311 0.1842741935483871
1 0.4267241379310345 0.40463709677419357 0.07650862068965517 0.14233870967741935
1 0.38294719827586204 0.39153225806451614 0.07408405172413793 0.12016129032258065
1 0.35950969827586204 0.35604838709677417 0.0390625 0.06612903225806452
1 0.4012661637931034 0.32963709677419356 0.01697198275862069 0.027822580645161292
2 0.5960398706896551 0.4659274193548387 0.1392780172413793 0.23911290322580644
2 0.48895474137931033 0.3901209677419355 0.07435344827586207 0.12298387096774194
2 0.43898168103448276 0.3310483870967742 0.018588362068965518 0.028225806451612902
2 0.43763469827586204 0.33064516129032256 0.016433189655172414 0.027419354838709678
3 0.42443426724137934 0.32036290322580646 0.01966594827586207 0.04314516129032258
