0 0.41823814655172414 0.44294354838709676 0.060075431034482756 0.11895161290322581
0 0.5076778017241379 0.45987903225806454 0.057920258620689655 0.12701612903225806
0 0.5398706896551724 0.4588709677419355 0.05980603448275862 0.0846774193548387
0 0.7769396551724138 0.4520161290322581 0.052262931034482756 0.10241935483870968
0 0.8071120689655172 0.4310483870967742 0.03394396551724138 0.07016129032258064
1 0.36705280172413796 0.43286290322580645 0.06654094827586207 0.11895161290322581
1 0.44073275862068967 0.4314516129032258 0.046875 0.09919354838709678
1 0.6800915948275862 0.5264112903225806 0.10695043103448276 0.21330645161290324
1 0.7390894396551724 0.48870967741935484 0.0859375 0.15483870967741936
1 0.5979256465517241 0.42943548387096775 0.04768318965517242 0.06370967741935483
1 0.6014278017241379 0.4229838709677419 0.042295258620689655 0.06370967741935483
2 0.27586206896551724 0.5741935483870968 0.13631465517241378 0.2725806451612903
2 0.7578125 0.4689516129032258 0.05549568965517242 0.12419354838709677
2 0.7859644396551724 0.4417338709677419 0.04067887931034483 0.08266129032258064
2 0.791082974137931 0.4340725806451613 0.04391163793103448 0.07298387096774193
3 0.46080280172413796 0.4310483870967742 0.10371767241379311 0.2314516129032258
