0 0.08459051724137931 0.5064516129032258 0.08405172413793104 0.18064516129032257
0 0.34698275862068967 0.4161290322580645 0.046875 0.08951612903225807
0 0.6263469827586207 0.4872983870967742 0.08081896551724138 0.19153225806451613
1 0.11813038793103449 0.4415322580645161 0.0568426724137931 0.1064516129032258
1 0.28515625 0.5673387096774194 0.09940732758620689 0.22983870967741934
1 0.29539331896551724 0.43528225806451615 0.06492456896551724 0.10846774193548388
1 0.5004040948275862 0.4102822580645161 0.04552801724137931 0.09879032258064516
1 0.8619342672413793 0.4308467741935484 0.06761853448275862 0.12782258064516128
2 0.6875 0.5532258064516129 0.12661637931034483 0.24274193548387096
2 0.7209051724137931 0.4038306451612903 0.04418103448275862 0.10120967741935484
