0 0.24932650862068967 0.6747983870967742 0.25134698275862066 0.47701612903225804
0 0.15382543103448276 0.4798387096774194 0.046875 0.11612903225806452
0 0.5717941810344828 0.5040322580645161 0.06546336206896551 0.125
0 0.8023976293103449 0.5752016129032258 0.13173491379310345 0.25201612903225806
0 0.8648976293103449 0.555241935483871 0.09186422413793104 0.2161290322580645
1 0.17860991379310345 0.5139112903225806 0.06842672413793104 0.1625
1 0.24676724137931033 0.5473790322580645 0.12284482758620689 0.22943548387096774
2 0.35008081896551724 0.473991935483871 0.049299568965517244 0.09959677419354838
2 0.7244073275862069 0.5082661290322581 0.05495689655172414 0.12056451612903225
2 0.8234105603448276 0.5002016129032258 0.05091594827586207 0.10201612903225807
2 0.9847790948275862 0.5185483870967742 0.030441810344827586 0.10161290322580645
3 0.4892241379310345 0.4475806451612903 0.05441810344827586 0.1314516129032258
