0 0.18561422413793102 0.3370967741935484 0.05549568965517242 0.09435483870967742
0 0.36126077586206895 0.35745967741935486 0.04525862068965517 0.0842741935483871
0 0.5237068965517241 0.39213709677419356 0.0490301724137931 0.08911290322580645
0 0.6364493534482759 0.5058467741935484 0.10856681034482758 0.18185483870967742
1 0.3662446120689655 0.35141129032258067 0.035829741379310345 0.07379032258064516
1 0.3855064655172414 0.4028225806451613 0.06357758620689655 0.12661290322580646
1 0.38591056034482757 0.3834677419354839 0.06223060344827586 0.1064516129032258
1 0.46066810344827586 0.43649193548387094 0.08890086206896551 0.14717741935483872
2 0.2918911637931034 0.35625 0.06115301724137931 0.09556451612903226
2 0.3285290948275862 0.41693548387096774 0.09348060344827586 0.15080645161290324
