0 0.6967941810344828 0.5245967741935483 0.026670258620689655 0.042741935483870966
0 0.7389547413793104 0.530241935483871 0.030711206896551723 0.04838709677419355
0 0.6237877155172413 0.5344758064516129 0.028286637931034482 0.05040322580645161
0 0.18561422413793102 0.5415322580645161 0.056573275862068964 0.0967741935483871
1 0.27316810344827586 0.5469758064516129 0.05549568965517242 0.10201612903225807
1 0.10627693965517242 0.5548387096774193 0.06223060344827586 0.11129032258064517
1 0.07623922413793104 0.4866935483870968 0.04741379310344827 0.07983870967741935
1 0.20501077586206898 0.5391129032258064 0.04956896551724138 0.08870967741935484
2 0.6111260775862069 0.5231854838709677 0.0390625 0.0875
2 0.13133081896551724 0.5431451612903225 0.05738146551724138 0.0935483870967742
