0 0.34832974137931033 0.48125 0.1783405172413793 0.28266129032258064
0 0.4521821120689655 0.39858870967741933 0.06330818965517242 0.1060483870967742
0 0.5382543103448276 0.4157258064516129 0.08620689655172414 0.14274193548387096
0 0.9139278017241379 0.4441532258064516 0.10425646551724138 0.17701612903225805
1 0.2998383620689655 0.38891129032258065 0.04633620689655173 0.08911290322580645
1 0.3855064655172414 0.3933467741935484 0.045797413793103446 0.09798387096774193
1 0.7291217672413793 0.6163306451612903 0.28044181034482757 0.5875
2 0.04727909482758621 0.4568548387096774 0.09455818965517242 0.2314516129032258
2 0.11206896551724138 0.4258064516129032 0.09590517241379311 0.16532258064516128
2 0.14022090517241378 0.40846774193548385 0.0703125 0.13225806451612904
2 0.21982758620689655 0.3951612903225806 0.052801724137931036 0.11290322580645161
2 0.7886584051724138 0.40504032258064515 0.19046336206896552 0.4584677419354839
