0 0.43426724137931033 0.5129032258064516 0.04418103448275862 0.08951612903225807
0 0.4989224137931034 0.5139112903225806 0.043642241379310345 0.09153225806451613
0 0.54296875 0.5485887096774194 0.07947198275862069 0.16975806451612904
0 0.3485991379310345 0.4993951612903226 0.02478448275862069 0.07862903225806452
0 0.5288254310344828 0.5308467741935484 0.02209051724137931 0.1125
1 0.40086206896551724 0.5223790322580645 0.05172413793103448 0.11411290322580646
1 0.7951239224137931 0.5798387096774194 0.12473060344827586 0.22419354838709676
1 0.6382004310344828 0.5324596774193548 0.05872844827586207 0.11008064516129032
1 0.2755926724137931 0.5028225806451613 0.021551724137931036 0.07983870967741935
1 0.3677262931034483 0.510483870967742 0.03502155172413793 0.08064516129032258
2 0.20743534482758622 0.507258064516129 0.04849137931034483 0.10403225806451613
2 0.24622844827586207 0.5153225806451613 0.05172413793103448 0.1153225806451613
2 0.29364224137931033 0.5405241935483871 0.07920258620689655 0.1689516129032258
2 0.7314116379310345 0.5068548387096774 0.08997844827586207 0.23951612903225805
