0 0.1097790948275862 0.3445564516129032 0.06654094827586207 0.12217741935483871
0 0.3950700431034483 0.35504032258064516 0.04822198275862069 0.09314516129032258
0 0.5930765086206896 0.35866935483870965 0.029364224137931036 0.06975806451612904
0 0.7632004310344828 0.3713709677419355 0.029633620689655173 0.06451612903225806
0 0.4050377155172414 0.7691532258064516 0.29283405172413796 0.46169354838709675
1 0.19234913793103448 0.38387096774193546 0.07596982758620689 0.1443548387096774
1 0.4698275862068966 0.3443548387096774 0.028556034482758622 0.06048387096774194
1 0.78515625 0.419758064516129 0.049299568965517244 0.10403225806451613
1 0.8150592672413793 0.48366935483870965 0.09617456896551724 0.16491935483870968
2 0.3465786637931034 0.34415322580645163 0.042295258620689655 0.08588709677419355
2 0.7122844827586207 0.35524193548387095 0.024245689655172414 0.054838709677419356
2 0.07192887931034483 0.6685483870967742 0.14385775862068967 0.48629032258064514
2 0.5025592672413793 0.3709677419354839 0.08270474137931035 0.21370967741935484
2 0.4348060344827586 0.507258064516129 0.12446120689655173 0.26048387096774195
