0 0.2860991379310345 0.535483870967742 0.13685344827586207 0.22258064516129034
0 0.4504310344827586 0.43709677419354837 0.11637931034482758 0.2
0 0.6061422413793104 0.4096774193548387 0.06357758620689655 0.18387096774193548
0 0.6794181034482759 0.425 0.09159482758620689 0.19516129032258064
0 0.6609644396551724 0.41350806451612904 0.08539870689655173 0.1778225806451613
1 0.08997844827586207 0.5193548387096775 0.17995689655172414 0.3032258064516129
1 0.3297413793103448 0.44193548387096776 0.11206896551724138 0.22580645161290322
1 0.46497844827586204 0.4814516129032258 0.15625 0.2725806451612903
2 0.3480603448275862 0.5661290322580645 0.20474137931034483 0.36129032258064514
2 0.5824353448275862 0.4346774193548387 0.10452586206896551 0.21129032258064517
2 0.915948275862069 0.5 0.16163793103448276 0.2967741935483871
