0 0.6236530172413793 0.3665322580645161 0.07165948275862069 0.1403225806451613
0 0.4158135775862069 0.3175403225806452 0.04391163793103448 0.0721774193548387
0 0.4275323275862069 0.31028225806451615 0.03286637931034483 0.06491935483870968
0 0.3471174568965517 0.3106854838709677 0.02990301724137931 0.06008064516129032
0 0.05724676724137931 0.41875 0.09401939655172414 0.17056451612903226
1 0.7241379310344828 0.6098790322580645 0.22036637931034483 0.44879032258064516
1 0.5416217672413793 0.33064516129032256 0.0546875 0.09516129032258064
1 0.3671875 0.3151209677419355 0.03825431034482758 0.06895161290322581
2 0.20420258620689655 0.5161290322580645 0.39816810344827586 0.9588709677419355
2 0.665948275862069 0.4070564516129032 0.10775862068965517 0.19233870967741937
2 0.3389008620689655 0.5110887096774194 0.1627155172413793 0.30524193548387096
