0 0.2516163793103448 0.375 0.052262931034482756 0.11693548387096774
0 0.47588900862068967 0.39153225806451614 0.033135775862068964 0.10241935483870968
0 0.5126616379310345 0.3961693548387097 0.02693965517241379 0.09717741935483871
0 0.6338900862068966 0.4536290322580645 0.052262931034482756 0.12016129032258065
0 0.634832974137931 0.3814516129032258 0.033135775862068964 0.06370967741935483
1 0.0902478448275862 0.38064516129032255 0.0668103448275862 0.1338709677419355
1 0.37513469827586204 0.37399193548387094 0.044450431034482756 0.09637096774193549
1 0.43345905172413796 0.4028225806451613 0.03825431034482758 0.10887096774193548
1 0.5385237068965517 0.37116935483870966 0.025323275862068964 0.07459677419354839
1 0.7116109913793104 0.41411290322580646 0.0390625 0.08709677419354839
1 0.8531788793103449 0.4566532258064516 0.05172413793103448 0.11088709677419355
2 0.03933189655172414 0.43951612903225806 0.0668103448275862 0.1685483870967742
2 0.21066810344827586 0.49213709677419354 0.11153017241379311 0.2254032258064516
2 0.45891702586206895 0.47641129032258067 0.0703125 0.17379032258064517
