0 0.07570043103448276 0.4558467741935484 0.05334051724137931 0.11895161290322581
0 0.11139547413793104 0.5022177419354839 0.09832974137931035 0.17620967741935484
0 0.27801724137931033 0.5421370967741935 0.14816810344827586 0.2528225806451613
0 0.47238685344827586 0.4229838709677419 0.05307112068965517 0.11129032258064517
0 0.29296875 0.48931451612903226 0.053609913793103446 0.15604838709677418
0 0.2673760775862069 0.4120967741935484 0.020743534482758622 0.04516129032258064
1 0.16567887931034483 0.4588709677419355 0.08135775862068965 0.13548387096774195
1 0.23114224137931033 0.5 0.06088362068965517 0.1967741935483871
1 0.3519665948275862 0.49899193548387094 0.12095905172413793 0.19879032258064516
1 0.4092133620689655 0.4181451612903226 0.05603448275862069 0.10483870967741936
1 0.44773706896551724 0.45504032258064514 0.08459051724137931 0.14153225806451614
1 0.5278825431034483 0.5235887096774193 0.15005387931034483 0.25201612903225806
2 0.31169181034482757 0.4004032258064516 0.059267241379310345 0.16774193548387098
2 0.6198814655172413 0.4125 0.04418103448275862 0.11209677419354838
2 0.650457974137931 0.4804435483870968 0.09671336206896551 0.18669354838709679
2 0.7163254310344828 0.4526209677419355 0.08512931034482758 0.16411290322580646
2 0.6496497844827587 0.392741935483871 0.030980603448275863 0.056451612903225805
