0 0.31788793103448276 0.5395161290322581 0.10237068965517242 0.1693548387096774
0 0.41338900862068967 0.5528225806451613 0.1258081896551724 0.20806451612903226
0 0.529229525862069 0.4939516129032258 0.08485991379310345 0.15806451612903225
0 0.5858028017241379 0.5008064516129033 0.09294181034482758 0.18064516129032257
0 0.6395474137931034 0.5578629032258065 0.1427801724137931 0.2737903225806452
1 0.27599676724137934 0.5268145161290323 0.07516163793103449 0.1407258064516129
1 0.7124191810344828 0.47842741935483873 0.09294181034482758 0.1786290322580645
1 0.9264547413793104 0.48266129032258065 0.1470905172413793 0.2411290322580645
1 0.9057112068965517 0.5752016129032258 0.18857758620689655 0.36008064516129035
2 0.3822737068965517 0.4901209677419355 0.05765086206896552 0.11733870967741936
2 0.4853178879310345 0.4830645161290323 0.06761853448275862 0.13306451612903225
2 0.7850215517241379 0.49233870967741933 0.11853448275862069 0.2153225806451613
2 0.9106950431034483 0.4536290322580645 0.1306573275862069 0.19193548387096773
3 0.30603448275862066 0.46673387096774194 0.06950431034482758 0.1778225806451613
