0 0.9762931034482759 0.3074596774193548 0.04741379310344827 0.20120967741935483
0 0.29094827586206895 0.557258064516129 0.10021551724137931 0.17016129032258065
0 0.37244073275862066 0.5485887096774194 0.11395474137931035 0.19798387096774195
0 0.48504849137931033 0.4693548387096774 0.06654094827586207 0.15645161290322582
0 0.5747575431034483 0.5191532258064516 0.12742456896551724 0.2657258064516129
0 0.5453933189655172 0.46653225806451615 0.09671336206896551 0.18306451612903227
1 0.25134698275862066 0.54375 0.06842672413793104 0.14233870967741935
1 0.65625 0.4205645161290323 0.07489224137931035 0.18225806451612903
1 0.8205818965517241 0.48104838709677417 0.19719827586206898 0.33145161290322583
1 0.8601831896551724 0.3877016129032258 0.13900862068965517 0.2318548387096774
2 0.36301185344827586 0.48689516129032256 0.06654094827586207 0.11975806451612903
2 0.45568426724137934 0.4627016129032258 0.06707974137931035 0.1407258064516129
2 0.7134967672413793 0.4266129032258065 0.1015625 0.21774193548387097
2 0.8525053879310345 0.3546370967741935 0.11610991379310345 0.17943548387096775
3 0.2785560344827586 0.4772177419354839 0.08297413793103449 0.16975806451612904
