0 0.23855064655172414 0.42943548387096775 0.0546875 0.13951612903225807
0 0.6635237068965517 0.7502016129032258 0.39601293103448276 0.49959677419354837
0 0.9567618534482759 0.6241935483870967 0.08647629310344827 0.22661290322580646
0 0.8869881465517241 0.5465725806451613 0.0546875 0.11169354838709677
0 0.8755387931034483 0.5167338709677419 0.04202586206896552 0.08185483870967741
0 0.47844827586206895 0.4314516129032258 0.028556034482758622 0.07580645161290323
1 0.43292025862068967 0.5161290322580645 0.09375 0.21693548387096775
1 0.41379310344827586 0.4425403225806452 0.04256465517241379 0.10846774193548388
1 0.3895474137931034 0.4213709677419355 0.03125 0.07903225806451612
1 0.7322198275862069 0.48951612903225805 0.03987068965517242 0.07903225806451612
2 0.5352909482758621 0.4469758064516129 0.05118534482758621 0.08911290322580645
2 0.6345635775862069 0.45625 0.044450431034482756 0.14717741935483872
