0 0.4189116379310345 0.3598790322580645 0.08512931034482758 0.18669354838709679
0 0.5177801724137931 0.3098790322580645 0.07219827586206896 0.11895161290322581
0 0.5933459051724138 0.29274193548387095 0.0525323275862069 0.08548387096774193
0 0.6404903017241379 0.3143145161290323 0.06223060344827586 0.10524193548387097
0 0.8892780172413793 0.35745967741935486 0.07273706896551724 0.1254032258064516
0 0.8353987068965517 0.37963709677419355 0.09752155172413793 0.16008064516129034
1 0.6862877155172413 0.45463709677419356 0.14682112068965517 0.26411290322580644
1 0.7366648706896551 0.33568548387096775 0.057920258620689655 0.11733870967741936
1 0.755792025862069 0.3100806451612903 0.04337284482758621 0.08306451612903226
1 0.935614224137931 0.3352822580645161 0.06411637931034483 0.0939516129032258
1 0.9334590517241379 0.45907258064516127 0.13308189655172414 0.24637096774193548
2 0.3818696120689655 0.2679435483870968 0.048760775862068964 0.08669354838709678
2 0.3740571120689655 0.6022177419354838 0.2421875 0.494758064516129
2 0.8254310344827587 0.32903225806451614 0.07058189655172414 0.10161290322580645
2 0.9474676724137931 0.36108870967741935 0.06896551724137931 0.11330645161290323
3 0.3929148706896552 0.26633064516129035 0.09455818965517242 0.21330645161290324
