0 0.31398168103448276 0.30705645161290324 0.05899784482758621 0.11169354838709677
0 0.5983297413793104 0.3639112903225806 0.07219827586206896 0.12943548387096773
0 0.5623653017241379 0.33568548387096775 0.0568426724137931 0.10846774193548388
0 0.529364224137931 0.3034274193548387 0.04256465517241379 0.07620967741935483
1 0.5992726293103449 0.5379032258064517 0.1662176724137931 0.3008064516129032
1 0.5491648706896551 0.4399193548387097 0.11449353448275862 0.20967741935483872
1 0.40207435344827586 0.27681451612903224 0.04337284482758621 0.07137096774193548
1 0.43170797413793105 0.267741935483871 0.028286637931034482 0.06048387096774194
1 0.5385237068965517 0.31451612903225806 0.05118534482758621 0.09032258064516129
1 0.525323275862069 0.2820564516129032 0.029094827586206896 0.0625
2 0.0568426724137931 0.4060483870967742 0.1136853448275862 0.21370967741935484
2 0.20905172413793102 0.34758064516129034 0.09536637931034483 0.15645161290322582
2 0.3698814655172414 0.29012096774193546 0.045797413793103446 0.08508064516129032
2 0.4877424568965517 0.28024193548387094 0.026670258620689655 0.06370967741935483
3 0.46794181034482757 0.2683467741935484 0.04202586206896552 0.11008064516129032
