0 0.5959051724137931 0.47701612903225804 0.06357758620689655 0.12016129032258065
0 0.5692349137931034 0.4717741935483871 0.05603448275862069 0.09032258064516129
0 0.5340786637931034 0.46330645161290324 0.035829741379310345 0.06129032258064516
1 0.48464439655172414 0.4790322580645161 0.09375 0.14919354838709678
1 0.5381196120689655 0.4620967741935484 0.02990301724137931 0.055645161290322584
1 0.4730603448275862 0.4584677419354839 0.022629310344827586 0.03790322580645161
1 0.42766702586206895 0.45645161290322583 0.020743534482758622 0.03467741935483871
2 0.5794719827586207 0.46149193548387096 0.021551724137931036 0.046370967741935484
2 0.5094288793103449 0.46108870967741933 0.023706896551724137 0.05040322580645161
2 0.44719827586206895 0.4602822580645161 0.03178879310344827 0.06008064516129032
2 0.40880926724137934 0.45625 0.02235991379310345 0.0407258064516129
3 0.7890625 0.44193548387096776 0.203125 0.5064516129032258
