0 0.012392241379310345 0.27399193548387096 0.02478448275862069 0.03588709677419355
0 0.7130926724137931 0.4435483870967742 0.13038793103448276 0.20967741935483872
0 0.3581627155172414 0.5064516129032258 0.1818426724137931 0.3629032258064516
1 0.07933728448275862 0.34858870967741934 0.09779094827586207 0.14475806451612902
1 0.16837284482758622 0.3659274193548387 0.08297413793103449 0.16169354838709676
1 0.18871228448275862 0.3969758064516129 0.1349676724137931 0.21008064516129032
1 0.4370959051724138 0.6276209677419354 0.25134698275862066 0.5423387096774194
2 0.025188577586206896 0.27318548387096775 0.01912715517241379 0.032661290322580645
2 0.03205818965517242 0.2743951612903226 0.022629310344827586 0.03346774193548387
2 0.21753771551724138 0.3495967741935484 0.08485991379310345 0.13548387096774195
2 0.4401939655172414 0.42681451612903226 0.11422413793103449 0.22862903225806452
3 0.007947198275862068 0.26068548387096774 0.015894396551724137 0.05443548387096774
