0 0.47265625 0.43951612903225806 0.09617456896551724 0.17580645161290323
0 0.5631734913793104 0.4366935483870968 0.05953663793103448 0.15645161290322582
0 0.6492456896551724 0.49233870967741933 0.12823275862068967 0.2403225806451613
0 0.697198275862069 0.46834677419354837 0.08674568965517242 0.18346774193548387
0 0.7174030172413793 0.4401209677419355 0.06088362068965517 0.1375
1 0.5044450431034483 0.5338709677419354 0.18076508620689655 0.33548387096774196
1 0.5070043103448276 0.42439516129032256 0.052262931034482756 0.14556451612903226
1 0.5829741379310345 0.4127016129032258 0.0490301724137931 0.10766129032258065
1 0.5963092672413793 0.38971774193548386 0.029364224137931036 0.07056451612903226
1 0.6233836206896551 0.40665322580645163 0.03879310344827586 0.09556451612903226
1 0.7188846982758621 0.4308467741935484 0.0546875 0.11733870967741936
2 0.1875 0.47923387096774195 0.16594827586206898 0.2842741935483871
2 0.32960668103448276 0.44213709677419355 0.1015625 0.20040322580645162
2 0.49461206896551724 0.41169354838709676 0.04202586206896552 0.125
2 0.5883620689655172 0.4223790322580645 0.052801724137931036 0.12459677419354839
3 0.12823275862068967 0.4274193548387097 0.25646551724137934 0.6951612903225807
