0 0.2823275862068966 0.6824596774193549 0.28717672413793105 0.5310483870967742
0 0.5406788793103449 0.48951612903225805 0.10290948275862069 0.2064516129032258
0 0.69921875 0.44375 0.05630387931034483 0.13588709677419356
0 0.2062230603448276 0.43629032258064515 0.0568426724137931 0.13870967741935483
1 0.8481950431034483 0.4941532258064516 0.09240301724137931 0.20524193548387096
1 0.5004040948275862 0.4602822580645161 0.06115301724137931 0.15443548387096775
1 0.6799568965517241 0.4356854838709677 0.04202586206896552 0.11411290322580646
2 0.04727909482758621 0.36612903225806454 0.04768318965517242 0.14919354838709678
2 0.3519665948275862 0.42983870967741933 0.04822198275862069 0.12580645161290321
2 0.41729525862068967 0.4256048387096774 0.04256465517241379 0.1125
2 0.5626346982758621 0.4245967741935484 0.03205818965517242 0.08548387096774193
