0 0.23248922413793102 0.5790322580645161 0.0625 0.12419354838709677
0 0.26158405172413796 0.5772177419354839 0.07165948275862069 0.1375
0 0.3386314655172414 0.5691532258064517 0.09752155172413793 0.18024193548387096
0 0.8389008620689655 0.5879032258064516 0.08782327586206896 0.18306451612903227
0 0.4150053879310345 0.5800403225806452 0.06169181034482758 0.1375
1 0.4408674568965517 0.5584677419354839 0.13119612068965517 0.23629032258064517
1 0.6162446120689655 0.5754032258064516 0.10102370689655173 0.1879032258064516
1 0.8139816810344828 0.5637096774193548 0.16675646551724138 0.2524193548387097
2 0.521551724137931 0.5768145161290322 0.08728448275862069 0.16975806451612904
2 0.6827855603448276 0.5852822580645162 0.08324353448275862 0.15685483870967742
