0 0.2638739224137931 0.6141129032258065 0.17591594827586207 0.325
0 0.4800646551724138 0.37701612903225806 0.04202586206896552 0.08951612903225807
0 0.7595635775862069 0.34858870967741934 0.025592672413793104 0.0625
0 0.9376346982758621 0.5379032258064517 0.12473060344827586 0.2306451612903226
1 0.505792025862069 0.44233870967741934 0.08647629310344827 0.15
1 0.5890355603448276 0.4088709677419355 0.06923491379310345 0.12258064516129032
1 0.6431842672413793 0.3685483870967742 0.04606681034482758 0.08548387096774193
1 0.6627155172413793 0.34495967741935485 0.029633620689655173 0.06169354838709677
2 0.26589439655172414 0.8183467741935484 0.2984913793103448 0.3633064516129032
2 0.7959321120689655 0.35685483870967744 0.04283405172413793 0.07338709677419354
3 0.6897898706896551 0.2028225806451613 0.049299568965517244 0.07338709677419354
