0 0.27491918103448276 0.48850806451612905 0.0660021551724138 0.13830645161290323
0 0.5563038793103449 0.5610887096774193 0.0980603448275862 0.22379032258064516
0 0.5914601293103449 0.5324596774193548 0.06977370689655173 0.1875
0 0.12109375 0.7354838709677419 0.2287176724137931 0.38629032258064516
0 0.7738415948275862 0.4889112903225806 0.06815732758620689 0.13911290322580644
1 0.9212015086206896 0.567741935483871 0.11610991379310345 0.23790322580645162
1 0.7644127155172413 0.47580645161290325 0.026131465517241378 0.11370967741935484
1 0.5470096982758621 0.4981854838709677 0.03421336206896552 0.1407258064516129
2 0.1476293103448276 0.4165322580645161 0.052801724137931036 0.1403225806451613
2 0.4206627155172414 0.4782258064516129 0.053609913793103446 0.11693548387096774
2 0.49757543103448276 0.4618951612903226 0.034482758620689655 0.09233870967741936
2 0.6376616379310345 0.46995967741935485 0.03987068965517242 0.08991935483870968
