0 0.4092133620689655 0.5266129032258065 0.026400862068965518 0.08951612903225807
0 0.49797952586206895 0.54375 0.04337284482758621 0.11088709677419355
0 0.5598060344827587 0.5389112903225807 0.0447198275862069 0.10524193548387097
0 0.6042564655172413 0.5891129032258065 0.10237068965517242 0.19032258064516128
0 0.5965786637931034 0.5612903225806452 0.04552801724137931 0.13064516129032258
1 0.42376077586206895 0.5332661290322581 0.03825431034482758 0.08508064516129032
1 0.4560883620689655 0.5544354838709677 0.04741379310344827 0.1403225806451613
1 0.7109375 0.558266129032258 0.06088362068965517 0.14153225806451614
1 0.8943965517241379 0.6330645161290323 0.13092672413793102 0.2467741935483871
2 0.25067349137931033 0.5310483870967742 0.0546875 0.12338709677419354
2 0.2997036637931034 0.5522177419354839 0.05037715517241379 0.14233870967741935
2 0.33741918103448276 0.5655241935483871 0.0902478448275862 0.1778225806451613
2 0.8271821120689655 0.538508064516129 0.1058728448275862 0.26814516129032256
