0 0.39601293103448276 0.5258064516129032 0.14870689655172414 0.29838709677419356
0 0.4597252155172414 0.46048387096774196 0.10102370689655173 0.1782258064516129
0 0.41433189655172414 0.4241935483870968 0.046875 0.11451612903225807
1 0.6449353448275862 0.4600806451612903 0.09536637931034483 0.19516129032258064
1 0.1588092672413793 0.40625 0.040140086206896554 0.059274193548387095
1 0.26320043103448276 0.41935483870967744 0.056573275862068964 0.09112903225806451
1 0.24595905172413793 0.4094758064516129 0.040948275862068964 0.07056451612903226
1 0.43170797413793105 0.43870967741935485 0.060614224137931036 0.13629032258064516
2 0.2009698275862069 0.47076612903225806 0.10614224137931035 0.1875
2 0.11449353448275862 0.41774193548387095 0.050107758620689655 0.08387096774193549
2 0.3414601293103448 0.4290322580645161 0.06384698275862069 0.11612903225806452
2 0.4599946120689655 0.4247983870967742 0.0525323275862069 0.11733870967741936
