0 0.3433459051724138 0.4028225806451613 0.0859375 0.14516129032258066
0 0.5300377155172413 0.37983870967741934 0.05630387931034483 0.10564516129032259
0 0.8582974137931034 0.4276209677419355 0.07650862068965517 0.13024193548387097
0 0.6759159482758621 0.38467741935483873 0.03502155172413793 0.09758064516129032
0 0.7071659482758621 0.4288306451612903 0.06842672413793104 0.1439516129032258
1 0.4189116379310345 0.46068548387096775 0.09051724137931035 0.1939516129032258
1 0.8273168103448276 0.3852822580645161 0.03879310344827586 0.0875
1 0.7447467672413793 0.4036290322580645 0.04067887931034483 0.11129032258064517
1 0.6497844827586207 0.4772177419354839 0.11530172413793104 0.20846774193548387
2 0.06896551724137931 0.4774193548387097 0.13577586206896552 0.25483870967741934
2 0.4112338362068966 0.33891129032258066 0.06815732758620689 0.17459677419354838
2 0.4832974137931034 0.3477822580645161 0.04040948275862069 0.08024193548387097
2 0.9497575431034483 0.4368951612903226 0.0816271551724138 0.13830645161290323
