0 0.15247844827586207 0.29354838709677417 0.06357758620689655 0.12258064516129032
0 0.19504310344827586 0.7612903225806451 0.30387931034482757 0.4774193548387097
0 0.7611799568965517 0.3159274193548387 0.06546336206896551 0.11733870967741936
0 0.48410560344827586 0.2745967741935484 0.04202586206896552 0.08870967741935484
1 0.20905172413793102 0.3193548387096774 0.07974137931034483 0.14838709677419354
1 0.28448275862068967 0.36451612903225805 0.10344827586206896 0.1935483870967742
1 0.6029094827586207 0.43629032258064515 0.15625 0.2661290322580645
1 0.8918372844827587 0.552016129032258 0.21632543103448276 0.42258064516129035
1 0.6681034482758621 0.30100806451612905 0.059267241379310345 0.10846774193548388
2 0.234375 0.29193548387096774 0.052801724137931036 0.11612903225806452
2 0.9612068965517241 0.34939516129032255 0.07327586206896551 0.1407258064516129
2 0.5592672413793104 0.2584677419354839 0.06088362068965517 0.15725806451612903
2 0.43830818965517243 0.2655241935483871 0.04418103448275862 0.0810483870967742
