0 0.19652478448275862 0.4745967741935484 0.06654094827586207 0.12096774193548387
0 0.39587823275862066 0.4808467741935484 0.057920258620689655 0.0939516129032258
0 0.8890086206896551 0.7389112903225806 0.22198275862068967 0.4584677419354839
1 0.0933459051724138 0.5002016129032258 0.09940732758620689 0.18346774193548387
1 0.32058189655172414 0.4872983870967742 0.06411637931034483 0.12782258064516128
1 0.4756196120689655 0.5044354838709677 0.057920258620689655 0.11612903225806452
1 0.6869612068965517 0.5171370967741935 0.05387931034482758 0.11975806451612903
1 0.8898168103448276 0.5326612903225807 0.07704741379310345 0.1217741935483871
2 0.24447737068965517 0.723991935483871 0.2879849137931034 0.5237903225806452
2 0.76171875 0.5181451612903226 0.04606681034482758 0.0967741935483871
