0 0.47898706896551724 0.5145161290322581 0.1540948275862069 0.3
0 0.8318965517241379 0.4774193548387097 0.03879310344827586 0.09032258064516129
0 0.8873922413793104 0.482258064516129 0.04633620689655173 0.08064516129032258
0 0.6169181034482759 0.45161290322580644 0.05064655172413793 0.11290322580645161
1 0.22467672413793102 0.44193548387096776 0.1411637931034483 0.24838709677419354
1 0.515625 0.49435483870967745 0.0980603448275862 0.20806451612903226
1 0.6600215517241379 0.4475806451612903 0.04418103448275862 0.10806451612903226
1 0.7710129310344828 0.47419354838709676 0.057112068965517244 0.10967741935483871
2 0.44288793103448276 0.4346774193548387 0.10129310344827586 0.13709677419354838
2 0.7047413793103449 0.45161290322580644 0.11422413793103449 0.25483870967741934
