0 0.5339439655172413 0.2911290322580645 0.09536637931034483 0.18225806451612903
0 0.9547413793103449 0.3088709677419355 0.09051724137931035 0.18306451612903227
0 0.6808997844827587 0.5046370967741935 0.20339439655172414 0.4028225806451613
0 0.17389547413793102 0.31693548387096776 0.11988146551724138 0.19838709677419356
0 0.17739762931034483 0.5800403225806452 0.2685883620689655 0.5310483870967742
1 0.21241918103448276 0.22096774193548388 0.04768318965517242 0.08629032258064516
1 0.6003502155172413 0.2633064516129032 0.06492456896551724 0.13306451612903225
1 0.7796336206896551 0.2592741935483871 0.06573275862068965 0.12983870967741937
1 0.7238685344827587 0.3133064516129032 0.08620689655172414 0.20241935483870968
1 0.4345366379310345 0.38729838709677417 0.13900862068965517 0.2907258064516129
1 0.078125 0.41875 0.14385775862068967 0.3189516129032258
2 0.4170258620689655 0.22157258064516128 0.05549568965517242 0.09637096774193549
2 0.6293103448275862 0.2435483870967742 0.04256465517241379 0.12016129032258065
2 0.3348599137931034 0.3338709677419355 0.10829741379310345 0.21048387096774193
