0 0.4644396551724138 0.5669354838709677 0.22629310344827586 0.38225806451612904
0 0.7272359913793104 0.419758064516129 0.04175646551724138 0.07419354838709677
0 0.8895474137931034 0.4756048387096774 0.05118534482758621 0.08911290322580645
0 0.4240301724137931 0.38548387096774195 0.078125 0.13064516129032258
1 0.5886314655172413 0.3879032258064516 0.045797413793103446 0.07822580645161291
1 0.7432650862068966 0.4290322580645161 0.04741379310344827 0.08306451612903226
1 0.7805765086206896 0.4560483870967742 0.0525323275862069 0.0935483870967742
1 0.9451778017241379 0.5125 0.06761853448275862 0.11693548387096774
1 0.42766702586206895 0.4030241935483871 0.09563577586206896 0.1536290322580645
2 0.49084051724137934 0.7088709677419355 0.3588362068965517 0.582258064516129
2 0.39816810344827586 0.3629032258064516 0.06357758620689655 0.1032258064516129
3 0.44787176724137934 0.3943548387096774 0.17860991379310345 0.375
