0 0.2711476293103448 0.28669354838709676 0.044450431034482756 0.1064516129032258
0 0.32893318965517243 0.33306451612903226 0.09105603448275862 0.13790322580645162
0 0.5397359913793104 0.6108870967741935 0.19692887931034483 0.38629032258064516
0 0.7186153017241379 0.4469758064516129 0.035829741379310345 0.0939516129032258
0 0.5736799568965517 0.3756048387096774 0.030980603448275863 0.06733870967741935
1 0.3487338362068966 0.3649193548387097 0.09240301724137931 0.16693548387096774
1 0.9168911637931034 0.583266129032258 0.07246767241379311 0.14556451612903226
1 0.7860991379310345 0.5048387096774194 0.05818965517241379 0.11854838709677419
1 0.6396821120689655 0.4340725806451613 0.04768318965517242 0.10120967741935484
1 0.5960398706896551 0.3933467741935484 0.042295258620689655 0.07701612903225806
2 0.28313577586206895 0.2931451612903226 0.061422413793103446 0.1064516129032258
2 0.7355872844827587 0.7788306451612903 0.31384698275862066 0.44233870967741934
2 0.9595905172413793 0.586491935483871 0.04633620689655173 0.11491935483870967
3 0.4185075431034483 0.38991935483870965 0.14574353448275862 0.40483870967741936
