0 0.0412176724137931 0.7195564516129033 0.0824353448275862 0.18991935483870967
0 0.2522898706896552 0.5431451612903225 0.1328125 0.18629032258064515
0 0.4241648706896552 0.5231854838709677 0.24057112068965517 0.42943548387096775
0 0.5611530172413793 0.4173387096774194 0.10991379310344827 0.1588709677419355
0 0.9458512931034483 0.27661290322580645 0.10829741379310345 0.16370967741935483
0 0.8231411637931034 0.36875 0.1953125 0.3084677419354839
1 0.2447467672413793 0.5778225806451613 0.13712284482758622 0.2991935483870968
1 0.5462015086206896 0.4383064516129032 0.11988146551724138 0.2564516129032258
1 0.6030441810344828 0.401008064516129 0.07893318965517242 0.12217741935483871
1 0.7471713362068966 0.35262096774193546 0.09401939655172414 0.18588709677419354
2 0.4150053879310345 0.4941532258064516 0.11018318965517242 0.13830645161290323
2 0.6089709051724138 0.3963709677419355 0.08001077586206896 0.10887096774193548
