0 0.26023706896551724 0.3233870967741935 0.07219827586206896 0.13709677419354838
0 0.6099137931034483 0.3161290322580645 0.04633620689655173 0.09516129032258064
0 0.9764278017241379 0.38064516129032255 0.04714439655172414 0.12741935483870967
1 0.36476293103448276 0.3620967741935484 0.10021551724137931 0.19516129032258064
1 0.5482219827586207 0.44314516129032255 0.1492456896551724 0.2862903225806452
1 0.8591056034482759 0.357258064516129 0.0738146551724138 0.12741935483870967
2 0.1136853448275862 0.4467741935483871 0.1648706896551724 0.3032258064516129
2 0.5501077586206896 0.30524193548387096 0.052801724137931036 0.0846774193548387
2 0.36179956896551724 0.3280241935483871 0.07489224137931035 0.13911290322580644
3 0.7120150862068966 0.3038306451612903 0.08297413793103449 0.18346774193548387
