0 0.0816271551724138 0.42016129032258065 0.13523706896551724 0.2620967741935484
0 0.43763469827586204 0.3816532258064516 0.0568426724137931 0.13185483870967743
0 0.5560344827586207 0.3786290322580645 0.06357758620689655 0.11209677419354838
0 0.6369881465517241 0.4695564516129032 0.1128771551724138 0.22379032258064516
0 0.7625269396551724 0.4094758064516129 0.05738146551724138 0.11411290322580646
0 0.8079202586206896 0.44193548387096776 0.07489224137931035 0.1435483870967742
1 0.16985452586206898 0.6100806451612903 0.2869073275862069 0.5096774193548387
1 0.41163793103448276 0.4155241935483871 0.10021551724137931 0.19556451612903225
1 0.5572467672413793 0.39798387096774196 0.07570043103448276 0.1435483870967742
1 0.6844019396551724 0.40423387096774194 0.0568426724137931 0.12217741935483871
1 0.6839978448275862 0.5840725806451613 0.18211206896551724 0.33991935483870966
2 0.08755387931034483 0.36270161290322583 0.10668103448275862 0.17540322580645162
2 0.7079741379310345 0.4350806451612903 0.07543103448275862 0.15483870967741936
2 0.7932381465517241 0.7241935483870968 0.3003771551724138 0.5516129032258065
3 0.2529633620689655 0.31814516129032255 0.09375 0.2306451612903226
