0 0.17578125 0.37278225806451615 0.08216594827586207 0.1439516129032258
0 0.4614762931034483 0.38729838709677417 0.03987068965517242 0.09879032258064516
0 0.5150862068965517 0.41774193548387095 0.08081896551724138 0.1435483870967742
0 0.5716594827586207 0.3945564516129032 0.03825431034482758 0.09556451612903226
0 0.7369342672413793 0.42116935483870965 0.060075431034482756 0.0939516129032258
0 0.724542025862069 0.4350806451612903 0.06492456896551724 0.12338709677419354
1 0.14614762931034483 0.41008064516129034 0.12365301724137931 0.20967741935483872
1 0.3935883620689655 0.38629032258064516 0.07327586206896551 0.12419354838709677
1 0.44665948275862066 0.4449596774193548 0.08728448275862069 0.19314516129032258
1 0.5428340517241379 0.39737903225806454 0.0447198275862069 0.10846774193548388
1 0.6588092672413793 0.4137096774193548 0.044450431034482756 0.10080645161290322
2 0.21026400862068967 0.3588709677419355 0.057920258620689655 0.11129032258064517
2 0.4044989224137931 0.4602822580645161 0.12365301724137931 0.23830645161290323
2 0.6255387931034483 0.4213709677419355 0.05980603448275862 0.11290322580645161
3 0.3270474137931034 0.3377016129032258 0.06411637931034483 0.16008064516129034
