0 0.11085668103448276 0.4368951612903226 0.13442887931034483 0.30443548387096775
0 0.525457974137931 0.39133064516129035 0.06330818965517242 0.1495967741935484
0 0.6575969827586207 0.38326612903225804 0.07165948275862069 0.1254032258064516
0 0.763739224137931 0.4981854838709677 0.15193965517241378 0.2762096774193548
0 0.8917025862068966 0.4217741935483871 0.09428879310344827 0.12661290322580646
0 0.9622844827586207 0.4693548387096774 0.07543103448275862 0.18951612903225806
1 0.16338900862068967 0.68125 0.32677801724137934 0.6375
1 0.49609375 0.43205645161290324 0.12957974137931033 0.2310483870967742
1 0.6575969827586207 0.40665322580645163 0.08728448275862069 0.16088709677419355
1 0.8138469827586207 0.41875 0.07435344827586207 0.1407258064516129
1 0.8359375 0.6842741935483871 0.25592672413793105 0.4879032258064516
2 0.1505926724137931 0.3719758064516129 0.10991379310344827 0.19798387096774195
2 0.8432112068965517 0.4560483870967742 0.08028017241379311 0.18064516129032257
3 0.3246228448275862 0.31975806451612904 0.10237068965517242 0.24919354838709679
