0 0.03178879310344827 0.46108870967741933 0.06303879310344827 0.3004032258064516
0 0.9172952586206896 0.5540322580645162 0.05980603448275862 0.09435483870967742
0 0.32745150862068967 0.43306451612903224 0.05738146551724138 0.11854838709677419
0 0.40759698275862066 0.4342741935483871 0.04256465517241379 0.0814516129032258
1 0.5866109913793104 0.46391129032258066 0.0369073275862069 0.08024193548387097
1 0.7486530172413793 0.5223790322580645 0.041487068965517244 0.10362903225806451
1 0.9621497844827587 0.6193548387096774 0.07570043103448276 0.19919354838709677
1 0.8674568965517241 0.5679435483870968 0.07004310344827586 0.1350806451612903
1 0.28367456896551724 0.43870967741935485 0.07650862068965517 0.14838709677419354
1 0.7456896551724138 0.5016129032258064 0.05064655172413793 0.0846774193548387
2 0.9125808189655172 0.6758064516129032 0.17483836206896552 0.3088709677419355
2 0.36530172413793105 0.4288306451612903 0.043642241379310345 0.09637096774193549
