0 0.16217672413793102 0.3814516129032258 0.06788793103448276 0.12419354838709677
0 0.39816810344827586 0.3943548387096774 0.057112068965517244 0.11451612903225807
0 0.42726293103448276 0.3935483870967742 0.029094827586206896 0.08387096774193549
0 0.6142241379310345 0.4080645161290323 0.036637931034482756 0.0935483870967742
0 0.6637931034482759 0.41451612903225804 0.04525862068965517 0.1
1 0.09321120689655173 0.37983870967741934 0.07650862068965517 0.14677419354838708
1 0.2974137931034483 0.40080645161290324 0.07112068965517242 0.15
1 0.3265086206896552 0.38548387096774195 0.05172413793103448 0.1064516129032258
1 0.5813577586206896 0.40725806451612906 0.04633620689655173 0.10161290322580645
2 0.22036637931034483 0.38467741935483873 0.07866379310344827 0.1596774193548387
2 0.31842672413793105 0.36370967741935484 0.057112068965517244 0.12741935483870967
2 0.484375 0.4120967741935484 0.1497844827586207 0.3209677419354839
2 0.5231681034482759 0.40241935483870966 0.05064655172413793 0.10483870967741936
