0 0.08297413793103449 0.5189516129032258 0.16594827586206898 0.3024193548387097
0 0.20851293103448276 0.3467741935483871 0.04202586206896552 0.07741935483870968
0 0.4838362068965517 0.3407258064516129 0.03556034482758621 0.06693548387096775
0 0.6769935344827587 0.3641129032258065 0.046875 0.09274193548387097
0 0.6662176724137931 0.5346774193548387 0.19019396551724138 0.33064516129032256
0 0.9801993534482759 0.4229838709677419 0.03960129310344827 0.11129032258064517
1 0.26535560344827586 0.3850806451612903 0.06196120689655173 0.1282258064516129
1 0.23706896551724138 0.3596774193548387 0.04956896551724138 0.10161290322580645
1 0.4280711206896552 0.41330645161290325 0.08028017241379311 0.1588709677419355
1 0.5255926724137931 0.442741935483871 0.11045258620689655 0.20483870967741935
1 0.6136853448275862 0.3548387096774194 0.04956896551724138 0.08387096774193549
1 0.8758081896551724 0.4411290322580645 0.109375 0.20483870967741935
2 0.07650862068965517 0.38911290322580644 0.06788793103448276 0.125
2 0.26885775862068967 0.3479838709677419 0.040948275862068964 0.07983870967741935
2 0.45339439655172414 0.3350806451612903 0.029633620689655173 0.06370967741935483
2 0.8178879310344828 0.3875 0.06573275862068965 0.11370967741935484
3 0.5406788793103449 0.32560483870967744 0.05064655172413793 0.12298387096774194
