0 0.14655172413793102 0.29516129032258065 0.05603448275862069 0.1
0 0.6756465517241379 0.3524193548387097 0.04741379310344827 0.10161290322580645
0 0.7882543103448276 0.6588709677419354 0.2661637931034483 0.4854838709677419
0 0.021551724137931036 0.3165322580645161 0.04310344827586207 0.14516129032258066
0 0.5206088362068966 0.3191532258064516 0.03960129310344827 0.07459677419354839
1 0.35021551724137934 0.30483870967741933 0.04310344827586207 0.08387096774193549
1 0.5075431034482759 0.3419354838709677 0.05603448275862069 0.1064516129032258
1 0.6050646551724138 0.3814516129032258 0.08512931034482758 0.1403225806451613
1 0.6487068965517241 0.43951612903225806 0.11853448275862069 0.22096774193548388
1 0.5102370689655172 0.32620967741935486 0.04849137931034483 0.09193548387096774
2 0.07219827586206896 0.3008064516129032 0.0668103448275862 0.11774193548387096
2 0.5506465517241379 0.5387096774193548 0.2025862068965517 0.3709677419354839
2 0.8502155172413793 0.45564516129032256 0.08405172413793104 0.18548387096774194
