0 0.607421875 0.5520833333333334 0.022656250000000003 0.05694444444444444
0 0.551171875 0.5125000000000001 0.014843750000000001 0.030555555555555558
0 0.35546875 0.5 0.0140625 0.030555555555555558
0 0.3328125 0.5173611111111112 0.0125 0.029166666666666667
0 0.186328125 0.4826388888888889 0.01015625 0.034722222222222224
0 0.133203125 0.4979166666666667 0.01171875 0.034722222222222224
0 0.2765625 0.4902777777777778 0.009375000000000001 0.036111111111111115
0 0.33125000000000004 0.47361111111111115 0.009375000000000001 0.025
0 0.2703125 0.46805555555555556 0.009375000000000001 0.025
0 0.17578125 0.46875 0.009375000000000001 0.02361111111111111
0 0.2625 0.5590277777777778 0.0234375 0.05416666666666667
0 0.08554687500000001 0.46875 0.013281250000000001 0.03194444444444445
0 0.5242187500000001 0.49097222222222225 0.0125 0.02638888888888889
0 0.5066406250000001 0.47847222222222224 0.00859375 0.020833333333333336
0 0.39101562500000003 0.4743055555555556 0.00859375 0.020833333333333336
0 0.8031250000000001 0.675 0.0703125 0.17777777777777778
