0 0.9547619047619048 0.4190751445086705 0.046031746031746035 0.11560693641618497
0 0.8515873015873016 0.3179190751445087 0.023809523809523808 0.057803468208092484
0 0.7992063492063493 0.2413294797687861 0.014285714285714285 0.026011560693641616
0 0.7023809523809523 0.23843930635838148 0.014285714285714285 0.03757225433526011
0 0.8357142857142857 0.2528901734104046 0.014285714285714285 0.03757225433526011
0 0.8468253968253968 0.2774566473988439 0.01746031746031746 0.04046242774566474
0 0.09206349206349207 0.3135838150289017 0.01904761904761905 0.04913294797687861
0 0.32063492063492066 0.2644508670520231 0.015873015873015872 0.03757225433526011
0 0.4587301587301587 0.2398843930635838 0.012698412698412698 0.023121387283236993
0 0.22142857142857142 0.3179190751445087 0.023809523809523808 0.057803468208092484
0 0.2507936507936508 0.4147398843930636 0.0380952380952381 0.0953757225433526
0 0.476984126984127 0.31647398843930635 0.023809523809523808 0.06069364161849711
0 0.5444444444444444 0.2528901734104046 0.015873015873015872 0.03757225433526011
0 0.5880952380952381 0.2745664739884393 0.014285714285714285 0.04046242774566474
0 0.6150793650793651 0.2514450867052023 0.014285714285714285 0.03468208092485549
0 0.596031746031746 0.2514450867052023 0.011111111111111112 0.03468208092485549
0 0.4587301587301587 0.26878612716763006 0.012698412698412698 0.028901734104046242
