0 0.136328125 0.6138888888888889 0.055468750000000004 0.13611111111111113
0 0.6839843750000001 0.5868055555555556 0.03828125 0.1125
0 0.568359375 0.5229166666666667 0.017968750000000002 0.04583333333333334
0 0.523046875 0.4930555555555556 0.01171875 0.025
0 0.501171875 0.4791666666666667 0.00859375 0.030555555555555558
0 0.34804687500000003 0.4840277777777778 0.01171875 0.02638888888888889
0 0.330859375 0.4986111111111111 0.01015625 0.025
0 0.280859375 0.5298611111111111 0.017968750000000002 0.04027777777777778
0 0.19257812500000002 0.4701388888888889 0.00859375 0.029166666666666667
0 0.14960937500000002 0.48194444444444445 0.01015625 0.030555555555555558
0 0.27578125000000003 0.4763888888888889 0.0078125 0.030555555555555558
