0 0.73828125 0.7680555555555556 0.0859375 0.15833333333333333
0 0.366796875 0.5055555555555555 0.01953125 0.036111111111111115
0 0.337890625 0.48333333333333334 0.013281250000000001 0.02777777777777778
0 0.32109375 0.47222222222222227 0.009375000000000001 0.022222222222222223
0 0.31328125 0.4673611111111111 0.0078125 0.018055555555555557
0 0.30546875 0.4666666666666667 0.0078125 0.022222222222222223
0 0.427734375 0.55625 0.022656250000000003 0.04861111111111111
0 0.19882812500000002 0.4847222222222222 0.013281250000000001 0.02777777777777778
0 0.187890625 0.5020833333333333 0.013281250000000001 0.03194444444444445
0 0.1703125 0.5236111111111111 0.021875000000000002 0.04722222222222222
0 0.1234375 0.5944444444444444 0.035937500000000004 0.0638888888888889
