0 0.4421875 0.5076388888888889 0.0203125 0.0375
0 0.4140625 0.4847222222222222 0.0140625 0.030555555555555558
0 0.39765625000000004 0.4729166666666667 0.009375000000000001 0.02361111111111111
0 0.39179687500000004 0.4666666666666667 0.00859375 0.019444444444444445
0 0.38398437500000004 0.4666666666666667 0.00859375 0.022222222222222223
0 0.50546875 0.5659722222222222 0.025 0.05416666666666667
0 0.283203125 0.48194444444444445 0.013281250000000001 0.02777777777777778
0 0.272265625 0.49930555555555556 0.013281250000000001 0.03194444444444445
0 0.25390625 0.5222222222222223 0.021875000000000002 0.04722222222222222
0 0.2 0.5958333333333333 0.035937500000000004 0.0638888888888889
0 0.0546875 0.513888888888889 0.015625 0.04166666666666667
0 0.95078125 0.9069444444444444 0.09531250000000001 0.18055555555555555
