0 0.34804687500000003 0.5805555555555556 0.01953125 0.044444444444444446
0 0.18671875000000002 0.7069444444444445 0.0578125 0.13333333333333333
0 0.6015625 0.5631944444444444 0.018750000000000003 0.051388888888888894
0 0.318359375 0.5243055555555556 0.01640625 0.029166666666666667
0 0.555859375 0.5194444444444445 0.01171875 0.03333333333333333
0 0.7078125000000001 0.6770833333333334 0.043750000000000004 0.10694444444444445
0 0.38984375000000004 0.5180555555555556 0.0125 0.036111111111111115
0 0.029296875 0.5791666666666667 0.02421875 0.05
0 0.025781250000000002 0.5097222222222222 0.0140625 0.02777777777777778
0 0.5691406250000001 0.5326388888888889 0.013281250000000001 0.034722222222222224
