0 0.560546875 0.5145833333333334 0.02109375 0.04583333333333334
0 0.9242187500000001 0.8909722222222223 0.1046875 0.2125
0 0.36796875 0.5277777777777778 0.015625 0.03888888888888889
0 0.5359375000000001 0.49444444444444446 0.009375000000000001 0.02777777777777778
0 0.524609375 0.4840277777777778 0.00859375 0.02361111111111111
0 0.31367187500000004 0.5805555555555556 0.02734375 0.06666666666666667
0 0.5183593750000001 0.47847222222222224 0.00859375 0.020833333333333336
0 0.405078125 0.48125 0.00859375 0.020833333333333336
0 0.39609375 0.5027777777777778 0.010937500000000001 0.025
0 0.13671875 0.4916666666666667 0.0078125 0.022222222222222223
0 0.614453125 0.5652777777777778 0.022656250000000003 0.061111111111111116
0 0.217578125 0.5125000000000001 0.00859375 0.025
0 0.215625 0.4826388888888889 0.0078125 0.029166666666666667
