0 0.6203125 0.5673611111111111 0.025 0.06527777777777778
0 0.5546875 0.5194444444444445 0.015625 0.03333333333333333
0 0.34609375000000003 0.5048611111111111 0.0140625 0.03194444444444445
0 0.319140625 0.5243055555555556 0.013281250000000001 0.03194444444444445
0 0.26210937500000003 0.4951388888888889 0.01015625 0.0375
0 0.323046875 0.4756944444444445 0.01015625 0.02638888888888889
0 0.26015625000000003 0.4708333333333333 0.009375000000000001 0.025
0 0.1609375 0.4708333333333333 0.009375000000000001 0.025
0 0.23007812500000002 0.576388888888889 0.02734375 0.061111111111111116
0 0.060937500000000006 0.47222222222222227 0.0140625 0.03333333333333333
0 0.525 0.4951388888888889 0.0125 0.02638888888888889
0 0.50625 0.48125 0.009375000000000001 0.020833333333333336
0 0.38593750000000004 0.47708333333333336 0.009375000000000001 0.020833333333333336
0 0.9031250000000001 0.7548611111111111 0.1015625 0.2569444444444445
0 0.10039062500000001 0.49444444444444446 0.014843750000000001 0.036111111111111115
0 0.16484375 0.48750000000000004 0.0125 0.02777777777777778
