0 0.6452380952380953 0.4552023121387283 0.046031746031746035 0.10693641618497109
0 0.5968253968253968 0.3251445086705202 0.025396825396825397 0.05491329479768786
0 0.5642857142857143 0.2817919075144509 0.01746031746031746 0.04335260115606936
0 0.5095238095238095 0.27023121387283233 0.01904761904761905 0.03757225433526011
0 0.07142857142857142 0.4898843930635838 0.047619047619047616 0.10693641618497109
0 0.2968253968253968 0.3468208092485549 0.025396825396825397 0.05202312138728323
0 0.3547619047619048 0.30346820809248554 0.011111111111111112 0.028901734104046242
0 0.3476190476190476 0.28323699421965315 0.012698412698412698 0.028901734104046242
0 0.30793650793650795 0.2760115606936416 0.012698412698412698 0.026011560693641616
0 0.27936507936507937 0.273121387283237 0.009523809523809525 0.02023121387283237
0 0.2611111111111111 0.26878612716763006 0.007936507936507936 0.023121387283236993
