0 0.07222222222222222 0.5794797687861272 0.05555555555555555 0.14739884393063582
0 0.17777777777777778 0.3858381502890173 0.02857142857142857 0.07803468208092486
0 0.10714285714285714 0.34104046242774566 0.020634920634920634 0.046242774566473986
0 0.014285714285714285 0.37716763005780346 0.022222222222222223 0.06069364161849711
0 0.05 0.3208092485549133 0.014285714285714285 0.04046242774566474
0 0.807936507936508 0.44075144508670516 0.05396825396825397 0.11849710982658959
0 0.6698412698412698 0.3453757225433526 0.031746031746031744 0.07803468208092486
0 0.5555555555555556 0.3106936416184971 0.022222222222222223 0.06069364161849711
0 0.3873015873015873 0.29479768786127164 0.01904761904761905 0.046242774566473986
0 0.26746031746031745 0.2904624277456647 0.020634920634920634 0.03757225433526011
0 0.18333333333333332 0.2904624277456647 0.014285714285714285 0.03757225433526011
0 0.1253968253968254 0.2875722543352601 0.012698412698412698 0.031791907514450865
