0 0.1375 0.6104166666666667 0.0546875 0.13472222222222222
0 0.68125 0.5847222222222223 0.037500000000000006 0.11111111111111112
0 0.56640625 0.5208333333333334 0.0171875 0.044444444444444446
0 0.5222656250000001 0.4916666666666667 0.01171875 0.025
0 0.5 0.47708333333333336 0.0078125 0.029166666666666667
0 0.347265625 0.4826388888888889 0.01171875 0.02638888888888889
0 0.330078125 0.49722222222222223 0.01015625 0.025
0 0.280078125 0.5284722222222222 0.017968750000000002 0.04027777777777778
0 0.191796875 0.46875 0.00859375 0.029166666666666667
0 0.148828125 0.48055555555555557 0.01015625 0.030555555555555558
0 0.275 0.47500000000000003 0.0078125 0.030555555555555558
