0 0.550390625 0.49930555555555556 0.01015625 0.02638888888888889
0 0.542578125 0.4930555555555556 0.01015625 0.025
0 0.41171875 0.49375 0.009375000000000001 0.02361111111111111
0 0.394140625 0.5236111111111111 0.013281250000000001 0.030555555555555558
0 0.603515625 0.5437500000000001 0.022656250000000003 0.0625
0 0.724609375 0.6798611111111111 0.05390625 0.12638888888888888
0 0.06328125 0.5013888888888889 0.0140625 0.030555555555555558
0 0.355078125 0.4965277777777778 0.00859375 0.029166666666666667
0 0.0078125 0.5791666666666667 0.0171875 0.058333333333333334
0 0.21406250000000002 0.6777777777777778 0.051562500000000004 0.11666666666666667
0 0.34101562500000004 0.5597222222222222 0.02421875 0.05555555555555556
0 0.56484375 0.5097222222222222 0.0125 0.03333333333333333
