0 0.6062500000000001 0.5590277777777778 0.035937500000000004 0.06527777777777778
0 0.5554687500000001 0.5090277777777777 0.0203125 0.043055555555555555
0 0.84296875 0.8104166666666667 0.08281250000000001 0.1763888888888889
0 0.37031250000000004 0.5215277777777778 0.015625 0.0375
0 0.5320312500000001 0.48958333333333337 0.009375000000000001 0.02638888888888889
0 0.521484375 0.4798611111111111 0.00859375 0.02361111111111111
0 0.322265625 0.5673611111111111 0.025781250000000002 0.0625
0 0.12617187500000002 0.5340277777777778 0.013281250000000001 0.043055555555555555
0 0.109765625 0.4881944444444445 0.00859375 0.02638888888888889
0 0.04296875 0.8493055555555555 0.08750000000000001 0.19583333333333333
0 0.515234375 0.4756944444444445 0.00859375 0.020833333333333336
0 0.404296875 0.47847222222222224 0.00859375 0.020833333333333336
0 0.39609375 0.4986111111111111 0.010937500000000001 0.025
