0 0.616796875 0.5631944444444444 0.02421875 0.0625
0 0.55390625 0.5159722222222223 0.015625 0.03194444444444445
0 0.34882812500000004 0.5020833333333333 0.014843750000000001 0.03194444444444445
0 0.32343750000000004 0.5229166666666667 0.0125 0.03194444444444445
0 0.26640625 0.49375 0.009375000000000001 0.0375
0 0.32539062500000004 0.4756944444444445 0.01015625 0.02638888888888889
0 0.26328125 0.46944444444444444 0.009375000000000001 0.025
0 0.16562500000000002 0.46944444444444444 0.009375000000000001 0.025
0 0.23945312500000002 0.5715277777777777 0.025781250000000002 0.059722222222222225
0 0.06796875000000001 0.4708333333333333 0.0140625 0.03333333333333333
0 0.525 0.49375 0.0125 0.02638888888888889
0 0.50703125 0.4798611111111111 0.009375000000000001 0.020833333333333336
0 0.3875 0.4756944444444445 0.009375000000000001 0.020833333333333336
0 0.87421875 0.732638888888889 0.09062500000000001 0.22916666666666669
0 0.10898437500000001 0.4930555555555556 0.014843750000000001 0.036111111111111115
0 0.17109375000000002 0.4861111111111111 0.0125 0.02777777777777778
