0 0.571484375 0.5270833333333333 0.017968750000000002 0.0375
0 0.54140625 0.4986111111111111 0.0125 0.02777777777777778
0 0.15546875000000002 0.5263888888888889 0.018750000000000003 0.044444444444444446
0 0.20703125 0.5881944444444445 0.029687500000000002 0.0763888888888889
0 0.287890625 0.5395833333333333 0.01640625 0.04583333333333334
0 0.37539062500000003 0.49375 0.01171875 0.02638888888888889
0 0.00625 0.5173611111111112 0.0140625 0.051388888888888894
0 0.08359375000000001 0.47708333333333336 0.010937500000000001 0.02361111111111111
0 0.211328125 0.48125 0.01171875 0.02638888888888889
0 0.29453125 0.48750000000000004 0.010937500000000001 0.030555555555555558
0 0.63828125 0.5868055555555556 0.0234375 0.0625
