0 0.68359375 0.6006944444444444 0.043750000000000004 0.12638888888888888
0 0.5671875000000001 0.5333333333333333 0.0171875 0.044444444444444446
0 0.5242187500000001 0.5027777777777778 0.0125 0.030555555555555558
0 0.501953125 0.48680555555555555 0.01015625 0.03194444444444445
0 0.34921875 0.4881944444444445 0.010937500000000001 0.020833333333333336
0 0.3328125 0.49722222222222223 0.009375000000000001 0.02777777777777778
0 0.1390625 0.5958333333333333 0.053125000000000006 0.1388888888888889
0 0.284375 0.5347222222222222 0.0234375 0.04166666666666667
0 0.27578125000000003 0.4777777777777778 0.009375000000000001 0.030555555555555558
0 0.1921875 0.4701388888888889 0.009375000000000001 0.02638888888888889
0 0.1484375 0.48194444444444445 0.015625 0.022222222222222223
