0 0.577734375 0.5354166666666667 0.02890625 0.05416666666666667
0 0.538671875 0.49722222222222223 0.017968750000000002 0.03888888888888889
0 0.710546875 0.6743055555555556 0.047656250000000004 0.10138888888888889
0 0.37421875000000004 0.5076388888888889 0.0140625 0.034722222222222224
0 0.39453125 0.48958333333333337 0.010937500000000001 0.03194444444444445
0 0.5183593750000001 0.48055555555555557 0.00859375 0.025
0 0.508984375 0.47361111111111115 0.00859375 0.022222222222222223
0 0.33984375 0.5430555555555556 0.021875000000000002 0.05277777777777778
0 0.198046875 0.6923611111111111 0.05390625 0.12361111111111112
0 0.23359375000000002 0.4979166666666667 0.009375000000000001 0.029166666666666667
