0 0.6238281250000001 0.5750000000000001 0.025781250000000002 0.05555555555555556
0 0.30625 0.4861111111111111 0.015625 0.04166666666666667
0 0.225 0.47708333333333336 0.010937500000000001 0.029166666666666667
0 0.103515625 0.4763888888888889 0.01015625 0.02777777777777778
0 0.563671875 0.5194444444444445 0.01640625 0.036111111111111115
0 0.536328125 0.49375 0.01171875 0.02638888888888889
0 0.1796875 0.5159722222222223 0.0171875 0.04027777777777778
0 0.23671875 0.56875 0.026562500000000003 0.06805555555555556
0 0.302734375 0.5277777777777778 0.014843750000000001 0.04166666666666667
0 0.378515625 0.4881944444444445 0.01015625 0.02361111111111111
0 0.041406250000000006 0.5076388888888889 0.015625 0.04583333333333334
0 0.89609375 0.826388888888889 0.0859375 0.17222222222222222
