1 0.013281 0.559722 0.017188 0.022222
1 0.221875 0.561806 0.017188 0.029167
1 0.371484 0.577083 0.021094 0.031944
1 0.600000 0.645139 0.032812 0.054167
0 0.052734 0.592361 0.025781 0.031944
0 0.173047 0.622222 0.030469 0.038889
0 0.221875 0.731944 0.043750 0.075000
2 0.921484 0.584028 0.021094 0.040278
2 0.874609 0.550694 0.017969 0.029167
2 0.843359 0.534722 0.013281 0.025000
2 0.813281 0.522222 0.014062 0.022222
2 0.767578 0.520833 0.011719 0.022222
2 0.726953 0.522222 0.013281 0.022222
2 0.677344 0.524306 0.010937 0.018056
2 0.665234 0.538194 0.013281 0.023611
2 0.654688 0.552778 0.014062 0.027778
2 0.632422 0.583333 0.024219 0.038889
