2 0.491870 0.525436 0.010937 0.020833
2 0.526328 0.525408 0.010937 0.018056
0 0.205859 0.938889 0.091406 0.122222
0 0.278516 0.722917 0.041406 0.076389
0 0.224609 0.632639 0.027344 0.045833
0 0.103125 0.599306 0.021875 0.034722
0 0.669531 0.583333 0.021875 0.036111
0 0.828125 0.550000 0.017188 0.027778
0 0.970703 0.531944 0.013281 0.022222
1 0.898047 0.658333 0.035156 0.063889
1 0.931641 0.597917 0.025781 0.043056
1 0.228516 0.567361 0.017969 0.026389
3 0.257422 0.793750 0.075781 0.165278
3 0.954687 0.722222 0.076563 0.141667
1 0.081250 0.565278 0.014062 0.022222
2 0.452344 0.529167 0.009375 0.019444
2 0.445703 0.538194 0.010156 0.020833
2 0.440625 0.547222 0.010937 0.022222
2 0.431641 0.563194 0.014844 0.026389
1 0.423047 0.587500 0.019531 0.036111
2 0.627344 0.555556 0.012500 0.025000
2 0.603516 0.542361 0.011719 0.023611
2 0.561328 0.524306 0.008594 0.020833
2 0.582812 0.531250 0.010937 0.020833
