1 0.056641 0.563194 0.016406 0.020833
1 0.260938 0.564583 0.018750 0.026389
1 0.410937 0.579861 0.021875 0.034722
1 0.646484 0.655556 0.036719 0.058333
0 0.090625 0.593056 0.025000 0.030556
0 0.206641 0.626389 0.030469 0.041667
0 0.250391 0.747917 0.047656 0.081944
2 0.984766 0.590972 0.025781 0.043056
2 0.931641 0.555556 0.019531 0.036111
2 0.897266 0.538194 0.017969 0.023611
2 0.864062 0.525694 0.015625 0.020833
2 0.819141 0.525694 0.013281 0.020833
2 0.774219 0.526389 0.012500 0.019444
2 0.725391 0.526389 0.013281 0.019444
2 0.714453 0.540278 0.014844 0.027778
2 0.704297 0.557639 0.017969 0.029167
2 0.680859 0.586806 0.024219 0.040278
