0 0.120313 0.571620 0.018750 0.034806
0 0.229297 0.587015 0.025781 0.038822
0 0.330859 0.636546 0.036719 0.057564
0 0.310547 0.838688 0.078906 0.124498
1 0.060156 0.550201 0.017188 0.026774
1 0.215625 0.549531 0.017188 0.028112
1 0.417187 0.556225 0.025000 0.036145
1 0.576953 0.584337 0.030469 0.044177
1 0.878125 0.719545 0.057812 0.095047
2 0.904297 0.611111 0.032031 0.054886
2 0.923047 0.564257 0.019531 0.036145
2 0.931641 0.541499 0.013281 0.033467
2 0.939844 0.523427 0.010938 0.026774