0 0.117718 0.595829 0.015950 0.027805
0 0.242545 0.623966 0.020804 0.037736
0 0.304785 0.695134 0.028779 0.056935
0 0.660021 0.579940 0.022885 0.030453
0 0.813627 0.549156 0.019417 0.021847
0 0.954230 0.533929 0.011442 0.020523
1 0.091540 0.563721 0.010055 0.021847
1 0.235784 0.568024 0.014216 0.026481
1 0.424757 0.585568 0.016297 0.028467
1 0.867025 0.642502 0.031900 0.056273
1 0.908460 0.590533 0.019764 0.034426
1 0.987344 0.562397 0.012483 0.024495
1 0.992718 0.802714 0.014216 0.057597
2 0.113731 0.954320 0.051664 0.086726
2 0.295596 0.751407 0.055479 0.131082
2 0.432039 0.561735 0.010749 0.021847
2 0.444001 0.535253 0.013870 0.017875
2 0.441401 0.547170 0.012829 0.020523
2 0.451803 0.528964 0.013523 0.015889
2 0.488904 0.528302 0.010749 0.015889
2 0.521151 0.524992 0.012136 0.018537
2 0.555999 0.523337 0.010402 0.017875
2 0.578017 0.528964 0.013523 0.019861
2 0.596914 0.538894 0.012483 0.017213
2 0.620666 0.553459 0.016297 0.022509
2 0.914182 0.695796 0.059639 0.129758
0 0.261179 0.872556 0.079268 0.131983