0 0.139844 0.606944 0.023438 0.036111
0 0.226172 0.637500 0.025781 0.044444
0 0.266406 0.693750 0.028125 0.059722
0 0.462891 0.565278 0.014844 0.027778
0 0.586328 0.540972 0.010156 0.020833
0 0.701953 0.525694 0.010156 0.018056
0 0.835547 0.516667 0.007031 0.016667
0 0.950000 0.510417 0.007812 0.018056
1 0.088281 0.574306 0.015625 0.023611
1 0.272656 0.576389 0.014062 0.027778
1 0.662891 0.638194 0.036719 0.051389
1 0.602734 0.590278 0.017969 0.036111
1 0.643750 0.564583 0.017188 0.029167
1 0.711328 0.543750 0.011719 0.023611
1 0.788672 0.531250 0.011719 0.020833
1 0.873438 0.524306 0.010937 0.020833
1 0.987891 0.518750 0.010156 0.020833
2 0.427344 0.550000 0.012500 0.025000
2 0.406250 0.542361 0.010937 0.018056
2 0.387109 0.536111 0.010156 0.016667
2 0.366406 0.531250 0.009375 0.015278
2 0.335156 0.533333 0.009375 0.016667
2 0.305078 0.536111 0.010156 0.016667
2 0.267969 0.561111 0.012500 0.025000
3 0.763281 0.651389 0.051562 0.102778
3 0.617578 0.606944 0.038281 0.072222
3 0.250391 0.729167 0.055469 0.127778
3 0.251172 0.649306 0.041406 0.087500
0 0.005859 0.602083 0.011719 0.020833
2 0.268750 0.547917 0.010937 0.023611
2 0.269922 0.538889 0.008594 0.016667
