0 0.179688 0.625167 0.035938 0.058902
0 0.246094 0.818608 0.073438 0.116466
0 0.052734 0.601071 0.028906 0.053548
1 0.868750 0.729585 0.043750 0.115127
1 0.760156 0.624498 0.035937 0.065596
1 0.793750 0.580991 0.025000 0.064257
1 0.871484 0.562918 0.028906 0.052209
1 0.953125 0.540830 0.029688 0.042838
2 0.783203 0.665328 0.057031 0.147256
2 0.537500 0.551539 0.014063 0.032129
2 0.513281 0.545515 0.012500 0.036145
2 0.492188 0.532798 0.012500 0.034806
2 0.441797 0.531459 0.016406 0.032129
2 0.476172 0.528782 0.016406 0.034806
0 0.575781 0.578983 0.025000 0.044177
0 0.717969 0.552209 0.020313 0.036145
0 0.848828 0.534806 0.014844 0.030790
2 0.262891 0.721553 0.053906 0.144578
1 0.166406 0.574967 0.028125 0.038822
2 0.406250 0.534137 0.017188 0.032129
2 0.370703 0.536145 0.014844 0.025435
2 0.173103 0.904679 0.115854 0.183659
1 0.352642 0.590433 0.020325 0.034218
1 0.015413 0.576466 0.024051 0.028631