2 0.994531 0.519444 0.010937 0.030556
2 0.942187 0.521528 0.023438 0.031944
2 0.894922 0.518750 0.014844 0.026389
2 0.842188 0.519444 0.015625 0.030556
2 0.832422 0.532639 0.013281 0.037500
2 0.822656 0.551389 0.020312 0.041667
2 0.801953 0.592361 0.025781 0.043056
0 0.067969 0.567361 0.023438 0.040278
0 0.187891 0.578472 0.021094 0.043056
0 0.293750 0.621528 0.032812 0.045833
0 0.317969 0.756944 0.062500 0.100000
1 0.159375 0.544444 0.015625 0.036111
1 0.360156 0.551389 0.025000 0.030556
1 0.510938 0.574306 0.021875 0.034722
1 0.761328 0.664583 0.047656 0.081944