0 0.864234 0.624021 0.029904 0.060052
0 0.165670 0.922977 0.096890 0.148825
0 0.235048 0.680157 0.040670 0.073107
0 0.151615 0.607702 0.028110 0.048303
0 0.018242 0.586815 0.023325 0.043081
1 0.527213 0.612924 0.030502 0.053525
1 0.318780 0.567885 0.022727 0.039164
1 0.171950 0.556789 0.016148 0.032637
2 0.798146 0.565927 0.019737 0.043081
2 0.764653 0.541775 0.016148 0.036554
2 0.739234 0.528068 0.014354 0.032637
2 0.714713 0.517624 0.013158 0.027415
2 0.673744 0.518277 0.012560 0.028721
2 0.634569 0.518930 0.011962 0.027415
2 0.591806 0.520888 0.012560 0.026110
2 0.581041 0.531984 0.012560 0.030026
2 0.571172 0.543734 0.016746 0.032637
2 0.552632 0.567232 0.020335 0.045692