3 0.163281 0.915972 0.092188 0.168056
0 0.244141 0.797222 0.058594 0.094444
0 0.228125 0.654167 0.029687 0.050000
0 0.121484 0.604861 0.025781 0.037500
0 0.750781 0.600694 0.023438 0.040278
0 0.927734 0.556250 0.017969 0.031944
1 0.465625 0.599306 0.023438 0.043056
1 0.266016 0.569444 0.016406 0.030556
1 0.118750 0.565278 0.017188 0.025000
2 0.482422 0.565278 0.016406 0.030556
2 0.496875 0.547917 0.014062 0.026389
2 0.504687 0.536806 0.010937 0.023611
2 0.513281 0.525694 0.010937 0.020833
2 0.554297 0.524306 0.010156 0.020833
2 0.591406 0.523611 0.009375 0.019444
2 0.628125 0.520833 0.010937 0.019444
2 0.650781 0.527778 0.010937 0.022222
2 0.673437 0.540278 0.014062 0.025000
2 0.700781 0.559722 0.018750 0.030556
