0 0.211328 0.838889 0.067969 0.105556
0 0.230078 0.663194 0.033594 0.062500
0 0.133594 0.604861 0.023438 0.043056
0 0.797266 0.607639 0.025781 0.048611
0 0.985547 0.557639 0.016406 0.031944
1 0.143750 0.561111 0.015625 0.025000
1 0.289844 0.566667 0.018750 0.027778
1 0.491406 0.603472 0.025000 0.040278
2 0.513281 0.565278 0.017188 0.030556
2 0.530469 0.543750 0.014062 0.026389
2 0.539453 0.532639 0.011719 0.020833
2 0.548828 0.522222 0.011719 0.019444
2 0.591406 0.520833 0.010937 0.019444
2 0.628906 0.518750 0.010937 0.020833
2 0.667188 0.520139 0.010937 0.020833
2 0.690625 0.528472 0.010937 0.020833
2 0.713281 0.540278 0.014062 0.025000
2 0.742969 0.561111 0.017188 0.033333
