0 0.225000 0.925000 0.089062 0.136111
0 0.289453 0.713889 0.039844 0.069444
0 0.231250 0.629861 0.026563 0.045833
0 0.670313 0.581944 0.021875 0.036111
0 0.826563 0.550000 0.018750 0.027778
0 0.969141 0.532639 0.014844 0.023611
1 0.892578 0.655556 0.035156 0.061111
1 0.928516 0.597222 0.027344 0.044444
1 0.233203 0.567361 0.016406 0.026389
1 0.086719 0.564583 0.015625 0.023611
3 0.271484 0.781944 0.069531 0.158333
3 0.943750 0.714583 0.073437 0.137500
2 0.628906 0.554861 0.015625 0.026389
2 0.604297 0.540278 0.014844 0.022222
2 0.583594 0.531250 0.010937 0.020833
2 0.563281 0.523611 0.010937 0.016667
2 0.527734 0.524306 0.011719 0.018056
2 0.493750 0.526389 0.010937 0.019444
2 0.433594 0.561806 0.015625 0.026389
2 0.447266 0.538194 0.011719 0.018056
2 0.455078 0.527778 0.011719 0.016667
2 0.443750 0.547222 0.010937 0.022222
1 0.425781 0.587500 0.018750 0.033333
0 0.111328 0.597917 0.019531 0.034722
