2 0.636065 0.558094 0.020933 0.040470
2 0.610945 0.542428 0.016148 0.035248
2 0.589713 0.531984 0.015550 0.032637
2 0.567584 0.525457 0.015550 0.030026
2 0.531998 0.528721 0.013756 0.028721
2 0.497309 0.528068 0.012560 0.027415
2 0.457835 0.529373 0.014952 0.024804
2 0.449462 0.541123 0.011364 0.027415
2 0.442883 0.550261 0.014952 0.030026
2 0.431818 0.567232 0.015550 0.037859
2 0.217105 0.840078 0.096890 0.207572
1 0.929426 0.677546 0.046651 0.093995
1 0.959031 0.607050 0.034091 0.060052
1 0.423445 0.595300 0.025120 0.049608
1 0.226077 0.571802 0.021531 0.036554
1 0.077153 0.569191 0.020335 0.033943
0 0.094199 0.607050 0.026914 0.044386
0 0.212022 0.644909 0.036483 0.060052
0 0.256878 0.750000 0.050837 0.100522
0 0.680024 0.589426 0.026316 0.053525
0 0.843301 0.552219 0.020335 0.041775
0 0.989234 0.535248 0.019139 0.036554