3 0.210156 0.855556 0.089062 0.191667
0 0.254687 0.755556 0.050000 0.080556
0 0.213281 0.645833 0.028125 0.047222
0 0.095703 0.606944 0.021094 0.036111
0 0.106641 0.623611 0.000781 0.002778
0 0.690625 0.591667 0.023438 0.038889
0 0.855859 0.554861 0.016406 0.029167
1 0.947266 0.683333 0.039844 0.066667
1 0.974219 0.611806 0.028125 0.045833
1 0.427344 0.596528 0.021875 0.034722
1 0.230469 0.573611 0.015625 0.025000
1 0.082422 0.568056 0.016406 0.025000
2 0.439453 0.568056 0.017969 0.027778
2 0.451953 0.550694 0.011719 0.020833
2 0.457812 0.540278 0.010937 0.019444
2 0.465625 0.531944 0.009375 0.016667
2 0.505859 0.529167 0.010156 0.016667
2 0.541016 0.528472 0.008594 0.018056
2 0.576563 0.525694 0.009375 0.020833
2 0.598828 0.534722 0.011719 0.022222
2 0.619141 0.545833 0.011719 0.025000
2 0.644531 0.559028 0.015625 0.029167
