0 0.257812 0.745139 0.045313 0.076389
0 0.211328 0.643056 0.028906 0.047222
0 0.093359 0.604861 0.022656 0.034722
0 0.678125 0.590972 0.021875 0.037500
0 0.840625 0.554861 0.014062 0.026389
0 0.985547 0.534722 0.013281 0.027778
1 0.925391 0.672917 0.036719 0.065278
1 0.954687 0.605556 0.029687 0.047222
1 0.421094 0.593056 0.021875 0.036111
1 0.224219 0.570139 0.017188 0.023611
1 0.076563 0.570139 0.015625 0.023611
2 0.430859 0.567361 0.016406 0.029167
2 0.443750 0.550000 0.012500 0.025000
2 0.448828 0.539583 0.011719 0.020833
2 0.456641 0.529861 0.010156 0.018056
2 0.495313 0.529167 0.010937 0.019444
2 0.530469 0.527083 0.012500 0.023611
2 0.566016 0.525694 0.010156 0.020833
2 0.587891 0.532639 0.011719 0.023611
2 0.608984 0.543056 0.013281 0.022222
2 0.633594 0.558333 0.015625 0.027778
3 0.221875 0.834028 0.084375 0.181944
3 0.976172 0.752778 0.047656 0.152778
