0 0.009766 0.597917 0.019531 0.031944
0 0.147266 0.609028 0.022656 0.034722
0 0.267578 0.708333 0.032031 0.063889
0 0.479688 0.564583 0.015625 0.029167
0 0.606641 0.538889 0.010156 0.022222
0 0.724219 0.522917 0.009375 0.018056
0 0.860937 0.515278 0.007812 0.019444
0 0.978906 0.508333 0.007812 0.016667
0 0.233203 0.643056 0.025781 0.047222
1 0.691797 0.646528 0.036719 0.054167
1 0.626562 0.591667 0.018750 0.038889
1 0.667578 0.563889 0.016406 0.030556
1 0.736719 0.542361 0.015625 0.026389
1 0.814062 0.527778 0.014062 0.022222
1 0.900781 0.520139 0.010937 0.020833
1 0.101953 0.572917 0.013281 0.023611
1 0.287109 0.576389 0.017969 0.027778
2 0.445312 0.548611 0.014062 0.022222
2 0.423438 0.540278 0.010937 0.019444
2 0.404687 0.534028 0.009375 0.018056
2 0.383984 0.530556 0.010156 0.016667
2 0.353125 0.531250 0.009375 0.015278
2 0.321484 0.535417 0.008594 0.018056
3 0.801562 0.661111 0.057813 0.108333
3 0.642578 0.610417 0.039844 0.076389
3 0.249609 0.750000 0.061719 0.138889
3 0.258203 0.655556 0.038281 0.086111
2 0.282031 0.560417 0.009375 0.023611
2 0.286719 0.536806 0.007812 0.018056
2 0.283594 0.544444 0.007812 0.019444
