1 0.035937 0.540972 0.018750 0.029167
1 0.193750 0.544444 0.020312 0.027778
1 0.392969 0.550000 0.023438 0.036111
1 0.545313 0.572917 0.026563 0.040278
1 0.812891 0.684028 0.042969 0.076389
0 0.103125 0.566667 0.021875 0.030556
0 0.217187 0.580556 0.020312 0.038889
0 0.319922 0.619444 0.035156 0.050000
0 0.334766 0.773611 0.064844 0.094444
2 0.844922 0.590278 0.025781 0.055556
2 0.867188 0.554861 0.018750 0.037500
2 0.875391 0.534028 0.008594 0.034722
2 0.886328 0.518056 0.014844 0.036111
2 0.940625 0.518750 0.017188 0.037500
2 0.992969 0.522917 0.014062 0.037500