3 0.128125 0.947917 0.100000 0.104167
3 0.295312 0.750694 0.062500 0.140278
3 0.896094 0.690278 0.064062 0.122222
1 0.979688 0.779861 0.040625 0.101389
1 0.857422 0.643056 0.032031 0.055556
1 0.897266 0.592361 0.027344 0.040278
1 0.975781 0.561806 0.020312 0.031944
1 0.421094 0.587500 0.018750 0.033333
1 0.232031 0.570833 0.015625 0.025000
1 0.086719 0.569444 0.014062 0.022222
0 0.264844 0.863889 0.073437 0.116667
0 0.239453 0.627083 0.027344 0.043056
0 0.116797 0.598611 0.021094 0.033333
0 0.654297 0.581250 0.021094 0.034722
0 0.807031 0.550694 0.017188 0.026389
0 0.946094 0.534028 0.012500 0.020833
2 0.615625 0.556250 0.015625 0.026389
2 0.592188 0.541667 0.014062 0.022222
2 0.571484 0.534722 0.011719 0.019444
2 0.551562 0.528472 0.010937 0.018056
2 0.517187 0.529861 0.010937 0.018056
2 0.483203 0.531944 0.011719 0.019444
0 0.303125 0.698611 0.029687 0.058333
2 0.427344 0.563889 0.014062 0.022222
2 0.436328 0.550694 0.011719 0.020833
2 0.438672 0.541667 0.011719 0.019444
2 0.445312 0.531250 0.009375 0.018056
