1 0.918359 0.689583 0.057031 0.079167
0 0.230469 0.819444 0.060938 0.116667
2 0.652344 0.612500 0.040625 0.094444
0 0.573438 0.606944 0.032812 0.047222
2 0.229687 0.622917 0.034375 0.079167
2 0.536719 0.581944 0.031250 0.061111
0 0.199219 0.613194 0.021875 0.040278
0 0.104297 0.593750 0.019531 0.037500
1 0.525781 0.569444 0.017188 0.036111
1 0.037891 0.569444 0.014844 0.036111
1 0.223047 0.568056 0.014844 0.025000
0 0.396875 0.554861 0.015625 0.031944
0 0.510938 0.536806 0.012500 0.018056
1 0.561719 0.550000 0.010937 0.022222
1 0.625000 0.536111 0.010937 0.019444
1 0.697656 0.524306 0.015625 0.026389
1 0.775000 0.518750 0.012500 0.020833
1 0.878516 0.511111 0.011719 0.016667
1 0.969922 0.508333 0.013281 0.022222
0 0.616797 0.518056 0.011719 0.016667
0 0.741406 0.511111 0.007812 0.011111
0 0.847656 0.506944 0.006250 0.011111
0 0.960938 0.500000 0.006250 0.011111
2 0.363281 0.545139 0.018750 0.029167
2 0.341406 0.536111 0.014062 0.027778
2 0.320703 0.529167 0.013281 0.025000
2 0.301953 0.526389 0.011719 0.019444
2 0.270703 0.531250 0.011719 0.023611
2 0.237891 0.529861 0.014844 0.020833
2 0.252344 0.671528 0.054688 0.101389