0 0.221875 0.826389 0.057813 0.100000
0 0.229297 0.658333 0.028906 0.052778
0 0.131250 0.602778 0.023438 0.038889
0 0.784766 0.607639 0.024219 0.043056
0 0.968750 0.561806 0.017188 0.031944
1 0.282422 0.568750 0.019531 0.029167
1 0.134766 0.560417 0.016406 0.023611
2 0.503125 0.565278 0.017188 0.030556
2 0.521094 0.546528 0.012500 0.020833
2 0.528516 0.536111 0.011719 0.019444
2 0.538672 0.524306 0.011719 0.018056
2 0.579687 0.523611 0.009375 0.016667
2 0.617188 0.522917 0.010937 0.018056
2 0.655859 0.522917 0.010156 0.018056
2 0.678125 0.529167 0.010937 0.019444
2 0.701172 0.540972 0.013281 0.023611
2 0.730078 0.561806 0.017969 0.029167
1 0.483984 0.602083 0.027344 0.040278
