2 0.740234 0.563889 0.022656 0.041667
2 0.710547 0.537500 0.016406 0.030556
2 0.687109 0.527083 0.022656 0.031944
2 0.664063 0.518056 0.020312 0.033333
2 0.625000 0.519444 0.018750 0.036111
2 0.587500 0.520139 0.014063 0.031944
2 0.544922 0.518750 0.021094 0.023611
2 0.535547 0.529861 0.014844 0.040278
2 0.526172 0.542361 0.024219 0.034722
2 0.512891 0.562500 0.019531 0.044444
1 0.485156 0.601389 0.040625 0.063889
1 0.286328 0.563194 0.019531 0.040278
1 0.139844 0.557639 0.021875 0.040278
0 0.131641 0.604861 0.025781 0.040278
0 0.224609 0.661111 0.041406 0.061111
0 0.209375 0.837500 0.076562 0.136111
0 0.792578 0.600694 0.028906 0.048611
0 0.978997 0.565642 0.026423 0.037709