0 0.113281 0.605556 0.026563 0.047222
0 0.169141 0.927778 0.082031 0.144444
0 0.199219 0.627083 0.040625 0.059722
0 0.426953 0.558333 0.019531 0.047222
0 0.547266 0.534722 0.016406 0.036111
0 0.660937 0.522917 0.015625 0.026389
0 0.789062 0.515972 0.012500 0.031944
0 0.900391 0.509722 0.013281 0.022222
1 0.059766 0.575000 0.022656 0.033333
1 0.240234 0.575000 0.025781 0.036111
1 0.620313 0.627778 0.042188 0.066667
1 0.561719 0.581944 0.028125 0.050000
1 0.603516 0.558333 0.022656 0.058333
1 0.670313 0.540972 0.023438 0.043056
1 0.739453 0.528472 0.024219 0.034722
1 0.825781 0.519444 0.020312 0.036111
1 0.935156 0.515278 0.023438 0.041667
2 0.239844 0.712500 0.075000 0.144444
2 0.229297 0.643750 0.042969 0.093056
2 0.708594 0.639583 0.062500 0.101389
2 0.571094 0.599306 0.046875 0.073611
2 0.392578 0.548611 0.019531 0.027778
2 0.370313 0.534028 0.017188 0.037500
2 0.351172 0.534722 0.019531 0.030556
2 0.332422 0.529861 0.013281 0.026389
2 0.301953 0.529861 0.013281 0.031944
2 0.268750 0.534028 0.012500 0.026389