2 0.794557 0.566580 0.023325 0.041775
2 0.761663 0.541123 0.016148 0.030026
2 0.736842 0.528068 0.015550 0.027415
2 0.712919 0.518930 0.013158 0.027415
2 0.672847 0.520235 0.011962 0.024804
2 0.633373 0.522846 0.013158 0.030026
2 0.589414 0.520235 0.011364 0.024804
2 0.579545 0.534595 0.014354 0.030026
2 0.570275 0.546997 0.014952 0.028721
2 0.550837 0.569191 0.021531 0.036554
1 0.526615 0.611619 0.030502 0.050914
1 0.319378 0.568538 0.019139 0.037859
1 0.172249 0.559399 0.016746 0.030026
0 0.858254 0.621410 0.031100 0.057441
0 0.182715 0.906658 0.085526 0.139687
0 0.241926 0.677546 0.035287 0.070496
0 0.154306 0.610966 0.029904 0.046997
0 0.022129 0.588773 0.023923 0.036554