2 0.639453 0.524306 0.010156 0.023611
2 0.662109 0.531944 0.011719 0.025000
2 0.683984 0.543750 0.014844 0.026389
2 0.712891 0.561806 0.014844 0.034722
2 0.508203 0.549306 0.010156 0.020833
0 0.946094 0.561806 0.015625 0.029167
0 0.230078 0.657639 0.028906 0.056944
2 0.491797 0.570833 0.016406 0.027778
3 0.124219 0.927083 0.079687 0.145833
1 0.128516 0.565972 0.016406 0.026389
0 0.127734 0.606944 0.022656 0.036111
1 0.475781 0.602778 0.023438 0.038889
0 0.235547 0.814583 0.055469 0.098611
0 0.766406 0.603472 0.025000 0.045833
2 0.603516 0.525000 0.010156 0.016667
2 0.566406 0.526389 0.010937 0.019444
2 0.526563 0.527083 0.010937 0.018056
2 0.516797 0.538194 0.010156 0.020833
1 0.275000 0.570833 0.018750 0.027778
