0 0.798828125 0.793055555556 0.05546875 0.102777777778
0 0.633203125 0.652777777778 0.02265625 0.0444444444444
0 0.59140625 0.599305555556 0.0125 0.0236111111111
1 0.1265625 0.751388888889 0.05625 0.1
1 0.335546875 0.629166666667 0.02265625 0.05
1 0.3984375 0.586805555556 0.0140625 0.0319444444444
1 0.4421875 0.572916666667 0.0125 0.0263888888889
1 0.496484375 0.563888888889 0.01015625 0.0222222222222
1 0.543359375 0.559722222222 0.01015625 0.0222222222222
0 0.594921875 0.583333333333 0.00859375 0.0194444444444
0 0.617578125 0.573611111111 0.00859375 0.0166666666667
0 0.6390625 0.570833333333 0.0078125 0.0166666666667
1 0.59765625 0.560416666667 0.0109375 0.0236111111111
