1 0.271875 0.661805555556 0.0234375 0.0597222222222
1 0.378515625 0.600694444444 0.01328125 0.0402777777778
1 0.421484375 0.574305555556 0.01328125 0.0291666666667
1 0.456640625 0.563194444444 0.00859375 0.0263888888889
1 0.50703125 0.561805555556 0.00625 0.0152777777778
1 0.5484375 0.555555555556 0.0078125 0.0222222222222
0 0.69609375 0.693055555556 0.0296875 0.0611111111111
0 0.612109375 0.624305555556 0.01796875 0.0347222222222
0 0.585546875 0.593055555556 0.01328125 0.025
0 0.59375 0.576388888889 0.0078125 0.0222222222222
0 0.61328125 0.571527777778 0.0140625 0.0152777777778
1 0.600390625 0.555555555556 0.01015625 0.0166666666667
0 0.634765625 0.564583333333 0.01015625 0.0208333333333
0 0.662109375 0.561111111111 0.00703125 0.0166666666667
