2 0.311328125 0.705555555556 0.03515625 0.0694444444444
2 0.753125 0.711805555556 0.040625 0.0847222222222
2 0.622265625 0.630555555556 0.01953125 0.05
2 0.328515625 0.627083333333 0.01953125 0.0430555555556
2 0.172265625 0.574305555556 0.01328125 0.0291666666667
2 0.365234375 0.570138888889 0.01328125 0.0263888888889
2 0.28828125 0.595833333333 0.01875 0.0333333333333
2 0.087890625 0.856944444444 0.07421875 0.138888888889
2 0.444921875 0.575694444444 0.01484375 0.0291666666667
2 0.020703125 0.564583333333 0.01015625 0.0263888888889
2 0.075390625 0.547916666667 0.01171875 0.0180555555556
