1 0.088671875 0.782638888889 0.06953125 0.123611111111
1 0.29375 0.630555555556 0.0265625 0.0555555555556
1 0.37890625 0.591666666667 0.0203125 0.0361111111111
1 0.41640625 0.570138888889 0.0109375 0.0263888888889
1 0.448828125 0.555555555556 0.01015625 0.0222222222222
0 0.812109375 0.799305555556 0.06171875 0.106944444444
0 0.640234375 0.655555555556 0.02578125 0.0472222222222
0 0.585546875 0.604166666667 0.01640625 0.0361111111111
0 0.5671875 0.579166666667 0.009375 0.0222222222222
0 0.575390625 0.565972222222 0.00859375 0.0208333333333
1 0.494921875 0.554166666667 0.00703125 0.0166666666667
1 0.536328125 0.552777777778 0.00859375 0.0166666666667
1 0.586328125 0.549305555556 0.00703125 0.0180555555556
0 0.5953125 0.559722222222 0.00625 0.0194444444444
0 0.6171875 0.557638888889 0.009375 0.0180555555556
