1 0.269140625 0.661805555556 0.02734375 0.0652777777778
1 0.378515625 0.599305555556 0.01640625 0.0375
1 0.421875 0.577777777778 0.0125 0.0305555555556
1 0.4578125 0.565277777778 0.009375 0.025
1 0.50625 0.560416666667 0.009375 0.0208333333333
1 0.548828125 0.559027777778 0.00859375 0.0152777777778
0 0.694140625 0.690277777778 0.03515625 0.0805555555556
0 0.61328125 0.624305555556 0.01875 0.0430555555556
0 0.587109375 0.595138888889 0.01484375 0.0263888888889
0 0.593359375 0.574305555556 0.01015625 0.0152777777778
0 0.6140625 0.570833333333 0.00625 0.0111111111111
1 0.600390625 0.556944444444 0.00859375 0.0194444444444
