1 0.383984375 0.602777777778 0.02109375 0.0416666666667
1 0.421875 0.561805555556 0.0078125 0.0236111111111
1 0.43125 0.560416666667 0.0078125 0.0208333333333
0 0.684765625 0.609027777778 0.01484375 0.0291666666667
3 0.411328125 0.568055555556 0.01484375 0.0388888888889
3 0.61171875 0.574305555556 0.0171875 0.0430555555556
1 0.448828125 0.555555555556 0.00703125 0.0194444444444
1 0.453515625 0.549305555556 0.00546875 0.0152777777778
1 0.06484375 0.851388888889 0.0796875 0.141666666667
0 0.590625 0.576388888889 0.0078125 0.0194444444444
0 0.564453125 0.564583333333 0.00546875 0.0180555555556
0 0.554296875 0.558333333333 0.00546875 0.0138888888889
0 0.545703125 0.554166666667 0.00390625 0.0138888888889
