0 0.832421875 0.811805555556 0.05078125 0.0902777777778
0 0.64609375 0.663888888889 0.0265625 0.0527777777778
0 0.587890625 0.605555555556 0.01640625 0.0277777777778
0 0.568359375 0.584027777778 0.01015625 0.0208333333333
1 0.05234375 0.799305555556 0.084375 0.118055555556
1 0.2859375 0.643055555556 0.028125 0.0555555555556
1 0.53671875 0.557638888889 0.0078125 0.0180555555556
0 0.57734375 0.572916666667 0.0078125 0.0180555555556
1 0.586328125 0.553472222222 0.00703125 0.0180555555556
0 0.597265625 0.569444444444 0.00859375 0.0222222222222
0 0.61953125 0.563194444444 0.0109375 0.0263888888889
