0 0.833984375 0.805555555556 0.05078125 0.0972222222222
0 0.64609375 0.663888888889 0.0265625 0.0527777777778
0 0.587109375 0.611805555556 0.01796875 0.0319444444444
1 0.054296875 0.799305555556 0.07734375 0.115277777778
1 0.286328125 0.636805555556 0.02890625 0.0597222222222
1 0.376171875 0.596527777778 0.01953125 0.0375
1 0.414453125 0.574305555556 0.01484375 0.0291666666667
1 0.44765625 0.561805555556 0.009375 0.0208333333333
1 0.4953125 0.557638888889 0.009375 0.0236111111111
0 0.569140625 0.580555555556 0.01171875 0.0222222222222
1 0.537109375 0.555555555556 0.00703125 0.0138888888889
1 0.58515625 0.549305555556 0.0078125 0.0152777777778
0 0.5765625 0.569444444444 0.00625 0.0194444444444
0 0.5984375 0.567361111111 0.0078125 0.0180555555556
0 0.61953125 0.565277777778 0.0078125 0.0166666666667
