1 0.27109375 0.665277777778 0.028125 0.0611111111111
1 0.3796875 0.605555555556 0.0171875 0.0361111111111
1 0.422265625 0.577777777778 0.01015625 0.0277777777778
1 0.4578125 0.561805555556 0.009375 0.0208333333333
0 0.696875 0.695138888889 0.028125 0.0597222222222
0 0.6140625 0.624305555556 0.01875 0.0375
0 0.5875 0.586805555556 0.0125 0.0236111111111
1 0.50625 0.561805555556 0.009375 0.0208333333333
0 0.615625 0.570138888889 0.0078125 0.0180555555556
0 0.63671875 0.565277777778 0.00625 0.00833333333333
1 0.55 0.561805555556 0.0078125 0.0180555555556
