1 0.24296875 0.649305555556 0.0265625 0.0541666666667
0 0.680078125 0.705555555556 0.03671875 0.0777777777778
0 0.492578125 0.61875 0.01953125 0.0375
2 0.1703125 0.613888888889 0.0171875 0.0305555555556
2 0.10390625 0.604166666667 0.0140625 0.025
2 0.39453125 0.595138888889 0.015625 0.0319444444444
2 0.318359375 0.586805555556 0.01328125 0.0291666666667
2 0.24296875 0.580555555556 0.0125 0.0222222222222
2 0.17109375 0.580555555556 0.009375 0.0222222222222
2 0.105859375 0.582638888889 0.01015625 0.0180555555556
2 0.044921875 0.596527777778 0.01015625 0.0236111111111
