0 0.698046875 0.693055555556 0.03671875 0.0722222222222
0 0.613671875 0.624305555556 0.01953125 0.0430555555556
0 0.586328125 0.586805555556 0.01328125 0.0263888888889
0 0.59375 0.574305555556 0.009375 0.0236111111111
1 0.270703125 0.663888888889 0.03046875 0.0666666666667
1 0.379296875 0.605555555556 0.01953125 0.0388888888889
1 0.422265625 0.579166666667 0.01328125 0.0305555555556
1 0.4578125 0.561805555556 0.0125 0.0263888888889
1 0.50625 0.561805555556 0.0125 0.0236111111111
1 0.54921875 0.556944444444 0.0078125 0.0166666666667
1 0.600390625 0.555555555556 0.00703125 0.0166666666667
0 0.6140625 0.570138888889 0.00625 0.0152777777778
0 0.63515625 0.56875 0.009375 0.0180555555556
0 0.661328125 0.561111111111 0.01171875 0.0194444444444
