1 0.218359375 0.793055555556 0.06796875 0.119444444444
1 0.444140625 0.586805555556 0.01640625 0.0402777777778
1 0.383203125 0.624305555556 0.02265625 0.0458333333333
1 0.51171875 0.568055555556 0.0125 0.0277777777778
1 0.565234375 0.566666666667 0.01015625 0.0222222222222
0 0.705078125 0.659027777778 0.02578125 0.0486111111111
0 0.664453125 0.610416666667 0.01484375 0.0347222222222
0 0.672265625 0.591666666667 0.00703125 0.0194444444444
1 0.624609375 0.561805555556 0.00859375 0.0180555555556
1 0.659375 0.558333333333 0.0078125 0.0166666666667
0 0.687890625 0.583333333333 0.01171875 0.0222222222222
0 0.70859375 0.571527777778 0.009375 0.0180555555556
