2 0.2625 0.752777777778 0.0515625 0.111111111111
2 0.684375 0.730555555556 0.0421875 0.0944444444444
2 0.479296875 0.588888888889 0.01328125 0.0333333333333
2 0.58515625 0.605555555556 0.0125 0.0361111111111
2 0.648046875 0.580555555556 0.01328125 0.0277777777778
2 0.560546875 0.577777777778 0.01328125 0.0305555555556
1 0.709375 0.563194444444 0.009375 0.0236111111111
1 0.725 0.555555555556 0.0078125 0.0166666666667
1 0.222265625 0.550694444444 0.01171875 0.0236111111111
1 0.366796875 0.544444444444 0.00859375 0.0194444444444
0 0.808203125 0.570833333333 0.00703125 0.0194444444444
