0 0.72265625 0.640277777778 0.028125 0.05
0 0.54609375 0.586805555556 0.0125 0.0319444444444
0 0.5328125 0.568055555556 0.0109375 0.0194444444444
2 0.4125 0.732638888889 0.034375 0.0819444444444
1 0.459765625 0.630555555556 0.02109375 0.0472222222222
1 0.42265625 0.593055555556 0.0140625 0.0222222222222
1 0.420703125 0.572916666667 0.01171875 0.0180555555556
1 0.468359375 0.560416666667 0.00859375 0.0208333333333
1 0.45 0.555555555556 0.00625 0.0166666666667
2 0.815625 0.715972222222 0.04375 0.0902777777778
1 0.398046875 0.547916666667 0.00859375 0.0152777777778
1 0.34609375 0.540972222222 0.009375 0.0180555555556
0 0.56015625 0.559027777778 0.009375 0.0180555555556
0 0.5125 0.550694444444 0.009375 0.0152777777778
1 0.038671875 0.549305555556 0.01171875 0.0263888888889
1 0.15234375 0.543055555556 0.009375 0.0194444444444
0 0.373046875 0.540972222222 0.00703125 0.0152777777778
0 0.42578125 0.540277777778 0.009375 0.0138888888889
0 0.463671875 0.543055555556 0.00703125 0.0138888888889
0 0.26015625 0.536805555556 0.009375 0.0152777777778
