1 0.30390625 0.680555555556 0.034375 0.0694444444444
1 0.3875 0.613888888889 0.01875 0.0388888888889
1 0.441015625 0.585416666667 0.01328125 0.0319444444444
1 0.466796875 0.568055555556 0.01171875 0.0305555555556
1 0.493359375 0.561805555556 0.00859375 0.0180555555556
1 0.53515625 0.555555555556 0.00625 0.0194444444444
1 0.573828125 0.555555555556 0.00703125 0.0166666666667
0 0.76171875 0.705555555556 0.0375 0.0694444444444
0 0.660546875 0.629166666667 0.02265625 0.0444444444444
0 0.61796875 0.601388888889 0.0203125 0.0333333333333
0 0.60078125 0.577777777778 0.0140625 0.025
0 0.610546875 0.563194444444 0.00859375 0.0236111111111
0 0.630078125 0.568055555556 0.00859375 0.0194444444444
1 0.6203125 0.555555555556 0.0078125 0.0166666666667
0 0.651953125 0.561805555556 0.00859375 0.0208333333333
