0 0.696875 0.695138888889 0.03125 0.0597222222222
0 0.614453125 0.626388888889 0.02109375 0.0333333333333
0 0.587890625 0.586805555556 0.01328125 0.0208333333333
1 0.269921875 0.661805555556 0.03359375 0.0680555555556
1 0.3796875 0.605555555556 0.01875 0.0388888888889
1 0.422265625 0.574305555556 0.01328125 0.0263888888889
1 0.456640625 0.561805555556 0.01015625 0.0208333333333
1 0.50625 0.559722222222 0.009375 0.0222222222222
1 0.54921875 0.556944444444 0.009375 0.0194444444444
1 0.600390625 0.555555555556 0.00703125 0.0166666666667
0 0.59375 0.576388888889 0.009375 0.0194444444444
0 0.614453125 0.572916666667 0.00703125 0.0152777777778
0 0.63515625 0.567361111111 0.0078125 0.0152777777778
0 0.662890625 0.561111111111 0.00859375 0.0166666666667
