2 0.372265625 0.668055555556 0.02890625 0.0583333333333
2 0.44609375 0.619444444444 0.01875 0.0444444444444
2 0.55546875 0.605555555556 0.0125 0.0305555555556
2 0.647265625 0.596527777778 0.01328125 0.0263888888889
2 0.76171875 0.660416666667 0.0234375 0.0486111111111
2 0.818359375 0.760416666667 0.05234375 0.101388888889
2 0.165234375 0.886805555556 0.07265625 0.156944444444
2 0.848828125 0.599305555556 0.01953125 0.0347222222222
2 0.936328125 0.596527777778 0.01328125 0.0319444444444
2 0.9796875 0.588888888889 0.01875 0.0361111111111
