1 0.270703125 0.665277777778 0.03046875 0.0638888888889
1 0.37890625 0.599305555556 0.01875 0.0375
1 0.421875 0.579166666667 0.0125 0.0277777777778
1 0.457421875 0.568055555556 0.01015625 0.0222222222222
1 0.505859375 0.561805555556 0.01015625 0.0208333333333
0 0.698046875 0.693055555556 0.03046875 0.0611111111111
0 0.613671875 0.624305555556 0.01953125 0.0375
0 0.5875 0.586805555556 0.0125 0.0263888888889
0 0.6140625 0.571527777778 0.0078125 0.0152777777778
1 0.54921875 0.555555555556 0.009375 0.0194444444444
1 0.600390625 0.555555555556 0.00859375 0.0166666666667
0 0.6359375 0.568055555556 0.0109375 0.0222222222222
0 0.66328125 0.556944444444 0.00625 0.0166666666667
