1 0.2703125 0.666666666667 0.03125 0.0666666666667
1 0.3796875 0.605555555556 0.01875 0.0388888888889
1 0.45703125 0.561805555556 0.0109375 0.0208333333333
0 0.697265625 0.693055555556 0.03359375 0.0638888888889
0 0.61328125 0.624305555556 0.01875 0.0347222222222
0 0.587109375 0.590277777778 0.01328125 0.0222222222222
1 0.421875 0.577083333333 0.0125 0.0291666666667
1 0.50625 0.560416666667 0.009375 0.0208333333333
1 0.54921875 0.558333333333 0.0078125 0.0194444444444
1 0.600390625 0.555555555556 0.00703125 0.0194444444444
0 0.59375 0.577083333333 0.0078125 0.0236111111111
0 0.615625 0.570833333333 0.0109375 0.0194444444444
0 0.635546875 0.565972222222 0.00859375 0.0152777777778
0 0.66328125 0.559027777778 0.0109375 0.0125
0 0.685546875 0.560416666667 0.00703125 0.0125
