2 0.22311046511627908 0.3713768115942029 0.06637596899224807 0.3442028985507246
2 0.27785852713178294 0.27807971014492755 0.04893410852713178 0.27355072463768115
3 0.36724806201550386 0.1983695652173913 0.022286821705426358 0.1213768115942029
3 0.4074612403100775 0.10054347826086957 0.011627906976744186 0.08152173913043478
3 0.44137596899224807 0.044384057971014496 0.009689922480620155 0.05253623188405797
3 0.5782461240310077 0.035326086956521736 0.008236434108527133 0.05615942028985507
3 0.6085271317829457 0.08514492753623189 0.013565891472868217 0.07608695652173914
3 0.6606104651162791 0.1693840579710145 0.020833333333333332 0.11775362318840579
2 0.7449127906976745 0.26902173913043476 0.050872093023255814 0.2807971014492754
2 0.7916666666666666 0.3523550724637681 0.06686046511627906 0.35688405797101447
