2 0.0869670542635659 0.5996376811594203 0.11579457364341085 0.5398550724637681
2 0.19597868217054262 0.41394927536231885 0.07994186046511628 0.3786231884057971
3 0.33502906976744184 0.2644927536231884 0.027616279069767442 0.15579710144927536
3 0.3938953488372093 0.12681159420289856 0.015503875968992248 0.09420289855072464
3 0.43507751937984496 0.057065217391304345 0.01065891472868217 0.06702898550724638
3 0.45494186046511625 0.022644927536231884 0.007751937984496124 0.04528985507246377
3 0.5690406976744186 0.018115942028985508 0.007267441860465116 0.036231884057971016
3 0.5845445736434108 0.04619565217391304 0.009205426356589148 0.06340579710144928
3 0.6218507751937985 0.10960144927536232 0.015019379844961241 0.08876811594202899
3 0.6930717054263565 0.23097826086956522 0.027616279069767442 0.14673913043478262
2 0.8318798449612403 0.40307971014492755 0.08236434108527131 0.40398550724637683
2 0.9316860465116279 0.5760869565217391 0.12209302325581395 0.5543478260869565
