0 0.35222868217054265 0.2717391304347826 0.016472868217054265 0.08333333333333333
0 0.3708817829457364 0.23007246376811594 0.011143410852713179 0.057971014492753624
1 0.5276162790697675 0.20108695652173914 0.01065891472868217 0.06159420289855073
1 0.5540213178294574 0.23550724637681159 0.012112403100775194 0.07608695652173914
1 0.6194282945736435 0.18840579710144928 0.009205426356589148 0.06159420289855073
1 0.6753875968992248 0.21195652173913043 0.011627906976744186 0.07246376811594203
1 0.7526647286821705 0.2563405797101449 0.01695736434108527 0.09239130434782608
0 0.2914244186046512 0.45018115942028986 0.04215116279069767 0.16485507246376813
1 0.5993217054263565 0.26811594202898553 0.016472868217054265 0.08695652173913043
1 0.6913759689922481 0.3740942028985507 0.030038759689922482 0.1503623188405797
0 0.4113372093023256 0.1956521739130435 0.009689922480620155 0.04710144927536232
0 0.4418604651162791 0.17481884057971014 0.007751937984496124 0.03804347826086957
0 0.5007267441860465 0.161231884057971 0.007267441860465116 0.036231884057971016
0 0.5489341085271318 0.1539855072463768 0.006782945736434108 0.03260869565217391
1 0.5387596899224806 0.18659420289855072 0.00872093023255814 0.057971014492753624
1 0.5792151162790697 0.17844202898550723 0.009205426356589148 0.05615942028985507
0 0.6102228682170543 0.14673913043478262 0.005329457364341085 0.03260869565217391
0 0.6458333333333334 0.14673913043478262 0.006782945736434108 0.036231884057971016
0 0.7022771317829457 0.1539855072463768 0.008236434108527133 0.04710144927536232
0 0.7417635658914729 0.15760869565217392 0.009689922480620155 0.057971014492753624
0 0.8202519379844961 0.1802536231884058 0.014534883720930232 0.07065217391304347
0 0.9195736434108527 0.20108695652173914 0.018410852713178296 0.08333333333333333
1 0.9864341085271318 0.365036231884058 0.027131782945736434 0.161231884057971
