0 0.4258720930232558 0.3079710144927536 0.018410852713178296 0.11231884057971014
0 0.4992732558139535 0.2246376811594203 0.014050387596899225 0.07246376811594203
0 0.5433624031007752 0.1838768115942029 0.011143410852713179 0.05615942028985507
0 0.6286337209302325 0.1621376811594203 0.010174418604651164 0.05253623188405797
0 0.7003391472868217 0.15670289855072464 0.011143410852713179 0.05615942028985507
1 0.7185077519379846 0.2463768115942029 0.018410852713178296 0.09420289855072464
1 0.7948158914728682 0.24365942028985507 0.0188953488372093 0.09601449275362318
1 0.9183624031007752 0.296195652173913 0.029554263565891473 0.125
1 0.7131782945736435 0.2971014492753623 0.023255813953488372 0.11594202898550725
1 0.8510174418604651 0.5027173913043478 0.050872093023255814 0.21557971014492755
0 0.3367248062015504 0.5443840579710145 0.044573643410852716 0.21195652173913043
0 0.8045058139534884 0.15942028985507245 0.012112403100775194 0.06159420289855073
0 0.8812984496124031 0.17391304347826086 0.014534883720930232 0.06884057971014493
