0 0.7131782945736435 0.17481884057971014 0.01065891472868217 0.05253623188405797
0 0.7618701550387597 0.20923913043478262 0.01308139534883721 0.07065217391304347
0 0.7584786821705426 0.2807971014492754 0.01986434108527132 0.10507246376811594
0 0.684593023255814 0.365036231884058 0.02131782945736434 0.1358695652173913
0 0.15310077519379844 0.8795289855072463 0.06589147286821706 0.24094202898550723
0 0.6431686046511628 0.15217391304347827 0.007267441860465116 0.050724637681159424
0 0.6027131782945736 0.14130434782608695 0.007751937984496124 0.043478260869565216
0 0.5467538759689923 0.1322463768115942 0.005329457364341085 0.03985507246376811
1 0.9387112403100775 0.1947463768115942 0.017926356589147287 0.07427536231884058
1 0.9743217054263565 0.16666666666666666 0.012596899224806201 0.05434782608695652
1 0.8781492248062015 0.1539855072463768 0.010174418604651164 0.04710144927536232
1 0.8350290697674418 0.16032608695652173 0.010174418604651164 0.05615942028985507
1 0.815406976744186 0.1403985507246377 0.007751937984496124 0.04528985507246377
1 0.7785852713178295 0.1322463768115942 0.006782945736434108 0.036231884057971016
1 0.7599321705426356 0.14583333333333334 0.009205426356589148 0.04891304347826087
1 0.6942829457364341 0.13496376811594202 0.007751937984496124 0.041666666666666664
1 0.6487403100775194 0.1286231884057971 0.005813953488372093 0.03985507246376811
1 0.5990794573643411 0.1213768115942029 0.005329457364341085 0.03260869565217391
1 0.5426356589147286 0.11684782608695653 0.005813953488372093 0.03804347826086957
