0 0.13638565891472867 0.3333333333333333 0.02180232558139535 0.10144927536231885
1 0.33454457364341084 0.21557971014492755 0.011143410852713179 0.057971014492753624
1 0.39801356589147285 0.22735507246376813 0.015019379844961241 0.07427536231884058
1 0.5290697674418605 0.16032608695652173 0.009689922480620155 0.05253623188405797
0 0.16036821705426357 0.3967391304347826 0.02616279069767442 0.13043478260869565
1 0.49152131782945735 0.25905797101449274 0.0188953488372093 0.09420289855072464
1 0.6024709302325582 0.1947463768115942 0.015019379844961241 0.07427536231884058
1 0.6133720930232558 0.3007246376811594 0.02422480620155039 0.12318840579710146
1 0.688953488372093 0.21739130434782608 0.014534883720930232 0.09057971014492754
0 0.12839147286821706 0.7101449275362319 0.060077519379844964 0.2826086956521739
1 0.8636143410852714 0.5471014492753623 0.05571705426356589 0.23550724637681159
0 0.05184108527131783 0.30434782608695654 0.023255813953488372 0.08695652173913043
1 0.05692829457364341 0.23641304347826086 0.014050387596899225 0.06702898550724638
1 0.17587209302325582 0.2056159420289855 0.013565891472868217 0.06340579710144928
1 0.26816860465116277 0.20380434782608695 0.01308139534883721 0.06702898550724638
1 0.2541182170542636 0.15942028985507245 0.009205426356589148 0.04710144927536232
1 0.2235949612403101 0.15760869565217392 0.009205426356589148 0.03985507246376811
1 0.29796511627906974 0.1585144927536232 0.007751937984496124 0.041666666666666664
1 0.3556201550387597 0.14764492753623187 0.007751937984496124 0.04528985507246377
1 0.3997093023255814 0.14492753623188406 0.007751937984496124 0.043478260869565216
1 0.44040697674418605 0.14492753623188406 0.007751937984496124 0.043478260869565216
1 0.48352713178294576 0.14945652173913043 0.009689922480620155 0.04891304347826087
1 0.5547480620155039 0.17300724637681159 0.009689922480620155 0.06702898550724638
1 0.8345445736434108 0.22916666666666666 0.02180232558139535 0.1068840579710145
0 0.903827519379845 0.1585144927536232 0.01308139534883721 0.07065217391304347
0 0.8059593023255814 0.15760869565217392 0.012112403100775194 0.07246376811594203
0 0.7071220930232558 0.1503623188405797 0.010174418604651164 0.06159420289855073
0 0.6642441860465116 0.14130434782608695 0.00872093023255814 0.050724637681159424
0 0.625968992248062 0.12952898550724637 0.006782945736434108 0.04528985507246377
0 0.5804263565891473 0.11775362318840579 0.007751937984496124 0.03985507246376811
