0 0.1693313953488372 0.5253623188405797 0.04312015503875969 0.18115942028985507
0 0.19743217054263565 0.3632246376811594 0.022771317829457363 0.1105072463768116
0 0.20251937984496124 0.3016304347826087 0.014534883720930232 0.07427536231884058
1 0.4745639534883721 0.2509057971014493 0.01695736434108527 0.08514492753623189
1 0.5392441860465116 0.3007246376811594 0.022286821705426358 0.11231884057971014
1 0.6768410852713178 0.40217391304347827 0.03294573643410853 0.16666666666666666
0 0.09738372093023256 0.8804347826086957 0.05717054263565891 0.2391304347826087
0 0.20760658914728683 0.25905797101449274 0.01308139534883721 0.06159420289855073
0 0.2124515503875969 0.23278985507246377 0.010174418604651164 0.05253623188405797
0 0.22650193798449614 0.213768115942029 0.010174418604651164 0.04710144927536232
0 0.2613856589147287 0.1911231884057971 0.008236434108527133 0.04528985507246377
0 0.31637596899224807 0.1693840579710145 0.007751937984496124 0.03804347826086957
1 0.3558624031007752 0.19021739130434784 0.007267441860465116 0.04710144927536232
1 0.375968992248062 0.20380434782608695 0.009689922480620155 0.05615942028985507
1 0.4171511627906977 0.2246376811594203 0.011627906976744186 0.07246376811594203
0 0.3636143410852713 0.15307971014492755 0.006298449612403101 0.03804347826086957
1 0.966812015503876 0.16757246376811594 0.01986434108527132 0.08514492753623189
0 0.9435562015503876 0.10235507246376811 0.011143410852713179 0.05253623188405797
1 0.872577519379845 0.13677536231884058 0.014534883720930232 0.07427536231884058
1 0.8163759689922481 0.125 0.01065891472868217 0.057971014492753624
1 0.7698643410852714 0.11775362318840579 0.009689922480620155 0.05434782608695652
1 0.7214147286821705 0.11413043478260869 0.00872093023255814 0.050724637681159424
3 0.6824127906976745 0.09601449275362318 0.005329457364341085 0.036231884057971016
3 0.6468023255813954 0.11503623188405797 0.006782945736434108 0.041666666666666664
3 0.6196705426356589 0.09873188405797101 0.005813953488372093 0.03804347826086957
3 0.5954457364341085 0.11594202898550725 0.006782945736434108 0.043478260869565216
3 0.5741279069767442 0.10507246376811594 0.006782945736434108 0.036231884057971016
3 0.5448158914728682 0.12228260869565218 0.006298449612403101 0.041666666666666664
1 0.4929748062015504 0.13043478260869565 0.007267441860465116 0.03985507246376811
1 0.44137596899224807 0.14492753623188406 0.006782945736434108 0.03985507246376811
1 0.3958333333333333 0.15760869565217392 0.006782945736434108 0.03985507246376811
