0 0.3335755813953488 0.2980072463768116 0.0188953488372093 0.09601449275362318
0 0.35731589147286824 0.23278985507246377 0.01308139534883721 0.06702898550724638
1 0.5123546511627907 0.17481884057971014 0.008236434108527133 0.04891304347826087
1 0.533672480620155 0.21467391304347827 0.014050387596899225 0.07065217391304347
1 0.5864825581395349 0.2708333333333333 0.01986434108527132 0.09963768115942029
0 0.28318798449612403 0.43568840579710144 0.030523255813953487 0.1539855072463768
1 0.684593023255814 0.35778985507246375 0.029069767441860465 0.1539855072463768
1 0.8975290697674418 0.6467391304347826 0.06153100775193798 0.30434782608695654
0 0.37160852713178294 0.19384057971014493 0.01065891472868217 0.057971014492753624
0 0.39001937984496127 0.1721014492753623 0.00872093023255814 0.050724637681159424
0 0.42344961240310075 0.15217391304347827 0.006782945736434108 0.043478260869565216
0 0.4757751937984496 0.13768115942028986 0.006782945736434108 0.03985507246376811
1 0.5142926356589147 0.1503623188405797 0.006298449612403101 0.04710144927536232
0 0.5237403100775194 0.12590579710144928 0.005813953488372093 0.03804347826086957
1 0.5574127906976745 0.13949275362318841 0.007267441860465116 0.04710144927536232
0 0.5843023255813954 0.11413043478260869 0.005813953488372093 0.03985507246376811
1 0.6109496124031008 0.13043478260869565 0.007751937984496124 0.04710144927536232
0 0.6463178294573644 0.10507246376811594 0.006782945736434108 0.036231884057971016
1 0.6763565891472868 0.1213768115942029 0.00872093023255814 0.050724637681159424
0 0.7194767441860465 0.10235507246376811 0.007751937984496124 0.03804347826086957
3 0.751937984496124 0.11865942028985507 0.01065891472868217 0.05615942028985507
3 0.7904554263565892 0.09782608695652174 0.010174418604651164 0.04710144927536232
3 0.8374515503875969 0.12318840579710146 0.012112403100775194 0.057971014492753624
3 0.8711240310077519 0.10144927536231885 0.011627906976744186 0.050724637681159424
3 0.9442829457364341 0.13496376811594202 0.01744186046511628 0.06702898550724638
