3 0.4270833333333333 0.35688405797101447 0.02374031007751938 0.13768115942028986
3 0.5220445736434108 0.24728260869565216 0.015988372093023256 0.08514492753623189
0 0.5625 0.213768115942029 0.01065891472868217 0.06884057971014493
0 0.6458333333333334 0.18931159420289856 0.01065891472868217 0.05253623188405797
0 0.7051841085271318 0.16847826086956522 0.009205426356589148 0.04710144927536232
3 0.24152131782945738 0.625 0.05862403100775194 0.2536231884057971
1 0.7601744186046512 0.25 0.015503875968992248 0.08333333333333333
3 0.7705910852713178 0.33605072463768115 0.02567829457364341 0.11775362318840579
3 0.8071705426356589 0.5135869565217391 0.041666666666666664 0.20833333333333334
1 0.15770348837209303 0.23822463768115942 0.01695736434108527 0.06340579710144928
0 0.19767441860465115 0.20833333333333334 0.012596899224806201 0.06159420289855073
0 0.1933139534883721 0.09782608695652174 0.00872093023255814 0.050724637681159424
1 0.1824127906976744 0.10144927536231885 0.009205426356589148 0.05434782608695652
1 0.8086240310077519 0.23007246376811594 0.01937984496124031 0.07608695652173914
1 0.8546511627906976 0.2164855072463768 0.01744186046511628 0.07789855072463768
0 0.7890019379844961 0.16576086956521738 0.009205426356589148 0.04528985507246377
1 0.9118217054263565 0.21829710144927536 0.016472868217054265 0.06702898550724638
0 0.9142441860465116 0.17753623188405798 0.01065891472868217 0.04710144927536232
2 0.9915213178294574 0.17028985507246377 0.014050387596899225 0.08695652173913043
1 0.9966085271317829 0.2164855072463768 0.006782945736434108 0.07065217391304347
