0 0.4176356589147287 0.33242753623188404 0.02131782945736434 0.11775362318840579
0 0.5440891472868217 0.24003623188405798 0.014534883720930232 0.07789855072463768
0 0.6065891472868217 0.18931159420289856 0.011627906976744186 0.059782608695652176
0 0.6923449612403101 0.16666666666666666 0.01065891472868217 0.05434782608695652
0 0.8062015503875969 0.161231884057971 0.011627906976744186 0.050724637681159424
3 0.3112887596899225 0.5153985507246377 0.050872093023255814 0.19746376811594202
1 0.7415213178294574 0.3704710144927536 0.028585271317829456 0.1431159420289855
3 0.9362887596899225 0.8242753623188406 0.09544573643410853 0.35144927536231885
1 0.7737403100775194 0.2916666666666667 0.025193798449612403 0.11231884057971014
1 0.8081395348837209 0.25181159420289856 0.020348837209302327 0.09420289855072464
1 0.8522286821705426 0.23007246376811594 0.020348837209302327 0.08333333333333333
2 0.8718507751937985 0.151268115942029 0.015019379844961241 0.08514492753623189
2 0.8984980620155039 0.14855072463768115 0.01695736434108527 0.08695652173913043
1 0.9227228682170543 0.21467391304347827 0.020833333333333332 0.07427536231884058
0 0.9474321705426356 0.16485507246376813 0.011143410852713179 0.057971014492753624
