0 0.4563953488372093 0.20923913043478262 0.015503875968992248 0.07065217391304347
0 0.3691860465116279 0.3052536231884058 0.02131782945736434 0.1068840579710145
0 0.6247577519379846 0.15307971014492755 0.010174418604651164 0.05615942028985507
1 0.6787790697674418 0.26902173913043476 0.020348837209302327 0.1068840579710145
1 0.7810077519379846 0.23641304347826086 0.018410852713178296 0.09601449275362318
0 0.3013565891472868 0.48641304347826086 0.04263565891472868 0.1793478260869565
1 0.7165697674418605 0.38315217391304346 0.03197674418604651 0.1539855072463768
0 0.5356104651162791 0.17300724637681159 0.010174418604651164 0.06340579710144928
0 0.7274709302325582 0.14673913043478262 0.012112403100775194 0.06159420289855073
0 0.7986918604651163 0.14583333333333334 0.012112403100775194 0.06340579710144928
1 0.9190891472868217 0.23822463768115942 0.02422480620155039 0.1105072463768116
