0 0.3938953488372093 0.26811594202898553 0.014534883720930232 0.09057971014492754
1 0.5532945736434108 0.1793478260869565 0.00872093023255814 0.057971014492753624
1 0.6477713178294574 0.16576086956521738 0.009689922480620155 0.05253623188405797
1 0.6329941860465116 0.2418478260869565 0.01308139534883721 0.08876811594202899
0 0.8301841085271318 0.15579710144927536 0.012112403100775194 0.06521739130434782
1 0.8180717054263565 0.2391304347826087 0.017926356589147287 0.09420289855072464
1 0.7919089147286822 0.427536231884058 0.04312015503875969 0.18840579710144928
1 0.8997093023255814 0.8260869565217391 0.08333333333333333 0.34782608695652173
0 0.3689437984496124 0.5235507246376812 0.03343023255813953 0.2210144927536232
0 0.405281007751938 0.20199275362318841 0.009205426356589148 0.059782608695652176
0 0.4113372093023256 0.17300724637681159 0.006782945736434108 0.04528985507246377
0 0.437984496124031 0.1539855072463768 0.006782945736434108 0.03985507246376811
0 0.46124031007751937 0.14221014492753623 0.006782945736434108 0.03804347826086957
0 0.5104166666666666 0.13496376811594202 0.006298449612403101 0.030797101449275364
1 0.534156976744186 0.15942028985507245 0.008236434108527133 0.04710144927536232
1 0.5426356589147286 0.14855072463768115 0.005813953488372093 0.043478260869565216
1 0.5840600775193798 0.19655797101449277 0.011143410852713179 0.06702898550724638
1 0.6937984496124031 0.19021739130434784 0.013565891472868217 0.06884057971014493
0 0.9854651162790697 0.18478260869565216 0.018410852713178296 0.07971014492753623
0 0.7655038759689923 0.14492753623188406 0.009689922480620155 0.050724637681159424
0 0.7109980620155039 0.1322463768115942 0.008236434108527133 0.04710144927536232
0 0.6812015503875969 0.12952898550724637 0.006782945736434108 0.03804347826086957
1 0.6075581395348837 0.1503623188405797 0.009689922480620155 0.04710144927536232
1 0.5758236434108527 0.14492753623188406 0.007267441860465116 0.04710144927536232
