0 0.5065406976744186 0.2617753623188406 0.015988372093023256 0.09239130434782608
0 0.5603197674418605 0.1983695652173913 0.012112403100775194 0.06340579710144928
0 0.6584302325581395 0.17028985507246377 0.011627906976744186 0.06521739130434782
0 0.748546511627907 0.16757246376811594 0.011627906976744186 0.06340579710144928
1 0.9416182170542635 0.3333333333333333 0.03343023255813953 0.13768115942028986
0 0.3951065891472868 0.4411231884057971 0.03246124031007752 0.16847826086956522
1 0.8243701550387597 0.32971014492753625 0.029554263565891473 0.13043478260869565
1 0.8565891472868217 0.4483695652173913 0.045542635658914726 0.19021739130434784
0 0.9903100775193798 0.1956521739130435 0.01937984496124031 0.08333333333333333
0 0.8815406976744186 0.17391304347826086 0.015988372093023256 0.06884057971014493
