2 0.39341085271317827 0.38858695652173914 0.0436046511627907 0.24456521739130435
2 0.4333817829457364 0.3378623188405797 0.036337209302325583 0.21557971014492755
2 0.7759205426356589 0.411231884057971 0.04312015503875969 0.29347826086956524
2 0.8054748062015504 0.5153985507246377 0.06637596899224807 0.3858695652173913
0 0.48183139534883723 0.3016304347826087 0.01986434108527132 0.1068840579710145
0 0.5167151162790697 0.2246376811594203 0.01308139534883721 0.07971014492753623
1 0.6085271317829457 0.15489130434782608 0.006782945736434108 0.04528985507246377
1 0.625 0.17481884057971014 0.01065891472868217 0.05615942028985507
1 0.6778100775193798 0.20471014492753623 0.013565891472868217 0.07246376811594203
1 0.7165697674418605 0.24818840579710144 0.01937984496124031 0.09782608695652174
1 0.7950581395348837 0.161231884057971 0.01065891472868217 0.05434782608695652
1 0.748062015503876 0.35778985507246375 0.029069767441860465 0.14673913043478262
0 0.1923449612403101 0.7318840579710145 0.07751937984496124 0.3079710144927536
0 0.5084786821705426 0.17844202898550723 0.010174418604651164 0.059782608695652176
0 0.49055232558139533 0.15760869565217392 0.009205426356589148 0.050724637681159424
0 0.48691860465116277 0.1403985507246377 0.006782945736434108 0.03804347826086957
0 0.5140503875968992 0.12590579710144928 0.006782945736434108 0.03804347826086957
0 0.5353682170542635 0.11413043478260869 0.005813953488372093 0.036231884057971016
0 0.5687984496124031 0.10960144927536232 0.005813953488372093 0.034420289855072464
1 0.6063468992248062 0.1358695652173913 0.006298449612403101 0.043478260869565216
1 0.6182170542635659 0.12681159420289856 0.005813953488372093 0.036231884057971016
1 0.6400193798449613 0.11775362318840579 0.005813953488372093 0.03985507246376811
1 0.6608527131782945 0.1105072463768116 0.005813953488372093 0.03260869565217391
1 0.6814437984496124 0.10597826086956522 0.005329457364341085 0.034420289855072464
1 0.6928294573643411 0.09782608695652174 0.0048449612403100775 0.03260869565217391
1 0.8975290697674418 0.21105072463768115 0.0188953488372093 0.08514492753623189
0 0.9786821705426356 0.16847826086956522 0.015503875968992248 0.07246376811594203
0 0.9023740310077519 0.14130434782608695 0.014050387596899225 0.05434782608695652
0 0.8861434108527132 0.125 0.01065891472868217 0.05434782608695652
0 0.8812984496124031 0.10960144927536232 0.005813953488372093 0.041666666666666664
1 0.7684108527131783 0.13768115942028986 0.01065891472868217 0.050724637681159424
1 0.7548449612403101 0.12318840579710146 0.00872093023255814 0.03985507246376811
