0 0.4113372093023256 0.2653985507246377 0.016472868217054265 0.08152173913043478
0 0.4328972868217054 0.21105072463768115 0.010174418604651164 0.059782608695652176
0 0.45542635658914726 0.1802536231884058 0.007751937984496124 0.04528985507246377
1 0.5964147286821705 0.16304347826086957 0.007751937984496124 0.04710144927536232
1 0.6327519379844961 0.25181159420289856 0.016472868217054265 0.08695652173913043
0 0.3699127906976744 0.38405797101449274 0.02374031007751938 0.13043478260869565
1 0.7366763565891473 0.3786231884057971 0.03343023255813953 0.15942028985507245
0 0.2543604651162791 0.7273550724637681 0.06298449612403101 0.29891304347826086
0 0.49273255813953487 0.15489130434782608 0.006782945736434108 0.04528985507246377
0 0.5506298449612403 0.13949275362318841 0.006298449612403101 0.03985507246376811
0 0.6051356589147286 0.12771739130434784 0.005813953488372093 0.03804347826086957
1 0.5985949612403101 0.19202898550724637 0.011143410852713179 0.06521739130434782
1 0.6492248062015504 0.14673913043478262 0.009689922480620155 0.050724637681159424
1 0.7170542635658915 0.13858695652173914 0.009689922480620155 0.05253623188405797
1 0.8071705426356589 0.13134057971014493 0.012596899224806201 0.05615942028985507
3 0.9275678294573644 0.1322463768115942 0.015019379844961241 0.06884057971014493
3 0.9786821705426356 0.10416666666666667 0.015503875968992248 0.06340579710144928
0 0.8616763565891473 0.10326086956521739 0.010174418604651164 0.04710144927536232
0 0.6773255813953488 0.11865942028985507 0.007751937984496124 0.041666666666666664
0 0.7560562015503876 0.10778985507246377 0.007267441860465116 0.041666666666666664
