3 0.4811046511627907 0.302536231884058 0.023255813953488372 0.10507246376811594
3 0.5588662790697675 0.2346014492753623 0.015019379844961241 0.08152173913043478
3 0.6257267441860465 0.19655797101449277 0.01308139534883721 0.06702898550724638
0 0.6620639534883721 0.1793478260869565 0.010174418604651164 0.057971014492753624
3 0.8122577519379846 0.26358695652173914 0.017926356589147287 0.08876811594202899
3 0.7921511627906976 0.32155797101449274 0.02422480620155039 0.11413043478260869
3 0.7873062015503876 0.4673913043478261 0.0377906976744186 0.19202898550724637
0 0.3132267441860465 0.4583333333333333 0.03439922480620155 0.18478260869565216
0 0.7451550387596899 0.17391304347826086 0.009689922480620155 0.050724637681159424
0 0.8132267441860465 0.17119565217391305 0.010174418604651164 0.04891304347826087
0 0.9166666666666666 0.1802536231884058 0.009689922480620155 0.04528985507246377
1 0.9588178294573644 0.21739130434782608 0.016472868217054265 0.06884057971014493
1 0.8992248062015504 0.21920289855072464 0.016472868217054265 0.06884057971014493
1 0.8381782945736435 0.223731884057971 0.01744186046511628 0.07427536231884058
1 0.37839147286821706 0.16757246376811594 0.00872093023255814 0.04528985507246377
1 0.3808139534883721 0.07789855072463768 0.0048449612403100775 0.036231884057971016
0 0.3875968992248062 0.0769927536231884 0.005813953488372093 0.034420289855072464
0 0.3936531007751938 0.151268115942029 0.006298449612403101 0.03804347826086957
