0 0.40285852713178294 0.1956521739130435 0.008236434108527133 0.06159420289855073
0 0.40334302325581395 0.16757246376811594 0.007267441860465116 0.04891304347826087
0 0.4382267441860465 0.14764492753623187 0.006298449612403101 0.03804347826086957
0 0.4258720930232558 0.3179347826086957 0.01937984496124031 0.11775362318840579
0 0.42272286821705424 0.22826086956521738 0.012112403100775194 0.07608695652173914
1 0.5469961240310077 0.18206521739130435 0.012596899224806201 0.06340579710144928
1 0.5690406976744186 0.21195652173913043 0.015019379844961241 0.07608695652173914
1 0.6400193798449613 0.25905797101449274 0.01937984496124031 0.09782608695652174
1 0.7243217054263565 0.14945652173913043 0.00872093023255814 0.05253623188405797
1 0.8987403100775194 0.2509057971014493 0.02131782945736434 0.09963768115942029
0 0.342296511627907 0.5181159420289855 0.040213178294573645 0.2028985507246377
1 0.716327519379845 0.3596014492753623 0.028585271317829456 0.1431159420289855
2 0.17684108527131784 0.7336956521739131 0.11337209302325581 0.532608695652174
0 0.46511627906976744 0.1322463768115942 0.006782945736434108 0.03985507246376811
0 0.5038759689922481 0.12318840579710146 0.005813953488372093 0.036231884057971016
0 0.5394864341085271 0.11413043478260869 0.005329457364341085 0.03260869565217391
1 0.8287306201550387 0.6621376811594203 0.06637596899224807 0.28804347826086957
0 0.9467054263565892 0.18297101449275363 0.01744186046511628 0.06884057971014493
0 0.8558624031007752 0.151268115942029 0.012112403100775194 0.05615942028985507
0 0.8323643410852714 0.13405797101449277 0.009689922480620155 0.04710144927536232
1 0.7594476744186046 0.18297101449275363 0.01308139534883721 0.06884057971014493
1 0.7051841085271318 0.1322463768115942 0.008236434108527133 0.04710144927536232
1 0.6974321705426356 0.11865942028985507 0.006298449612403101 0.03804347826086957
1 0.5469961240310077 0.1585144927536232 0.007751937984496124 0.05615942028985507
1 0.5593507751937985 0.14402173913043478 0.007267441860465116 0.04528985507246377
1 0.5830910852713178 0.12952898550724637 0.006298449612403101 0.041666666666666664
1 0.6048934108527132 0.1213768115942029 0.006298449612403101 0.03985507246376811
1 0.625484496124031 0.11322463768115942 0.0048449612403100775 0.034420289855072464
1 0.6359011627906976 0.1068840579710145 0.005329457364341085 0.03260869565217391
