0 0.42320736434108525 0.1331521739130435 0.006298449612403101 0.03804347826086957
0 0.4423449612403101 0.14945652173913043 0.00872093023255814 0.04528985507246377
0 0.48328488372093026 0.16847826086956522 0.009205426356589148 0.050724637681159424
0 0.3502906976744186 0.36141304347826086 0.029069767441860465 0.1358695652173913
0 0.4680232558139535 0.2708333333333333 0.018410852713178296 0.09601449275362318
0 0.5099321705426356 0.23369565217391305 0.015019379844961241 0.07608695652173914
0 0.5099321705426356 0.18931159420289856 0.010174418604651164 0.059782608695652176
1 0.6458333333333334 0.17572463768115942 0.011627906976744186 0.06159420289855073
1 0.6981589147286822 0.21014492753623187 0.015503875968992248 0.07971014492753623
1 0.7257751937984496 0.26268115942028986 0.020348837209302327 0.09782608695652174
1 0.8258236434108527 0.1721014492753623 0.012112403100775194 0.06159420289855073
1 0.844234496124031 0.21467391304347827 0.01695736434108527 0.08152173913043478
1 0.9634205426356589 0.2871376811594203 0.027616279069767442 0.125
0 0.08575581395348837 0.6204710144927537 0.06976744186046512 0.25181159420289856
1 0.7279554263565892 0.35054347826086957 0.028585271317829456 0.1358695652173913
1 0.7238372093023255 0.48188405797101447 0.04263565891472868 0.18478260869565216
1 0.596656976744186 0.14583333333333334 0.009205426356589148 0.05253623188405797
1 0.5436046511627907 0.13134057971014493 0.007751937984496124 0.04528985507246377
1 0.533187984496124 0.11775362318840579 0.008236434108527133 0.03985507246376811
1 0.8195251937984496 0.14221014492753623 0.010174418604651164 0.059782608695652176
1 0.8703972868217055 0.13134057971014493 0.010174418604651164 0.05253623188405797
