0 0.27882751937984496 0.4311594202898551 0.03439922480620155 0.15579710144927536
0 0.23425387596899225 0.3351449275362319 0.020833333333333332 0.10507246376811594
1 0.4689922480620155 0.23097826086956522 0.013565891472868217 0.08152173913043478
1 0.5668604651162791 0.27807971014492755 0.01937984496124031 0.1068840579710145
1 0.7226259689922481 0.453804347826087 0.03924418604651163 0.19384057971014493
0 0.2766472868217054 0.657608695652174 0.06201550387596899 0.2753623188405797
0 0.24200581395348839 0.26902173913043476 0.015019379844961241 0.07789855072463768
0 0.2969961240310077 0.21105072463768115 0.011627906976744186 0.06702898550724638
1 0.45566860465116277 0.19746376811594202 0.011143410852713179 0.07608695652173914
1 0.5135658914728682 0.1721014492753623 0.009689922480620155 0.06521739130434782
1 0.5763081395348837 0.15489130434782608 0.010174418604651164 0.059782608695652176
0 0.35973837209302323 0.17572463768115942 0.009205426356589148 0.057971014492753624
1 0.780281007751938 0.13858695652173914 0.014050387596899225 0.07427536231884058
1 0.908672480620155 0.11594202898550725 0.014050387596899225 0.06884057971014493
1 0.9869186046511628 0.10507246376811594 0.015503875968992248 0.06884057971014493
