0 0.42466085271317827 0.27898550724637683 0.017926356589147287 0.09057971014492754
0 0.48473837209302323 0.21195652173913043 0.010174418604651164 0.06159420289855073
1 0.6593992248062015 0.2554347826086957 0.014534883720930232 0.09057971014492754
1 0.6673934108527132 0.22192028985507245 0.010174418604651164 0.07427536231884058
1 0.7298934108527132 0.21467391304347827 0.011143410852713179 0.07427536231884058
1 0.815406976744186 0.24456521739130435 0.01937984496124031 0.09420289855072464
1 0.7412790697674418 0.36684782608695654 0.02810077519379845 0.1431159420289855
1 0.9343507751937985 0.5860507246376812 0.06153100775193798 0.26992753623188404
0 0.37160852713178294 0.42481884057971014 0.02810077519379845 0.15760869565217392
1 0.9895833333333334 0.3442028985507246 0.020833333333333332 0.14492753623188406
0 0.9290213178294574 0.17844202898550723 0.015988372093023256 0.07427536231884058
0 0.8098352713178295 0.15579710144927536 0.010174418604651164 0.057971014492753624
0 0.5230135658914729 0.18297101449275363 0.009205426356589148 0.05434782608695652
0 0.75 0.14945652173913043 0.009689922480620155 0.05253623188405797
