0 0.6405038759689923 0.22282608695652173 0.012596899224806201 0.07971014492753623
0 0.2911821705426357 0.6929347826086957 0.050387596899224806 0.28804347826086957
0 0.5387596899224806 0.40217391304347827 0.02810077519379845 0.16304347826086957
0 0.625 0.2980072463768116 0.02422480620155039 0.1105072463768116
0 0.6048934108527132 0.18478260869565216 0.010174418604651164 0.057971014492753624
0 0.5431201550387597 0.16304347826086957 0.007751937984496124 0.04710144927536232
1 0.8832364341085271 0.23550724637681159 0.020348837209302327 0.08333333333333333
1 0.7890019379844961 0.19384057971014493 0.011143410852713179 0.057971014492753624
1 0.935077519379845 0.18206521739130435 0.014534883720930232 0.05253623188405797
0 0.9546996124031008 0.16304347826086957 0.009205426356589148 0.043478260869565216
0 0.8810562015503876 0.15942028985507245 0.009205426356589148 0.03985507246376811
1 0.8192829457364341 0.16485507246376813 0.009689922480620155 0.050724637681159424
1 0.7478197674418605 0.15489130434782608 0.008236434108527133 0.04528985507246377
1 0.7134205426356589 0.16757246376811594 0.010174418604651164 0.04528985507246377
0 0.7633236434108527 0.1431159420289855 0.006298449612403101 0.03985507246376811
0 0.7359496124031008 0.13677536231884058 0.006782945736434108 0.034420289855072464
1 0.6993701550387597 0.14583333333333334 0.006298449612403101 0.03804347826086957
1 0.6518895348837209 0.15489130434782608 0.007267441860465116 0.041666666666666664
1 0.6710271317829457 0.13677536231884058 0.006782945736434108 0.034420289855072464
1 0.595203488372093 0.13949275362318841 0.006298449612403101 0.03985507246376811
1 0.5537790697674418 0.13405797101449277 0.005813953488372093 0.036231884057971016
0 0.5062984496124031 0.14945652173913043 0.007751937984496124 0.04528985507246377
0 0.45106589147286824 0.13949275362318841 0.007751937984496124 0.043478260869565216
