0 0.3282461240310077 0.3115942028985507 0.01695736434108527 0.09057971014492754
0 0.34714147286821706 0.2509057971014493 0.010174418604651164 0.06702898550724638
0 0.35973837209302323 0.21739130434782608 0.007267441860465116 0.050724637681159424
0 0.37766472868217055 0.19384057971014493 0.007267441860465116 0.043478260869565216
1 0.5138081395348837 0.20923913043478262 0.011143410852713179 0.07065217391304347
1 0.561046511627907 0.24909420289855072 0.015503875968992248 0.09239130434782608
0 0.29433139534883723 0.42481884057971014 0.031492248062015504 0.1431159420289855
1 0.6414728682170543 0.3115942028985507 0.02422480620155039 0.13405797101449277
0 0.14559108527131784 0.8523550724637681 0.07218992248062016 0.29528985507246375
0 0.40915697674418605 0.17028985507246377 0.007267441860465116 0.043478260869565216
1 0.780765503875969 0.48731884057971014 0.041182170542635656 0.213768115942029
1 0.4944282945736434 0.17844202898550723 0.009205426356589148 0.05253623188405797
