0 0.2139050387596899 0.30344202898550726 0.0188953488372093 0.09239130434782608
0 0.21075581395348839 0.24456521739130435 0.011627906976744186 0.06884057971014493
0 0.2623546511627907 0.1947463768115942 0.009205426356589148 0.059782608695652176
0 0.3231589147286822 0.16847826086956522 0.00872093023255814 0.043478260869565216
0 0.26623062015503873 0.37771739130434784 0.024709302325581394 0.1286231884057971
1 0.5210755813953488 0.26268115942028986 0.0188953488372093 0.09420289855072464
0 0.28512596899224807 0.5190217391304348 0.041182170542635656 0.20471014492753623
1 0.6380813953488372 0.37681159420289856 0.030038759689922482 0.15217391304347827
1 0.8638565891472868 0.6458333333333334 0.07267441860465117 0.28804347826086957
1 0.4188468992248062 0.1911231884057971 0.010174418604651164 0.06340579710144928
1 0.4309593023255814 0.21739130434782608 0.012112403100775194 0.07246376811594203
1 0.4743217054263566 0.1693840579710145 0.009689922480620155 0.05253623188405797
1 0.532703488372093 0.15670289855072464 0.007267441860465116 0.05615942028985507
1 0.9549418604651163 0.29981884057971014 0.02810077519379845 0.125
1 0.8808139534883721 0.21557971014492755 0.01937984496124031 0.09420289855072464
1 0.9101259689922481 0.17119565217391305 0.015988372093023256 0.07065217391304347
1 0.9670542635658915 0.15489130434782608 0.014534883720930232 0.06702898550724638
1 0.6329941860465116 0.14945652173913043 0.010174418604651164 0.059782608695652176
1 0.7085755813953488 0.15307971014492755 0.010174418604651164 0.059782608695652176
1 0.812015503875969 0.13768115942028986 0.009689922480620155 0.057971014492753624
1 0.875 0.13134057971014493 0.009689922480620155 0.05615942028985507
