0 0.3994670542635659 0.39492753623188404 0.027616279069767442 0.15942028985507245
0 0.5087209302325582 0.3197463768115942 0.02131782945736434 0.1213768115942029
0 0.8752422480620154 0.20742753623188406 0.015988372093023256 0.07065217391304347
0 0.7231104651162791 0.28532608695652173 0.02180232558139535 0.10326086956521739
0 0.028585271317829456 0.6983695652173914 0.05717054263565891 0.28442028985507245
0 0.8565891472868217 0.2708333333333333 0.01937984496124031 0.09963768115942029
0 0.8905038759689923 0.1802536231884058 0.01065891472868217 0.05615942028985507
0 0.9011627906976745 0.16847826086956522 0.00872093023255814 0.043478260869565216
0 0.9430717054263565 0.161231884057971 0.009205426356589148 0.03985507246376811
0 0.9847383720930233 0.16666666666666666 0.010174418604651164 0.04710144927536232
