1 0.8539244186046512 0.8278985507246377 0.07703488372093023 0.3442028985507246
1 0.6828972868217055 0.3867753623188406 0.028585271317829456 0.1431159420289855
1 0.7046996124031008 0.259963768115942 0.01695736434108527 0.08876811594202899
1 0.7427325581395349 0.2056159420289855 0.013565891472868217 0.06702898550724638
1 0.7240794573643411 0.17300724637681159 0.009205426356589148 0.05253623188405797
1 0.6858042635658915 0.1539855072463768 0.006298449612403101 0.03985507246376811
1 0.6305717054263565 0.14130434782608695 0.006298449612403101 0.036231884057971016
1 0.5685562015503876 0.13858695652173914 0.005329457364341085 0.034420289855072464
1 0.5118701550387597 0.13768115942028986 0.00436046511627907 0.03260869565217391
1 0.47093023255813954 0.1331521739130435 0.0048449612403100775 0.02717391304347826
1 0.45373062015503873 0.12771739130434784 0.003391472868217054 0.02355072463768116
1 0.44646317829457366 0.12047101449275362 0.003391472868217054 0.02355072463768116
1 0.4423449612403101 0.11865942028985507 0.0029069767441860465 0.019927536231884056
1 0.4263565891472868 0.11594202898550725 0.0029069767441860465 0.018115942028985508
1 0.4060077519379845 0.11594202898550725 0.0029069767441860465 0.018115942028985508
1 0.39026162790697677 0.11865942028985507 0.0024224806201550387 0.016304347826086956
0 0.26477713178294576 0.5253623188405797 0.03827519379844961 0.19927536231884058
0 0.39728682170542634 0.3451086956521739 0.02131782945736434 0.11413043478260869
0 0.5062984496124031 0.24003623188405798 0.012596899224806201 0.07065217391304347
0 0.5809108527131783 0.19021739130434784 0.00872093023255814 0.05434782608695652
0 0.5678294573643411 0.16847826086956522 0.007751937984496124 0.03985507246376811
0 0.5157461240310077 0.161231884057971 0.006298449612403101 0.03985507246376811
0 0.4576065891472868 0.1539855072463768 0.005329457364341085 0.036231884057971016
0 0.40625 0.14764492753623187 0.00436046511627907 0.030797101449275364
0 0.3861434108527132 0.14221014492753623 0.003875968992248062 0.02717391304347826
0 0.3803294573643411 0.13858695652173914 0.003875968992248062 0.02355072463768116
0 0.008963178294573644 0.25 0.012112403100775194 0.050724637681159424
1 0.05281007751937984 0.20742753623188406 0.00872093023255814 0.041666666666666664
0 0.09108527131782945 0.2210144927536232 0.01065891472868217 0.04710144927536232
1 0.11143410852713179 0.18659420289855072 0.006782945736434108 0.03260869565217391
2 0.1371124031007752 0.16666666666666666 0.005813953488372093 0.04710144927536232
2 0.1434108527131783 0.16485507246376813 0.006782945736434108 0.050724637681159424
0 0.16351744186046513 0.19293478260869565 0.007267441860465116 0.03804347826086957
1 0.1620639534883721 0.16485507246376813 0.00436046511627907 0.025362318840579712
1 0.18580426356589147 0.15670289855072464 0.00436046511627907 0.02717391304347826
0 0.20130813953488372 0.17391304347826086 0.006298449612403101 0.03260869565217391
1 0.20978682170542637 0.14764492753623187 0.003875968992248062 0.02355072463768116
2 0.22529069767441862 0.15217391304347827 0.005813953488372093 0.04710144927536232
2 0.22940891472868216 0.1539855072463768 0.005329457364341085 0.04710144927536232
0 0.23837209302325582 0.15579710144927536 0.0048449612403100775 0.025362318840579712
0 0.2548449612403101 0.14855072463768115 0.003875968992248062 0.025362318840579712
0 0.26816860465116277 0.1403985507246377 0.003391472868217054 0.02355072463768116
0 0.28294573643410853 0.13677536231884058 0.0029069767441860465 0.02355072463768116
0 0.30426356589147285 0.1322463768115942 0.0029069767441860465 0.021739130434782608
0 0.32873062015503873 0.12952898550724637 0.0024224806201550387 0.019927536231884056
0 0.35222868217054265 0.12771739130434784 0.0029069767441860465 0.019927536231884056
0 0.3703972868217054 0.12681159420289856 0.003391472868217054 0.021739130434782608
