0 0.10537790697674419 0.8469202898550725 0.07800387596899225 0.3061594202898551
2 0.24830426356589147 0.5063405797101449 0.05765503875968992 0.33152173913043476
2 0.2800387596899225 0.45652173913043476 0.045542635658914726 0.27898550724637683
0 0.36652131782945735 0.3442028985507246 0.02180232558139535 0.11594202898550725
0 0.40939922480620156 0.24909420289855072 0.013565891472868217 0.07427536231884058
0 0.45058139534883723 0.20018115942028986 0.009689922480620155 0.05615942028985507
0 0.48328488372093026 0.18206521739130435 0.007267441860465116 0.04528985507246377
0 0.5220445736434108 0.16394927536231885 0.006298449612403101 0.041666666666666664
0 0.5375484496124031 0.14945652173913043 0.005329457364341085 0.03804347826086957
0 0.5324612403100775 0.1403985507246377 0.0048449612403100775 0.030797101449275364
0 0.5254360465116279 0.13043478260869565 0.00436046511627907 0.028985507246376812
0 0.5152616279069767 0.12409420289855072 0.00436046511627907 0.02717391304347826
0 0.48207364341085274 0.12228260869565218 0.003875968992248062 0.02355072463768116
0 0.46002906976744184 0.12047101449275362 0.003391472868217054 0.02355072463768116
0 0.4377422480620155 0.1213768115942029 0.003391472868217054 0.021739130434782608
0 0.40988372093023256 0.12318840579710146 0.003875968992248062 0.021739130434782608
0 0.38372093023255816 0.12590579710144928 0.003875968992248062 0.02355072463768116
0 0.36119186046511625 0.13134057971014493 0.00436046511627907 0.02355072463768116
0 0.342296511627907 0.13858695652173914 0.00436046511627907 0.02717391304347826
0 0.31976744186046513 0.14492753623188406 0.0048449612403100775 0.028985507246376812
0 0.2824612403100775 0.15489130434782608 0.0048449612403100775 0.030797101449275364
0 0.20276162790697674 0.17300724637681159 0.007267441860465116 0.034420289855072464
0 0.09156976744186046 0.19655797101449277 0.007751937984496124 0.03804347826086957
1 0.08357558139534883 0.1838768115942029 0.007267441860465116 0.03804347826086957
1 0.17175387596899225 0.16757246376811594 0.006298449612403101 0.030797101449275364
1 0.24176356589147288 0.15307971014492755 0.005813953488372093 0.030797101449275364
1 0.3168604651162791 0.1322463768115942 0.003875968992248062 0.025362318840579712
1 0.35101744186046513 0.125 0.003391472868217054 0.021739130434782608
1 0.3752422480620155 0.1213768115942029 0.003391472868217054 0.021739130434782608
1 0.4130329457364341 0.11684782608695653 0.0024224806201550387 0.02355072463768116
1 0.44670542635658916 0.11413043478260869 0.003875968992248062 0.021739130434782608
1 0.48376937984496127 0.11413043478260869 0.003391472868217054 0.021739130434782608
1 0.5060562015503876 0.11413043478260869 0.00436046511627907 0.021739130434782608
1 0.5310077519379846 0.11413043478260869 0.0029069767441860465 0.021739130434782608
1 0.5489341085271318 0.11413043478260869 0.003875968992248062 0.025362318840579712
1 0.5702519379844961 0.11594202898550725 0.0048449612403100775 0.025362318840579712
1 0.5949612403100775 0.12228260869565218 0.0048449612403100775 0.030797101449275364
1 0.6070736434108527 0.12952898550724637 0.0048449612403100775 0.030797101449275364
1 0.6237887596899225 0.13949275362318841 0.006298449612403101 0.036231884057971016
1 0.6414728682170543 0.15579710144927536 0.006782945736434108 0.043478260869565216
1 0.6443798449612403 0.17572463768115942 0.00872093023255814 0.050724637681159424
1 0.6087693798449613 0.19293478260869565 0.010174418604651164 0.059782608695652176
1 0.5869670542635659 0.23822463768115942 0.01308139534883721 0.07427536231884058
1 0.6298449612403101 0.33605072463768115 0.020348837209302327 0.11775362318840579
2 0.685077519379845 0.4157608695652174 0.03682170542635659 0.2807971014492754
2 0.7114825581395349 0.4519927536231884 0.056686046511627904 0.3061594202898551
1 0.8892926356589147 0.8605072463768116 0.07218992248062016 0.27898550724637683
