0 0.10343992248062016 0.8487318840579711 0.07994186046511628 0.302536231884058
2 0.25 0.5054347826086957 0.060077519379844964 0.3333333333333333
2 0.27810077519379844 0.46105072463768115 0.04844961240310078 0.28804347826086957
0 0.36652131782945735 0.3432971014492754 0.02180232558139535 0.11775362318840579
0 0.41012596899224807 0.24728260869565216 0.01308139534883721 0.07427536231884058
0 0.45082364341085274 0.20018115942028986 0.009205426356589148 0.05615942028985507
0 0.48328488372093026 0.18115942028985507 0.008236434108527133 0.050724637681159424
0 0.5215600775193798 0.16394927536231885 0.006298449612403101 0.03804347826086957
0 0.5377906976744186 0.1503623188405797 0.0048449612403100775 0.036231884057971016
0 0.532218992248062 0.14130434782608695 0.00436046511627907 0.028985507246376812
0 0.5254360465116279 0.13134057971014493 0.00436046511627907 0.02717391304347826
0 0.5152616279069767 0.12681159420289856 0.00436046511627907 0.025362318840579712
0 0.48231589147286824 0.12047101449275362 0.00436046511627907 0.02717391304347826
0 0.46027131782945735 0.1213768115942029 0.003875968992248062 0.021739130434782608
0 0.4377422480620155 0.11956521739130435 0.003391472868217054 0.021739130434782608
0 0.41012596899224807 0.12409420289855072 0.003391472868217054 0.02355072463768116
0 0.38396317829457366 0.125 0.003391472868217054 0.021739130434782608
0 0.36119186046511625 0.13134057971014493 0.00436046511627907 0.02355072463768116
0 0.3425387596899225 0.13858695652173914 0.0048449612403100775 0.02717391304347826
0 0.31976744186046513 0.14583333333333334 0.0048449612403100775 0.030797101449275364
0 0.2824612403100775 0.15489130434782608 0.0048449612403100775 0.030797101449275364
0 0.20300387596899225 0.17481884057971014 0.006782945736434108 0.034420289855072464
0 0.09181201550387597 0.19746376811594202 0.008236434108527133 0.03985507246376811
1 0.08381782945736434 0.18478260869565216 0.006782945736434108 0.036231884057971016
1 0.17223837209302326 0.16847826086956522 0.006298449612403101 0.03260869565217391
1 0.24176356589147288 0.1539855072463768 0.005813953488372093 0.028985507246376812
1 0.3168604651162791 0.1322463768115942 0.003875968992248062 0.021739130434782608
1 0.35101744186046513 0.12409420289855072 0.00436046511627907 0.02355072463768116
1 0.375 0.1213768115942029 0.0029069767441860465 0.018115942028985508
1 0.4127906976744186 0.11684782608695653 0.0029069767441860465 0.02355072463768116
1 0.44694767441860467 0.11413043478260869 0.003391472868217054 0.021739130434782608
1 0.48376937984496127 0.11231884057971014 0.003391472868217054 0.021739130434782608
1 0.5058139534883721 0.11413043478260869 0.003875968992248062 0.021739130434782608
1 0.530765503875969 0.11503623188405797 0.003391472868217054 0.02355072463768116
1 0.5489341085271318 0.11413043478260869 0.003875968992248062 0.025362318840579712
1 0.5702519379844961 0.11594202898550725 0.003875968992248062 0.025362318840579712
1 0.595203488372093 0.12228260869565218 0.00436046511627907 0.02717391304347826
1 0.6070736434108527 0.1286231884057971 0.005813953488372093 0.03260869565217391
1 0.6237887596899225 0.13949275362318841 0.006298449612403101 0.036231884057971016
1 0.6414728682170543 0.15670289855072464 0.006782945736434108 0.04528985507246377
1 0.6446220930232558 0.17481884057971014 0.010174418604651164 0.05253623188405797
1 0.6087693798449613 0.19384057971014493 0.010174418604651164 0.06159420289855073
1 0.5867248062015504 0.23822463768115942 0.013565891472868217 0.07427536231884058
1 0.6298449612403101 0.33605072463768115 0.02131782945736434 0.1213768115942029
2 0.685562015503876 0.41757246376811596 0.0377906976744186 0.28442028985507245
2 0.7126937984496124 0.4528985507246377 0.05426356589147287 0.3079710144927536
1 0.8888081395348837 0.8577898550724637 0.0750968992248062 0.28442028985507245
