0 0.31613372093023256 0.48188405797101447 0.036337209302325583 0.17028985507246377
0 0.32073643410852715 0.3605072463768116 0.02616279069767442 0.11956521739130435
0 0.2768895348837209 0.3070652173913043 0.017926356589147287 0.09601449275362318
0 0.2243217054263566 0.28532608695652173 0.01744186046511628 0.08514492753623189
1 0.16036821705426357 0.24003623188405798 0.013565891472868217 0.06340579710144928
0 0.07437015503875968 0.3233695652173913 0.02180232558139535 0.09239130434782608
1 0.2931201550387597 0.21467391304347827 0.01065891472868217 0.05615942028985507
1 0.344718992248062 0.21739130434782608 0.011143410852713179 0.057971014492753624
1 0.4331395348837209 0.22735507246376813 0.011627906976744186 0.06340579710144928
1 0.5159883720930233 0.2554347826086957 0.014534883720930232 0.08333333333333333
1 0.6271802325581395 0.348731884057971 0.02374031007751938 0.11775362318840579
1 0.7483042635658915 0.5208333333333334 0.046027131782945735 0.20833333333333334
