0 0.10368217054263566 0.8496376811594203 0.08042635658914729 0.3007246376811594
2 0.2492732558139535 0.5072463768115942 0.05862403100775194 0.32608695652173914
2 0.2771317829457364 0.47101449275362317 0.050387596899224806 0.3115942028985507
0 0.36676356589147285 0.3442028985507246 0.023255813953488372 0.11594202898550725
0 0.41012596899224807 0.24728260869565216 0.014050387596899225 0.07789855072463768
0 0.45082364341085274 0.20018115942028986 0.010174418604651164 0.05615942028985507
0 0.48304263565891475 0.1802536231884058 0.00872093023255814 0.04891304347826087
0 0.5220445736434108 0.16304347826086957 0.007267441860465116 0.043478260869565216
0 0.5380329457364341 0.14945652173913043 0.006298449612403101 0.03804347826086957
0 0.5324612403100775 0.1403985507246377 0.0048449612403100775 0.030797101449275364
0 0.5254360465116279 0.13043478260869565 0.00436046511627907 0.028985507246376812
0 0.5147771317829457 0.125 0.00436046511627907 0.025362318840579712
0 0.48207364341085274 0.12228260869565218 0.003875968992248062 0.02355072463768116
0 0.45978682170542634 0.12047101449275362 0.003875968992248062 0.02355072463768116
0 0.437984496124031 0.12047101449275362 0.003875968992248062 0.02355072463768116
0 0.40988372093023256 0.12318840579710146 0.003875968992248062 0.021739130434782608
0 0.38372093023255816 0.12590579710144928 0.003875968992248062 0.02355072463768116
0 0.36094961240310075 0.13043478260869565 0.003875968992248062 0.025362318840579712
0 0.34205426356589147 0.13949275362318841 0.003875968992248062 0.025362318840579712
0 0.31976744186046513 0.14583333333333334 0.0048449612403100775 0.030797101449275364
0 0.282703488372093 0.15579710144927536 0.00436046511627907 0.028985507246376812
0 0.20324612403100775 0.17119565217391305 0.006298449612403101 0.03804347826086957
0 0.09156976744186046 0.1956521739130435 0.007751937984496124 0.03985507246376811
1 0.08309108527131782 0.1838768115942029 0.007267441860465116 0.03804347826086957
1 0.17199612403100775 0.16666666666666666 0.006782945736434108 0.03260869565217391
1 0.24176356589147288 0.15217391304347827 0.005813953488372093 0.028985507246376812
1 0.3168604651162791 0.1331521739130435 0.003875968992248062 0.02355072463768116
1 0.35101744186046513 0.125 0.003391472868217054 0.021739130434782608
1 0.375 0.1213768115942029 0.003875968992248062 0.021739130434782608
1 0.4127906976744186 0.11775362318840579 0.003875968992248062 0.021739130434782608
1 0.4471899224806202 0.11594202898550725 0.0029069767441860465 0.018115942028985508
1 0.48376937984496127 0.11413043478260869 0.003391472868217054 0.021739130434782608
1 0.5058139534883721 0.11503623188405797 0.003875968992248062 0.019927536231884056
1 0.530765503875969 0.11322463768115942 0.003391472868217054 0.02355072463768116
1 0.5489341085271318 0.11322463768115942 0.003875968992248062 0.02355072463768116
1 0.5697674418604651 0.11503623188405797 0.003875968992248062 0.02355072463768116
1 0.5954457364341085 0.12228260869565218 0.0048449612403100775 0.02717391304347826
1 0.6068313953488372 0.12952898550724637 0.005329457364341085 0.030797101449275364
1 0.6237887596899225 0.13858695652173914 0.006298449612403101 0.03804347826086957
1 0.6412306201550387 0.15579710144927536 0.006298449612403101 0.043478260869565216
1 0.6451065891472868 0.17572463768115942 0.009205426356589148 0.050724637681159424
1 0.6085271317829457 0.1947463768115942 0.012596899224806201 0.059782608695652176
1 0.5864825581395349 0.2391304347826087 0.015019379844961241 0.07608695652173914
1 0.6300872093023255 0.33605072463768115 0.022771317829457363 0.11775362318840579
2 0.685562015503876 0.41938405797101447 0.03972868217054264 0.27717391304347827
2 0.7129360465116279 0.45471014492753625 0.05377906976744186 0.3115942028985507
1 0.8888081395348837 0.855072463768116 0.0750968992248062 0.2898550724637681
