0 0.265625 0.6416666666666667 0.046875 0.09444444444444444
0 0.334765625 0.5423611111111111 0.02734375 0.05694444444444444
0 0.31484375 0.5020833333333333 0.0203125 0.043055555555555555
0 0.236328125 0.47847222222222224 0.01953125 0.0375
0 0.075 0.47291666666666665 0.01875 0.04027777777777778
1 0.21328125 0.44513888888888886 0.0109375 0.02361111111111111
1 0.316015625 0.45208333333333334 0.01171875 0.02361111111111111
1 0.39609375 0.4618055555555556 0.0109375 0.02361111111111111
1 0.4703125 0.47708333333333336 0.0125 0.02638888888888889
1 0.545703125 0.5041666666666667 0.01484375 0.03611111111111111
1 0.62578125 0.5444444444444444 0.0203125 0.04722222222222222
1 0.719140625 0.6604166666666667 0.04296875 0.0875
