0 0.124609375 0.9229166666666667 0.08515625 0.15416666666666667
0 0.41171875 0.6743055555555556 0.034375 0.0763888888888889
0 0.458203125 0.6041666666666666 0.01796875 0.04722222222222222
0 0.4515625 0.5694444444444444 0.0140625 0.03333333333333333
0 0.455859375 0.5458333333333333 0.01015625 0.025
1 0.8875 0.8638888888888889 0.06875 0.1388888888888889
1 0.791796875 0.7020833333333333 0.03203125 0.07083333333333333
1 0.703125 0.6222222222222222 0.01875 0.05
1 0.63671875 0.5805555555555556 0.0140625 0.03888888888888889
1 0.561328125 0.5347222222222222 0.00859375 0.019444444444444445
