0 0.13493217054263565 0.8342391304347826 0.0809108527131783 0.33152173913043476
0 0.4217538759689923 0.35778985507246375 0.020833333333333332 0.11775362318840579
0 0.39341085271317827 0.26992753623188404 0.013565891472868217 0.08333333333333333
0 0.29820736434108525 0.2617753623188406 0.01308139534883721 0.07427536231884058
0 0.18556201550387597 0.25181159420289856 0.014534883720930232 0.06521739130434782
0 0.08236434108527131 0.2463768115942029 0.013565891472868217 0.057971014492753624
0 0.05281007751937984 0.22916666666666666 0.009689922480620155 0.04528985507246377
1 0.8737887596899225 0.8052536231884058 0.06734496124031007 0.3532608695652174
1 0.7354651162790697 0.3677536231884058 0.025193798449612403 0.12681159420289856
1 0.6443798449612403 0.2608695652173913 0.015503875968992248 0.07971014492753623
1 0.5704941860465116 0.21467391304347827 0.010174418604651164 0.06340579710144928
1 0.48716085271317827 0.19746376811594202 0.008236434108527133 0.050724637681159424
1 0.3955910852713178 0.1983695652173913 0.008236434108527133 0.04891304347826087
1 0.3054748062015504 0.20199275362318841 0.008236434108527133 0.04891304347826087
1 0.23812984496124032 0.1947463768115942 0.007267441860465116 0.04528985507246377
1 0.2131782945736434 0.1838768115942029 0.006782945736434108 0.03804347826086957
1 0.2061531007751938 0.17300724637681159 0.005329457364341085 0.030797101449275364
1 0.2010658914728682 0.17119565217391305 0.003875968992248062 0.030797101449275364
1 0.17756782945736435 0.16304347826086957 0.005329457364341085 0.028985507246376812
1 0.14050387596899225 0.16485507246376813 0.0048449612403100775 0.028985507246376812
1 0.10998062015503876 0.16757246376811594 0.0048449612403100775 0.02717391304347826
