1 0.1751453488372093 0.33061594202898553 0.01986434108527132 0.09963768115942029
2 0.13178294573643412 0.28351449275362317 0.022286821705426358 0.1358695652173913
2 0.11724806201550388 0.2807971014492754 0.016472868217054265 0.13768115942028986
1 0.08333333333333333 0.2871376811594203 0.01744186046511628 0.07427536231884058
1 0.03827519379844961 0.2644927536231884 0.016472868217054265 0.06159420289855073
1 0.06419573643410853 0.2318840579710145 0.012112403100775194 0.050724637681159424
1 0.11094961240310078 0.20833333333333334 0.009689922480620155 0.043478260869565216
1 0.08842054263565892 0.18931159420289856 0.008236434108527133 0.03804347826086957
1 0.06395348837209303 0.1875 0.006782945736434108 0.030797101449275364
1 0.04530038759689922 0.18297101449275363 0.006298449612403101 0.028985507246376812
