0 0.265625 0.6652777777777777 0.0484375 0.10833333333333334
0 0.29609375 0.5611111111111111 0.0296875 0.06666666666666667
0 0.2171875 0.5159722222222223 0.025 0.04861111111111111
0 0.019140625 0.5048611111111111 0.02890625 0.05416666666666667
1 0.23984375 0.46111111111111114 0.0125 0.030555555555555555
1 0.355078125 0.47152777777777777 0.01328125 0.029166666666666667
1 0.44765625 0.4847222222222222 0.015625 0.03611111111111111
1 0.5390625 0.5097222222222222 0.0171875 0.03888888888888889
1 0.644921875 0.5652777777777778 0.02578125 0.05555555555555555
1 0.80234375 0.6736111111111112 0.0515625 0.09444444444444444
