1 0.9530038759689923 0.8306159420289855 0.0939922480620155 0.338768115942029
1 0.5513565891472868 0.4882246376811594 0.03294573643410853 0.18659420289855072
1 0.4183624031007752 0.41032608695652173 0.029554263565891473 0.14673913043478262
1 0.22577519379844962 0.3632246376811594 0.02616279069767442 0.11775362318840579
1 0.11119186046511628 0.338768115942029 0.024709302325581394 0.10144927536231885
2 0.057897286821705425 0.2971014492753623 0.02567829457364341 0.14130434782608695
2 0.0436046511627907 0.29528985507246375 0.020348837209302327 0.14130434782608695
1 0.005813953488372093 0.30344202898550726 0.011627906976744186 0.08152173913043478
1 0.02374031007751938 0.223731884057971 0.011627906976744186 0.05253623188405797
1 0.018653100775193797 0.213768115942029 0.007267441860465116 0.043478260869565216
