1 0.334765625 0.6951388888888889 0.03828125 0.09305555555555556
1 0.5234375 0.5722222222222222 0.021875 0.05277777777777778
1 0.620703125 0.5145833333333333 0.01484375 0.034722222222222224
1 0.67265625 0.4888888888888889 0.0109375 0.027777777777777776
1 0.701171875 0.4736111111111111 0.01015625 0.025
0 0.9203125 0.7152777777777778 0.06875 0.12222222222222222
0 0.84765625 0.5826388888888889 0.0328125 0.06527777777777778
0 0.857421875 0.5152777777777777 0.02109375 0.041666666666666664
0 0.862890625 0.48541666666666666 0.01484375 0.03194444444444444
0 0.862109375 0.4666666666666667 0.01328125 0.025
0 0.8828125 0.4548611111111111 0.0125 0.02638888888888889
0 0.922265625 0.4444444444444444 0.01015625 0.022222222222222223
1 0.734765625 0.46111111111111114 0.00859375 0.022222222222222223
1 0.773828125 0.4527777777777778 0.00859375 0.025
1 0.81484375 0.44375 0.0078125 0.018055555555555554
1 0.827734375 0.4395833333333333 0.00546875 0.0125
