1 0.8304263565891473 0.5335144927536232 0.05135658914728682 0.21195652173913043
1 0.5886627906976745 0.36141304347826086 0.025193798449612403 0.1286231884057971
1 0.4929748062015504 0.31431159420289856 0.01986434108527132 0.10326086956521739
1 0.3502906976744186 0.2817028985507246 0.016472868217054265 0.08514492753623189
1 0.26719961240310075 0.2617753623188406 0.014050387596899225 0.07789855072463768
2 0.22674418604651161 0.2318840579710145 0.018410852713178296 0.10507246376811594
2 0.21656976744186046 0.2318840579710145 0.013565891472868217 0.10507246376811594
1 0.1824127906976744 0.24003623188405798 0.012112403100775194 0.06340579710144928
1 0.13517441860465115 0.22554347826086957 0.011627906976744186 0.05253623188405797
1 0.14534883720930233 0.20742753623188406 0.00872093023255814 0.041666666666666664
1 0.17635658914728683 0.1875 0.007751937984496124 0.03804347826086957
1 0.17054263565891473 0.1802536231884058 0.006782945736434108 0.034420289855072464
1 0.14680232558139536 0.1721014492753623 0.005813953488372093 0.03260869565217391
1 0.12257751937984496 0.17300724637681159 0.006782945736434108 0.030797101449275364
1 0.10295542635658915 0.17119565217391305 0.006298449612403101 0.030797101449275364
0 0.03439922480620155 0.20108695652173914 0.007751937984496124 0.03985507246376811
0 0.02131782945736434 0.21557971014492755 0.007751937984496124 0.043478260869565216
0 0.017926356589147287 0.1983695652173913 0.005813953488372093 0.034420289855072464
1 0.02252906976744186 0.17753623188405798 0.005329457364341085 0.028985507246376812
0 0.053536821705426355 0.4447463768115942 0.03439922480620155 0.1431159420289855
1 0.06080426356589147 0.17028985507246377 0.00436046511627907 0.025362318840579712
0 0.13541666666666666 0.552536231884058 0.04796511627906977 0.2028985507246377
0 0.16521317829457363 0.7934782608695652 0.06976744186046512 0.3333333333333333
