1 0.1984375 0.8020833333333334 0.0734375 0.14583333333333334
1 0.41171875 0.6027777777777777 0.0328125 0.07222222222222222
1 0.581640625 0.5243055555555556 0.02109375 0.04861111111111111
1 0.6875 0.48055555555555557 0.0140625 0.03611111111111111
1 0.746875 0.4576388888888889 0.0109375 0.029166666666666667
1 0.78125 0.44513888888888886 0.009375 0.02361111111111111
1 0.821875 0.43472222222222223 0.009375 0.022222222222222223
1 0.86953125 0.4263888888888889 0.009375 0.025
1 0.919140625 0.41944444444444445 0.00859375 0.022222222222222223
1 0.9375 0.4131944444444444 0.009375 0.020833333333333332
0 0.91328125 0.6611111111111111 0.059375 0.10833333333333334
0 0.8953125 0.5520833333333334 0.034375 0.06527777777777778
0 0.93359375 0.49027777777777776 0.021875 0.044444444444444446
0 0.95546875 0.4652777777777778 0.0140625 0.03611111111111111
0 0.96015625 0.44722222222222224 0.0109375 0.027777777777777776
0 0.99140625 0.43472222222222223 0.0140625 0.030555555555555555
