0 0.11749031007751938 0.7182971014492754 0.06540697674418605 0.28442028985507245
0 0.22940891472868216 0.4266304347826087 0.035368217054263566 0.1431159420289855
0 0.21778100775193798 0.3451086956521739 0.02180232558139535 0.1068840579710145
0 0.16061046511627908 0.3115942028985507 0.01986434108527132 0.09420289855072464
0 0.08914728682170543 0.30434782608695654 0.020348837209302327 0.08695652173913043
1 0.1613372093023256 0.23007246376811594 0.014534883720930232 0.057971014492753624
1 0.22577519379844962 0.2246376811594203 0.012596899224806201 0.057971014492753624
1 0.3238856589147287 0.2246376811594203 0.012112403100775194 0.06521739130434782
1 0.405281007751938 0.23731884057971014 0.01308139534883721 0.07246376811594203
1 0.4946705426356589 0.29347826086956524 0.01744186046511628 0.09420289855072464
1 0.564922480620155 0.3740942028985507 0.027131782945736434 0.1358695652173913
1 0.7320736434108527 0.5362318840579711 0.046511627906976744 0.2210144927536232
