0 0.34738372093023256 0.5280797101449275 0.035852713178294575 0.20471014492753623
0 0.4423449612403101 0.3115942028985507 0.01937984496124031 0.10507246376811594
0 0.502422480620155 0.23097826086956522 0.012596899224806201 0.07427536231884058
0 0.5443313953488372 0.20380434782608695 0.011143410852713179 0.059782608695652176
0 0.591327519379845 0.18206521739130435 0.009205426356589148 0.05253623188405797
0 0.6092538759689923 0.161231884057971 0.007267441860465116 0.043478260869565216
0 0.6019864341085271 0.14855072463768115 0.006298449612403101 0.03985507246376811
0 0.593265503875969 0.13405797101449277 0.006298449612403101 0.03260869565217391
0 0.5806686046511628 0.12771739130434784 0.005329457364341085 0.030797101449275364
0 0.5438468992248062 0.12318840579710146 0.00436046511627907 0.025362318840579712
0 0.5196220930232558 0.1213768115942029 0.00436046511627907 0.025362318840579712
0 0.4958817829457364 0.11956521739130435 0.00436046511627907 0.025362318840579712
0 0.46632751937984496 0.1213768115942029 0.00436046511627907 0.025362318840579712
0 0.43943798449612403 0.12409420289855072 0.003875968992248062 0.02355072463768116
0 0.41545542635658916 0.1286231884057971 0.00436046511627907 0.025362318840579712
0 0.3951065891472868 0.13677536231884058 0.005329457364341085 0.02717391304347826
0 0.37112403100775193 0.14402173913043478 0.0048449612403100775 0.030797101449275364
0 0.3323643410852713 0.15307971014492755 0.005813953488372093 0.034420289855072464
0 0.25193798449612403 0.17119565217391305 0.006782945736434108 0.034420289855072464
0 0.1438953488372093 0.19384057971014493 0.00872093023255814 0.043478260869565216
0 0.04312015503875969 0.223731884057971 0.01065891472868217 0.04891304347826087
0 0.00993217054263566 0.24456521739130435 0.01308139534883721 0.05434782608695652
1 0.05111434108527132 0.20018115942028986 0.008236434108527133 0.041666666666666664
1 0.14656007751937986 0.1766304347826087 0.007267441860465116 0.034420289855072464
1 0.22819767441860464 0.16394927536231885 0.005813953488372093 0.030797101449275364
1 0.29602713178294576 0.1503623188405797 0.0048449612403100775 0.028985507246376812
1 0.3367248062015504 0.13858695652173914 0.0048449612403100775 0.02717391304347826
1 0.37257751937984496 0.1286231884057971 0.003875968992248062 0.025362318840579712
1 0.4069767441860465 0.12047101449275362 0.0029069767441860465 0.02355072463768116
1 0.4314437984496124 0.11865942028985507 0.003391472868217054 0.02355072463768116
1 0.470203488372093 0.11503623188405797 0.003391472868217054 0.02355072463768116
1 0.5058139534883721 0.11322463768115942 0.003875968992248062 0.02355072463768116
1 0.5450581395348837 0.11231884057971014 0.003875968992248062 0.021739130434782608
1 0.5695251937984496 0.11322463768115942 0.00436046511627907 0.02355072463768116
1 0.5973837209302325 0.11413043478260869 0.003875968992248062 0.025362318840579712
1 0.6187015503875969 0.11413043478260869 0.003875968992248062 0.025362318840579712
1 0.6434108527131783 0.11865942028985507 0.0048449612403100775 0.02717391304347826
1 0.6753875968992248 0.12681159420289856 0.005813953488372093 0.036231884057971016
1 0.6921027131782945 0.13768115942028986 0.007267441860465116 0.03985507246376811
1 0.717296511627907 0.1539855072463768 0.008236434108527133 0.043478260869565216
1 0.748546511627907 0.18115942028985507 0.011627906976744186 0.057971014492753624
1 0.7606589147286822 0.20923913043478262 0.014534883720930232 0.07427536231884058
1 0.7146317829457365 0.23731884057971014 0.015503875968992248 0.07971014492753623
1 0.6962209302325582 0.322463768115942 0.023255813953488372 0.11594202898550725
1 0.8384205426356589 0.6213768115942029 0.05862403100775194 0.2608695652173913
