2 0.09181201550387597 0.7481884057971014 0.10998062015503876 0.5036231884057971
2 0.14728682170542637 0.6648550724637681 0.08333333333333333 0.44565217391304346
0 0.30959302325581395 0.421195652173913 0.030038759689922482 0.14673913043478262
0 0.375968992248062 0.2826086956521739 0.01744186046511628 0.09057971014492754
0 0.4265988372093023 0.21829710144927536 0.011143410852713179 0.06702898550724638
0 0.4636627906976744 0.1956521739130435 0.00872093023255814 0.05434782608695652
0 0.5055717054263565 0.17391304347826086 0.008236434108527133 0.043478260869565216
0 0.5227713178294574 0.15760869565217392 0.006782945736434108 0.03985507246376811
0 0.5169573643410853 0.14583333333333334 0.005813953488372093 0.034420289855072464
0 0.5092054263565892 0.13496376811594202 0.005813953488372093 0.030797101449275364
0 0.4992732558139535 0.12952898550724637 0.00436046511627907 0.02717391304347826
0 0.4646317829457364 0.12681159420289856 0.003875968992248062 0.025362318840579712
0 0.4418604651162791 0.12590579710144928 0.003875968992248062 0.02355072463768116
0 0.4181201550387597 0.125 0.003875968992248062 0.025362318840579712
0 0.38880813953488375 0.12771739130434784 0.00436046511627907 0.02355072463768116
0 0.36094961240310075 0.13134057971014493 0.003875968992248062 0.02717391304347826
0 0.33648255813953487 0.13677536231884058 0.00436046511627907 0.02717391304347826
0 0.31540697674418605 0.14492753623188406 0.0048449612403100775 0.028985507246376812
0 0.28997093023255816 0.1539855072463768 0.005329457364341085 0.03260869565217391
0 0.24806201550387597 0.16304347826086957 0.005813953488372093 0.036231884057971016
0 0.1560077519379845 0.18568840579710144 0.00872093023255814 0.03804347826086957
0 0.02688953488372093 0.213768115942029 0.009205426356589148 0.043478260869565216
1 0.022044573643410854 0.1983695652173913 0.008236434108527133 0.041666666666666664
1 0.12354651162790697 0.1802536231884058 0.007751937984496124 0.034420289855072464
1 0.20373062015503876 0.161231884057971 0.005329457364341085 0.03260869565217391
1 0.25 0.14945652173913043 0.0048449612403100775 0.02717391304347826
1 0.28900193798449614 0.13768115942028986 0.003391472868217054 0.021739130434782608
1 0.32630813953488375 0.12952898550724637 0.003391472868217054 0.019927536231884056
1 0.35247093023255816 0.12681159420289856 0.003391472868217054 0.021739130434782608
1 0.39244186046511625 0.12228260869565218 0.0029069767441860465 0.019927536231884056
1 0.42805232558139533 0.11956521739130435 0.003391472868217054 0.021739130434782608
1 0.46632751937984496 0.11684782608695653 0.003391472868217054 0.019927536231884056
1 0.4895833333333333 0.11775362318840579 0.003391472868217054 0.021739130434782608
1 0.5152616279069767 0.11684782608695653 0.003391472868217054 0.019927536231884056
1 0.5343992248062015 0.11865942028985507 0.0029069767441860465 0.02355072463768116
1 0.5559593023255814 0.12047101449275362 0.003391472868217054 0.02355072463768116
1 0.5821220930232558 0.12681159420289856 0.00436046511627907 0.028985507246376812
1 0.5949612403100775 0.13405797101449277 0.0048449612403100775 0.03260869565217391
1 0.6133720930232558 0.14583333333333334 0.005813953488372093 0.03804347826086957
1 0.6005329457364341 0.21014492753623187 0.012112403100775194 0.06521739130434782
1 0.5787306201550387 0.266304347826087 0.01695736434108527 0.08695652173913043
1 0.6005329457364341 0.20923913043478262 0.012112403100775194 0.06702898550724638
1 0.6388081395348837 0.18568840579710144 0.010174418604651164 0.05615942028985507
1 0.6342054263565892 0.16485507246376813 0.00872093023255814 0.04710144927536232
1 0.6375968992248062 0.40217391304347827 0.027131782945736434 0.14855072463768115
2 0.7291666666666666 0.5652173913043478 0.0562015503875969 0.39855072463768115
2 0.7761627906976745 0.6340579710144928 0.09011627906976744 0.4601449275362319
