1 0.9777131782945736 0.8288043478260869 0.044573643410852716 0.3351449275362319
1 0.5857558139534884 0.3596014492753623 0.025193798449612403 0.1322463768115942
1 0.4416182170542636 0.3070652173913043 0.01986434108527132 0.09963768115942029
1 0.3594961240310077 0.29257246376811596 0.01937984496124031 0.08876811594202899
1 0.21002906976744187 0.29347826086956524 0.017926356589147287 0.08333333333333333
1 0.09883720930232558 0.29257246376811596 0.018410852713178296 0.08152173913043478
2 0.03948643410852713 0.26721014492753625 0.02180232558139535 0.11775362318840579
2 0.02446705426356589 0.2708333333333333 0.01695736434108527 0.11775362318840579
0 0.01937984496124031 0.5307971014492754 0.03875968992248062 0.18478260869565216
0 0.09932170542635659 0.6367753623188406 0.050387596899224806 0.24456521739130435
