0 0.300390625 0.8145833333333333 0.04921875 0.10138888888888889
0 0.4546875 0.6875 0.03125 0.06666666666666667
0 0.49296875 0.6340277777777777 0.0171875 0.034722222222222224
0 0.488671875 0.6104166666666667 0.01171875 0.02638888888888889
0 0.48984375 0.5916666666666667 0.009375 0.022222222222222223
0 0.49140625 0.575 0.0078125 0.019444444444444445
0 0.4796875 0.5680555555555555 0.00625 0.016666666666666666
0 0.455859375 0.5666666666666667 0.00703125 0.016666666666666666
1 0.78828125 0.7506944444444444 0.040625 0.0875
1 0.75859375 0.6701388888888888 0.025 0.05694444444444444
1 0.701953125 0.6263888888888889 0.01640625 0.044444444444444446
1 0.652734375 0.5993055555555555 0.01328125 0.034722222222222224
1 0.5890625 0.5680555555555555 0.0078125 0.022222222222222223
1 0.569140625 0.5618055555555556 0.00703125 0.015277777777777777
