0 0.4561531007751938 0.14945652173913043 0.017926356589147287 0.09963768115942029
0 0.48328488372093026 0.03351449275362319 0.008236434108527133 0.04891304347826087
0 0.43507751937984496 0.026268115942028984 0.007751937984496124 0.041666666666666664
0 0.4118217054263566 0.019021739130434784 0.006782945736434108 0.03804347826086957
0 0.38832364341085274 0.016304347826086956 0.008236434108527133 0.03260869565217391
1 0.7243217054263565 0.3641304347826087 0.03875968992248062 0.213768115942029
1 0.6574612403100775 0.20742753623188406 0.025193798449612403 0.13949275362318841
1 0.6218507751937985 0.1322463768115942 0.0188953488372093 0.10144927536231885
0 0.6119186046511628 0.035326086956521736 0.00872093023255814 0.05615942028985507
0 0.6758720930232558 0.03260869565217391 0.009689922480620155 0.057971014492753624
0 0.7361918604651163 0.02355072463768116 0.009205426356589148 0.04710144927536232
