3 0.94140625 0.662962962962963 0.1109375 0.2388888888888889
3 0.9794270833333333 0.587037037037037 0.04114583333333333 0.11481481481481481
3 0.61328125 0.5458333333333333 0.04010416666666667 0.08981481481481482
1 0.5778645833333333 0.537962962962963 0.0359375 0.08518518518518518
3 0.4583333333333333 0.5259259259259259 0.028125 0.07962962962962963
3 0.43359375 0.5773148148148148 0.07760416666666667 0.1527777777777778
2 0.3453125 0.49675925925925923 0.046875 0.11203703703703703
2 0.30494791666666665 0.4930555555555556 0.04010416666666667 0.11018518518518519
0 0.29791666666666666 0.5740740740740741 0.08125 0.15185185185185185
3 0.24791666666666667 0.5083333333333333 0.030208333333333334 0.06851851851851852
3 0.1921875 0.5462962962962963 0.06875 0.12777777777777777
3 0.037760416666666664 0.6 0.07552083333333333 0.22777777777777777
