3 0.7046875 0.6476851851851851 0.08958333333333333 0.21574074074074073
3 0.7473958333333334 0.5800925925925926 0.040625 0.10277777777777777
3 0.4309895833333333 0.5166666666666667 0.0421875 0.09074074074074075
1 0.39505208333333336 0.5055555555555555 0.033854166666666664 0.08333333333333333
3 0.22916666666666666 0.5310185185185186 0.08645833333333333 0.1638888888888889
3 0.2671875 0.48148148148148145 0.03958333333333333 0.08333333333333333
0 0.06953125 0.5143518518518518 0.10260416666666666 0.17314814814814813
2 0.14244791666666667 0.43657407407407406 0.0578125 0.125
2 0.10234375 0.42916666666666664 0.03802083333333333 0.12129629629629629
3 0.02578125 0.43842592592592594 0.03697916666666667 0.07685185185185185
