2 0.06197916666666667 0.5277777777777778 0.053125 0.11666666666666667
3 0.14036458333333332 0.6620370370370371 0.0453125 0.10185185185185185
3 0.3497395833333333 0.5699074074074074 0.03177083333333333 0.08055555555555556
3 0.3536458333333333 0.5199074074074074 0.029166666666666667 0.06759259259259259
2 0.40182291666666664 0.4625 0.034895833333333334 0.08981481481481482
2 0.5471354166666667 0.42962962962962964 0.025520833333333333 0.07777777777777778
3 0.66484375 0.44537037037037036 0.024479166666666666 0.053703703703703705
3 0.7434895833333334 0.5347222222222222 0.034895833333333334 0.075
3 0.83828125 0.39490740740740743 0.043229166666666666 0.08796296296296297
3 0.80078125 0.3074074074074074 0.03177083333333333 0.07222222222222222
3 0.94609375 0.39444444444444443 0.0421875 0.08518518518518518
