3 0.011979166666666667 0.5689814814814815 0.023958333333333335 0.06388888888888888
3 0.07369791666666667 0.7791666666666667 0.09322916666666667 0.18055555555555555
3 0.22369791666666666 0.6537037037037037 0.0484375 0.09444444444444444
3 0.19088541666666667 0.5902777777777778 0.028645833333333332 0.06388888888888888
0 0.2981770833333333 0.6018518518518519 0.0234375 0.06296296296296296
3 0.3171875 0.6111111111111112 0.030208333333333334 0.06851851851851852
3 0.35 0.5921296296296297 0.023958333333333335 0.058333333333333334
2 0.37421875 0.5671296296296297 0.0265625 0.0787037037037037
2 0.3880208333333333 0.5652777777777778 0.015625 0.075
3 0.4036458333333333 0.5722222222222222 0.017708333333333333 0.044444444444444446
0 0.4244791666666667 0.5689814814814815 0.017708333333333333 0.041666666666666664
1 0.5416666666666666 0.5810185185185185 0.0125 0.04351851851851852
3 0.5479166666666667 0.5861111111111111 0.017708333333333333 0.044444444444444446
2 0.5666666666666667 0.5796296296296296 0.025 0.07962962962962963
3 0.56875 0.6092592592592593 0.022916666666666665 0.05925925925925926
3 0.56640625 0.6333333333333333 0.028645833333333332 0.07037037037037037
1 0.5934895833333333 0.6273148148148148 0.027604166666666666 0.06944444444444445
3 0.5916666666666667 0.7018518518518518 0.04375 0.10740740740740741
3 0.7942708333333334 0.8949074074074074 0.096875 0.2101851851851852
