3 0.6270833333333333 0.6550925925925926 0.065625 0.16018518518518518
1 0.62734375 0.5615740740740741 0.0328125 0.08425925925925926
3 0.5940104166666667 0.5638888888888889 0.033854166666666664 0.08888888888888889
3 0.5973958333333333 0.537962962962963 0.026041666666666668 0.07222222222222222
2 0.5971354166666667 0.5092592592592593 0.030729166666666665 0.09444444444444444
3 0.575 0.5125 0.01875 0.05092592592592592
1 0.56875 0.5083333333333333 0.014583333333333334 0.05
3 0.13385416666666666 0.5458333333333333 0.07083333333333333 0.13055555555555556
3 0.1515625 0.4773148148148148 0.025 0.0787037037037037
3 0.28828125 0.5120370370370371 0.04010416666666667 0.08703703703703704
0 0.26953125 0.5009259259259259 0.0265625 0.07592592592592592
3 0.33880208333333334 0.4976851851851852 0.030729166666666665 0.06944444444444445
2 0.37395833333333334 0.475 0.034375 0.08888888888888889
2 0.39088541666666665 0.47453703703703703 0.018229166666666668 0.08611111111111111
3 0.41171875 0.4861111111111111 0.0203125 0.05
0 0.43671875 0.48564814814814816 0.018229166666666668 0.04722222222222222
