3 0.6932291666666667 0.7555555555555555 0.0875 0.2111111111111111
1 0.6640625 0.6231481481481481 0.03854166666666667 0.09444444444444444
3 0.6268229166666667 0.6273148148148148 0.04010416666666667 0.10277777777777777
3 0.62421875 0.5958333333333333 0.030729166666666665 0.0787037037037037
2 0.61953125 0.5625 0.03177083333333333 0.09907407407407408
3 0.5940104166666667 0.5689814814814815 0.021354166666666667 0.05462962962962963
1 0.5861979166666667 0.5634259259259259 0.0140625 0.049074074074074076
3 0.07447916666666667 0.6240740740740741 0.08854166666666667 0.1574074074074074
3 0.2755208333333333 0.5763888888888888 0.04791666666666667 0.09722222222222222
3 0.3359375 0.5578703703703703 0.035416666666666666 0.075
2 0.37578125 0.5324074074074074 0.03802083333333333 0.09814814814814815
2 0.39401041666666664 0.5314814814814814 0.021354166666666667 0.09259259259259259
3 0.4171875 0.5430555555555555 0.022916666666666665 0.05462962962962963
0 0.44375 0.5430555555555555 0.019791666666666666 0.04722222222222222
0 0.2557291666666667 0.5638888888888889 0.030208333333333334 0.08518518518518518
3 0.11901041666666666 0.5407407407407407 0.0390625 0.08518518518518518
