1 0.2328125 0.9157407407407407 0.08541666666666667 0.1685185185185185
3 0.2682291666666667 0.7972222222222223 0.07291666666666667 0.17222222222222222
2 0.24947916666666667 0.6939814814814815 0.08645833333333333 0.22685185185185186
2 0.28072916666666664 0.6453703703703704 0.059375 0.19074074074074074
3 0.32395833333333335 0.5916666666666667 0.03958333333333333 0.09444444444444444
1 0.3221354166666667 0.5504629629629629 0.03177083333333333 0.08055555555555556
3 0.36223958333333334 0.5296296296296297 0.0296875 0.07407407407407407
3 0.38203125 0.47962962962962963 0.0203125 0.053703703703703705
3 0.3614583333333333 0.45601851851851855 0.017708333333333333 0.04351851851851852
3 0.5421875 0.42083333333333334 0.017708333333333333 0.04537037037037037
3 0.5916666666666667 0.4439814814814815 0.021875 0.058333333333333334
3 0.6200520833333333 0.47962962962962963 0.030729166666666665 0.07222222222222222
0 0.6690104166666667 0.48657407407407405 0.034895833333333334 0.0787037037037037
3 0.6747395833333333 0.525 0.04114583333333333 0.09444444444444444
3 0.74140625 0.3814814814814815 0.019270833333333334 0.046296296296296294
2 0.72578125 0.562962962962963 0.05364583333333333 0.19814814814814816
2 0.7692708333333333 0.5972222222222222 0.08333333333333333 0.22592592592592592
3 0.8145833333333333 0.7337962962962963 0.06979166666666667 0.18981481481481483
0 0.8666666666666667 0.8777777777777778 0.13229166666666667 0.24444444444444444
