2 0.13984375 0.8472222222222222 0.12239583333333333 0.29814814814814816
2 0.19010416666666666 0.7796296296296297 0.08020833333333334 0.25
3 0.2552083333333333 0.687037037037037 0.052083333333333336 0.11481481481481481
1 0.26328125 0.6310185185185185 0.0328125 0.08796296296296297
3 0.30859375 0.6069444444444444 0.0359375 0.08611111111111111
3 0.3359375 0.5416666666666666 0.022916666666666665 0.06296296296296296
3 0.31692708333333336 0.513425925925926 0.0203125 0.04722222222222222
3 0.5106770833333333 0.4773148148148148 0.0203125 0.049074074074074076
3 0.5635416666666667 0.5041666666666667 0.023958333333333335 0.062037037037037036
3 0.5966145833333333 0.55 0.033854166666666664 0.07962962962962963
0 0.6526041666666667 0.5601851851851852 0.041666666666666664 0.09074074074074075
3 0.6625 0.6101851851851852 0.046875 0.10925925925925926
3 0.7200520833333334 0.43842592592592594 0.021354166666666667 0.05092592592592592
2 0.73359375 0.6703703703703704 0.06927083333333334 0.24444444444444444
2 0.7981770833333334 0.725925925925926 0.11822916666666666 0.28888888888888886
3 0.88046875 0.9037037037037037 0.1078125 0.1925925925925926
