3 0.04635416666666667 0.6842592592592592 0.09270833333333334 0.17037037037037037
3 0.20572916666666666 0.5893518518518519 0.05 0.09351851851851851
3 0.17395833333333333 0.5356481481481481 0.028125 0.06388888888888888
0 0.28151041666666665 0.549074074074074 0.024479166666666666 0.06296296296296296
3 0.3 0.5564814814814815 0.028125 0.06666666666666667
3 0.3338541666666667 0.5430555555555555 0.025 0.05648148148148148
2 0.359375 0.5222222222222223 0.026041666666666668 0.07592592592592592
2 0.3731770833333333 0.5208333333333334 0.016145833333333335 0.07314814814814814
3 0.39036458333333335 0.5287037037037037 0.0171875 0.044444444444444446
0 0.41067708333333336 0.5273148148148148 0.0171875 0.041666666666666664
1 0.52734375 0.5416666666666666 0.013020833333333334 0.04259259259259259
3 0.5328125 0.5453703703703704 0.016666666666666666 0.044444444444444446
2 0.5520833333333334 0.5402777777777777 0.023958333333333335 0.07685185185185185
3 0.5528645833333333 0.5666666666666667 0.022395833333333334 0.05925925925925926
3 0.5494791666666666 0.5861111111111111 0.028125 0.06851851851851852
1 0.5765625 0.5833333333333334 0.026041666666666668 0.06481481481481481
3 0.5703125 0.6458333333333334 0.042708333333333334 0.10648148148148148
3 0.7565104166666666 0.8222222222222222 0.09114583333333333 0.20555555555555555
