3 0.9440104166666666 0.8180555555555555 0.11197916666666667 0.27314814814814814
2 0.8234375 0.6263888888888889 0.103125 0.2564814814814815
2 0.78359375 0.5930555555555556 0.06614583333333333 0.2101851851851852
3 0.7247395833333333 0.5953703703703703 0.050520833333333334 0.12037037037037036
1 0.6950520833333333 0.5703703703703704 0.03802083333333333 0.1
3 0.08333333333333333 0.6240740740740741 0.12604166666666666 0.22962962962962963
2 0.26484375 0.5143518518518518 0.09427083333333333 0.22314814814814815
2 0.3151041666666667 0.5050925925925925 0.053125 0.19722222222222222
3 0.3736979166666667 0.5185185185185185 0.0484375 0.1037037037037037
0 0.42734375 0.5120370370370371 0.03802083333333333 0.09074074074074075
