3 0.9684895833333333 0.700462962962963 0.06302083333333333 0.25277777777777777
3 0.478125 0.6055555555555555 0.07604166666666666 0.16296296296296298
0 0.34921875 0.6462962962962963 0.0765625 0.16111111111111112
3 0.09609375 0.899074074074074 0.11302083333333333 0.20185185185185187
3 0.25416666666666665 0.5884259259259259 0.0625 0.13055555555555556
2 0.13411458333333334 0.538425925925926 0.07447916666666667 0.15833333333333333
2 0.08645833333333333 0.5217592592592593 0.04583333333333333 0.125
3 0.05859375 0.5337962962962963 0.03177083333333333 0.075
0 0.05260416666666667 0.5217592592592593 0.03958333333333333 0.0824074074074074
3 0.6651041666666667 0.3675925925925926 0.046875 0.1
1 0.6276041666666666 0.35555555555555557 0.040625 0.08888888888888889
3 0.5013020833333334 0.3768518518518518 0.0390625 0.08518518518518518
2 0.39505208333333336 0.3648148148148148 0.04739583333333333 0.11666666666666667
2 0.3580729166666667 0.3685185185185185 0.0453125 0.11481481481481481
3 0.3028645833333333 0.4023148148148148 0.033854166666666664 0.06944444444444445
1 0.25364583333333335 0.4101851851851852 0.03333333333333333 0.06666666666666667
