3 0.25234375 0.8935185185185185 0.0890625 0.20555555555555555
2 0.24348958333333334 0.7611111111111111 0.10052083333333334 0.25925925925925924
2 0.2830729166666667 0.7041666666666667 0.06614583333333333 0.21388888888888888
3 0.33645833333333336 0.6324074074074074 0.04583333333333333 0.1
1 0.33958333333333335 0.5833333333333334 0.03333333333333333 0.07777777777777778
3 0.38359375 0.5634259259259259 0.0328125 0.0787037037037037
3 0.4078125 0.5064814814814815 0.021875 0.05740740740740741
3 0.3880208333333333 0.4791666666666667 0.017708333333333333 0.04351851851851852
3 0.5765625 0.449537037037037 0.020833333333333332 0.04722222222222222
3 0.6291666666666667 0.47638888888888886 0.022916666666666665 0.062037037037037036
3 0.6583333333333333 0.5194444444444445 0.029166666666666667 0.07777777777777778
0 0.71484375 0.5296296296296297 0.04010416666666667 0.08518518518518518
3 0.7216145833333333 0.5773148148148148 0.0453125 0.10648148148148148
2 0.7890625 0.6319444444444444 0.06875 0.225
2 0.8502604166666666 0.6773148148148148 0.11510416666666666 0.2601851851851852
3 0.9270833333333334 0.8685185185185185 0.11666666666666667 0.23148148148148148
