2 0.11770833333333333 0.6791666666666667 0.042708333333333334 0.1638888888888889
3 0.07864583333333333 0.5560185185185185 0.03229166666666667 0.06759259259259259
2 0.19869791666666667 0.48518518518518516 0.03802083333333333 0.08888888888888889
3 0.2671875 0.5745370370370371 0.03125 0.0712962962962963
3 0.4197916666666667 0.5277777777777778 0.025 0.06111111111111111
3 0.4236979166666667 0.4962962962962963 0.0234375 0.05185185185185185
2 0.4635416666666667 0.4564814814814815 0.028125 0.07592592592592592
2 0.5890625 0.43657407407407406 0.022916666666666665 0.06759259259259259
3 0.69140625 0.45555555555555555 0.021354166666666667 0.046296296296296294
3 0.74375 0.5226851851851851 0.029166666666666667 0.062037037037037036
3 0.8145833333333333 0.40879629629629627 0.03333333333333333 0.06759259259259259
3 0.7955729166666666 0.3384259259259259 0.025520833333333333 0.058333333333333334
3 0.9065104166666667 0.412962962962963 0.03177083333333333 0.06481481481481481
