3 0.6494791666666667 0.7685185185185185 0.11666666666666667 0.25
0 0.48411458333333335 0.7509259259259259 0.10052083333333334 0.2222222222222222
3 0.4390625 0.5995370370370371 0.065625 0.15648148148148147
2 0.36614583333333334 0.49583333333333335 0.0625 0.1787037037037037
2 0.33046875 0.4787037037037037 0.028645833333333332 0.16666666666666666
1 0.9828125 0.3763888888888889 0.034375 0.14166666666666666
3 0.8091145833333333 0.37453703703703706 0.0578125 0.11574074074074074
2 0.6825520833333333 0.33287037037037037 0.059895833333333336 0.14537037037037037
2 0.6411458333333333 0.3314814814814815 0.05 0.13518518518518519
3 0.58515625 0.35833333333333334 0.0359375 0.07962962962962963
1 0.5388020833333333 0.35648148148148145 0.033854166666666664 0.07407407407407407
