2 0.023958333333333335 0.5222222222222223 0.04791666666666667 0.12222222222222222
3 0.10208333333333333 0.6675925925925926 0.04895833333333333 0.10740740740740741
3 0.3255208333333333 0.5657407407407408 0.03229166666666667 0.08518518518518518
3 0.32916666666666666 0.5143518518518518 0.034375 0.06944444444444445
2 0.37994791666666666 0.4532407407407407 0.03697916666666667 0.09351851851851851
2 0.5296875 0.41805555555555557 0.027083333333333334 0.08425925925925926
3 0.6497395833333334 0.4351851851851852 0.025520833333333333 0.05185185185185185
3 0.7354166666666667 0.5300925925925926 0.0375 0.0787037037037037
3 0.83203125 0.38564814814814813 0.0453125 0.08981481481481482
3 0.7888020833333333 0.29444444444444445 0.033854166666666664 0.07592592592592592
3 0.9421875 0.38472222222222224 0.04375 0.08981481481481482
