3 0.03567708333333333 0.5810185185185185 0.034895833333333334 0.0787037037037037
2 0.06510416666666667 0.7467592592592592 0.08229166666666667 0.1935185185185185
2 0.17604166666666668 0.49675925925925923 0.041666666666666664 0.09907407407407408
3 0.24557291666666667 0.6069444444444444 0.034895833333333334 0.08055555555555556
3 0.4171875 0.5518518518518518 0.027083333333333334 0.06851851851851852
3 0.42135416666666664 0.5143518518518518 0.028125 0.058333333333333334
2 0.46484375 0.4675925925925926 0.030729166666666665 0.08148148148148149
2 0.5989583333333334 0.4476851851851852 0.022916666666666665 0.07314814814814814
3 0.7088541666666667 0.4703703703703704 0.022916666666666665 0.04814814814814815
3 0.771875 0.5523148148148148 0.03333333333333333 0.06759259259259259
3 0.85703125 0.42824074074074076 0.03802083333333333 0.0787037037037037
3 0.9604166666666667 0.43425925925925923 0.0375 0.07777777777777778
3 0.8307291666666666 0.3476851851851852 0.028125 0.06574074074074074
