3 0.96171875 0.287962962962963 0.04739583333333333 0.09814814814814815
3 0.6299479166666667 0.6462962962962963 0.07864583333333333 0.19444444444444445
3 0.6671875 0.37453703703703706 0.041666666666666664 0.10277777777777777
3 0.18229166666666666 0.6916666666666667 0.084375 0.17037037037037037
3 0.36380208333333336 0.43657407407407406 0.0421875 0.09537037037037037
1 0.3268229166666667 0.42916666666666664 0.04010416666666667 0.08796296296296297
3 0.19479166666666667 0.46435185185185185 0.04479166666666667 0.09166666666666666
0 0.03802083333333333 0.775 0.07604166666666666 0.18333333333333332
2 0.06484375 0.4689814814814815 0.06302083333333333 0.13796296296296295
2 0.021354166666666667 0.4773148148148148 0.042708333333333334 0.13240740740740742
