3 0.55625 0.7060185185185185 0.103125 0.2212962962962963
0 0.40130208333333334 0.7175925925925926 0.09739583333333333 0.2037037037037037
3 0.33619791666666665 0.5902777777777778 0.06822916666666666 0.14907407407407408
2 0.24583333333333332 0.500462962962963 0.06666666666666667 0.18055555555555555
2 0.20651041666666667 0.48657407407407405 0.03802083333333333 0.16944444444444445
3 0.19166666666666668 0.4777777777777778 0.017708333333333333 0.09259259259259259
3 0.8669270833333333 0.3958333333333333 0.0671875 0.1361111111111111
1 0.8197916666666667 0.36898148148148147 0.058333333333333334 0.1175925925925926
3 0.6614583333333334 0.36944444444444446 0.04791666666666667 0.1037037037037037
2 0.5458333333333333 0.33796296296296297 0.05520833333333333 0.13703703703703704
2 0.50703125 0.33611111111111114 0.0453125 0.12777777777777777
3 0.45286458333333335 0.36342592592592593 0.034895833333333334 0.07685185185185185
1 0.40546875 0.362962962962963 0.0328125 0.07222222222222222
