2 0.13671875 0.8773148148148148 0.1078125 0.24537037037037038
3 0.23098958333333333 0.763425925925926 0.0640625 0.14351851851851852
1 0.24401041666666667 0.6810185185185185 0.04010416666666667 0.10462962962962963
3 0.2981770833333333 0.6458333333333334 0.04010416666666667 0.09907407407407408
3 0.3302083333333333 0.5625 0.028125 0.0712962962962963
3 0.3106770833333333 0.5273148148148148 0.022395833333333334 0.05277777777777778
3 0.51953125 0.4791666666666667 0.0234375 0.05277777777777778
3 0.5809895833333333 0.5097222222222222 0.0265625 0.06944444444444445
3 0.625 0.5648148148148148 0.042708333333333334 0.09259259259259259
0 0.6846354166666667 0.575462962962963 0.0359375 0.10462962962962963
3 0.7140625 0.6430555555555556 0.06041666666666667 0.13425925925925927
3 0.7434895833333334 0.4263888888888889 0.022395833333333334 0.05648148148148148
2 0.83515625 0.7379629629629629 0.10677083333333333 0.31296296296296294
2 0.9247395833333333 0.8171296296296297 0.15052083333333333 0.36574074074074076
