1 0.46002906976744184 0.13043478260869565 0.005329457364341085 0.03260869565217391
1 0.4878875968992248 0.13496376811594202 0.005813953488372093 0.030797101449275364
1 0.5198643410852714 0.13677536231884058 0.005813953488372093 0.034420289855072464
0 0.7989341085271318 0.151268115942029 0.006782945736434108 0.03804347826086957
0 0.4249031007751938 0.1585144927536232 0.006782945736434108 0.041666666666666664
1 0.5501453488372093 0.1585144927536232 0.008236434108527133 0.04528985507246377
1 0.565406976744186 0.18931159420289856 0.01065891472868217 0.05615942028985507
1 0.7088178294573644 0.16485507246376813 0.00872093023255814 0.04710144927536232
0 0.8204941860465116 0.16666666666666666 0.008236434108527133 0.043478260869565216
0 0.41472868217054265 0.18931159420289856 0.009689922480620155 0.05253623188405797
1 0.780765503875969 0.18931159420289856 0.01308139534883721 0.059782608695652176
0 0.3873546511627907 0.2346014492753623 0.015019379844961241 0.07065217391304347
1 0.5869670542635659 0.2346014492753623 0.015019379844961241 0.07789855072463768
1 0.9040697674418605 0.2246376811594203 0.01744186046511628 0.07608695652173914
2 0.3544089147286822 0.25815217391304346 0.0188953488372093 0.1322463768115942
1 0.6526162790697675 0.3423913043478261 0.025193798449612403 0.12681159420289856
0 0.3069282945736434 0.365036231884058 0.028585271317829456 0.1286231884057971
0 0.8907461240310077 0.19021739130434784 0.011143410852713179 0.05434782608695652
2 0.34205426356589147 0.27355072463768115 0.027131782945736434 0.16304347826086957
2 0.6107073643410853 0.23550724637681159 0.015988372093023256 0.14130434782608695
2 0.6242732558139535 0.24818840579710144 0.02180232558139535 0.14855072463768115
0 0.35780038759689925 0.14221014492753623 0.006298449612403101 0.034420289855072464
0 0.3425387596899225 0.1358695652173913 0.005813953488372093 0.03260869565217391
1 0.43968023255813954 0.1286231884057971 0.005329457364341085 0.028985507246376812
1 0.42054263565891475 0.125 0.0048449612403100775 0.028985507246376812
1 0.4161821705426357 0.1213768115942029 0.003875968992248062 0.025362318840579712
1 0.4304748062015504 0.1105072463768116 0.003391472868217054 0.025362318840579712
1 0.437015503875969 0.10778985507246377 0.003875968992248062 0.019927536231884056
1 0.6925872093023255 0.14764492753623187 0.007267441860465116 0.041666666666666664
1 0.6954941860465116 0.13768115942028986 0.006298449612403101 0.03985507246376811
1 0.7112403100775194 0.13134057971014493 0.0048449612403100775 0.030797101449275364
1 0.7286821705426356 0.1286231884057971 0.005813953488372093 0.03260869565217391
1 0.7335271317829457 0.12409420289855072 0.0048449612403100775 0.02717391304347826
0 0.812984496124031 0.1431159420289855 0.005813953488372093 0.036231884057971016
0 0.7928779069767442 0.12771739130434784 0.005329457364341085 0.030797101449275364
