1 0.592296511627907 0.10960144927536232 0.00436046511627907 0.02717391304347826
1 0.6647286821705426 0.11594202898550725 0.005813953488372093 0.028985507246376812
1 0.747577519379845 0.11413043478260869 0.0048449612403100775 0.025362318840579712
1 0.7776162790697675 0.12318840579710146 0.0048449612403100775 0.028985507246376812
0 0.5523255813953488 0.15579710144927536 0.006782945736434108 0.03985507246376811
1 0.6981589147286822 0.14221014492753623 0.007751937984496124 0.03804347826086957
1 0.7039728682170543 0.12952898550724637 0.006782945736434108 0.034420289855072464
1 0.8234011627906976 0.13405797101449277 0.006298449612403101 0.036231884057971016
0 0.9585755813953488 0.14945652173913043 0.007267441860465116 0.034420289855072464
0 0.5109011627906976 0.16757246376811594 0.009205426356589148 0.04528985507246377
1 0.6288759689922481 0.17391304347826086 0.009689922480620155 0.05434782608695652
1 0.6715116279069767 0.1585144927536232 0.007751937984496124 0.04528985507246377
1 0.9377422480620154 0.15942028985507245 0.010174418604651164 0.050724637681159424
0 0.47141472868217055 0.2028985507246377 0.011627906976744186 0.057971014492753624
1 0.5959302325581395 0.19927536231884058 0.012596899224806201 0.06159420289855073
1 0.625484496124031 0.23369565217391305 0.016472868217054265 0.08333333333333333
0 0.4382267441860465 0.28351449275362317 0.0188953488372093 0.09239130434782608
0 0.24224806201550386 0.8034420289855072 0.0562015503875969 0.3496376811594203
1 0.6947674418604651 0.1213768115942029 0.0048449612403100775 0.03260869565217391
1 0.719234496124031 0.10778985507246377 0.005329457364341085 0.02355072463768116
0 0.876937984496124 0.13134057971014493 0.006782945736434108 0.034420289855072464
0 0.8277616279069767 0.1213768115942029 0.005329457364341085 0.028985507246376812
0 0.7880329457364341 0.11231884057971014 0.00436046511627907 0.025362318840579712
0 0.7560562015503876 0.10507246376811594 0.003391472868217054 0.021739130434782608
0 0.6007751937984496 0.1403985507246377 0.007751937984496124 0.03804347826086957
0 0.6114341085271318 0.12952898550724637 0.006782945736434108 0.034420289855072464
0 0.5959302325581395 0.125 0.0048449612403100775 0.025362318840579712
1 0.6317829457364341 0.11141304347826086 0.005813953488372093 0.030797101449275364
1 0.562015503875969 0.10778985507246377 0.0048449612403100775 0.02355072463768116
1 0.5479651162790697 0.10507246376811594 0.003875968992248062 0.021739130434782608
0 0.5562015503875969 0.12228260869565218 0.0048449612403100775 0.02717391304347826
0 0.5227713178294574 0.11865942028985507 0.0048449612403100775 0.02717391304347826
2 0.7291666666666666 0.10416666666666667 0.0048449612403100775 0.03804347826086957
2 0.7342538759689923 0.10507246376811594 0.005329457364341085 0.03985507246376811
2 0.8023255813953488 0.10869565217391304 0.006782945736434108 0.03985507246376811
2 0.810562015503876 0.1105072463768116 0.006782945736434108 0.043478260869565216
1 0.7022771317829457 0.3759057971014493 0.02567829457364341 0.1503623188405797
