1 0.5792151162790697 0.12228260869565218 0.005329457364341085 0.034420289855072464
0 0.8217054263565892 0.11594202898550725 0.006782945736434108 0.036231884057971016
0 0.5295542635658915 0.13768115942028986 0.006782945736434108 0.03260869565217391
0 0.5748546511627907 0.14402173913043478 0.006298449612403101 0.034420289855072464
1 0.6196705426356589 0.12771739130434784 0.005813953488372093 0.034420289855072464
0 0.6320251937984496 0.1503623188405797 0.007267441860465116 0.036231884057971016
1 0.6756298449612403 0.13134057971014493 0.008236434108527133 0.03804347826086957
1 0.7252906976744186 0.13858695652173914 0.007751937984496124 0.041666666666666664
1 0.779312015503876 0.1539855072463768 0.009205426356589148 0.04710144927536232
1 0.8323643410852714 0.13677536231884058 0.006782945736434108 0.03804347826086957
1 0.8909883720930233 0.14855072463768115 0.011627906976744186 0.057971014492753624
0 0.9462209302325582 0.14673913043478262 0.009689922480620155 0.04710144927536232
0 0.659156976744186 0.16576086956521738 0.009205426356589148 0.04891304347826087
1 0.8066860465116279 0.1693840579710145 0.012596899224806201 0.05615942028985507
1 0.9900678294573644 0.17481884057971014 0.015019379844961241 0.05615942028985507
0 0.6504360465116279 0.18931159420289856 0.012112403100775194 0.059782608695652176
1 0.8209786821705426 0.20108695652173914 0.015988372093023256 0.07246376811594203
0 0.5784883720930233 0.2210144927536232 0.016472868217054265 0.07608695652173914
1 0.7962693798449613 0.2391304347826087 0.0188953488372093 0.08333333333333333
0 0.5101744186046512 0.2536231884057971 0.018410852713178296 0.08333333333333333
1 0.7422480620155039 0.2916666666666667 0.02422480620155039 0.10869565217391304
0 0.42005813953488375 0.3795289855072464 0.035852713178294575 0.17572463768115942
1 0.7085755813953488 0.401268115942029 0.036337209302325583 0.1539855072463768
1 0.937984496124031 0.7807971014492754 0.09011627906976744 0.358695652173913
0 0.8757267441860465 0.12952898550724637 0.006298449612403101 0.034420289855072464
2 0.9140019379844961 0.12952898550724637 0.010174418604651164 0.05615942028985507
2 0.9011627906976745 0.12681159420289856 0.007751937984496124 0.050724637681159424
2 0.809593023255814 0.12047101449275362 0.007751937984496124 0.05253623188405797
2 0.8023255813953488 0.11956521739130435 0.006782945736434108 0.050724637681159424
1 0.560077519379845 0.11775362318840579 0.005813953488372093 0.028985507246376812
