1 0.7599321705426356 0.6268115942028986 0.050872093023255814 0.2572463768115942
1 0.6814437984496124 0.39855072463768115 0.029554263565891473 0.14855072463768115
1 0.6511627906976745 0.3134057971014493 0.023255813953488372 0.11231884057971014
1 0.6174903100775194 0.2608695652173913 0.01695736434108527 0.08695652173913043
1 0.5867248062015504 0.223731884057971 0.015503875968992248 0.07427536231884058
1 0.5373062015503876 0.2056159420289855 0.013565891472868217 0.06340579710144928
1 0.47771317829457366 0.1983695652173913 0.01065891472868217 0.059782608695652176
1 0.40455426356589147 0.18931159420289856 0.009689922480620155 0.05253623188405797
1 0.3563468992248062 0.18931159420289856 0.009205426356589148 0.05253623188405797
1 0.3132267441860465 0.18659420289855072 0.009205426356589148 0.050724637681159424
0 0.33987403100775193 0.14583333333333334 0.007267441860465116 0.03804347826086957
1 0.27858527131782945 0.1802536231884058 0.00872093023255814 0.04528985507246377
1 0.24055232558139536 0.1793478260869565 0.010174418604651164 0.043478260869565216
1 0.18653100775193798 0.1793478260869565 0.01065891472868217 0.03985507246376811
1 0.12039728682170543 0.18840579710144928 0.011143410852713179 0.043478260869565216
1 0.02252906976744186 0.20199275362318841 0.012112403100775194 0.04891304347826087
0 0.008963178294573644 0.24003623188405798 0.01695736434108527 0.059782608695652176
0 0.09835271317829457 0.22554347826086957 0.013565891472868217 0.05615942028985507
0 0.1615794573643411 0.22010869565217392 0.011143410852713179 0.059782608695652176
0 0.19573643410852712 0.22735507246376813 0.013565891472868217 0.05615942028985507
0 0.2553294573643411 0.23731884057971014 0.015503875968992248 0.06521739130434782
0 0.3173449612403101 0.2536231884057971 0.014534883720930232 0.07608695652173914
0 0.3534399224806202 0.27898550724637683 0.017926356589147287 0.09057971014492754
0 0.32170542635658916 0.3532608695652174 0.022286821705426358 0.11594202898550725
0 0.24200581395348839 0.45742753623188404 0.03827519379844961 0.16485507246376813
0 0.03246124031007752 0.7472826086956522 0.06492248062015504 0.3061594202898551
