1 0.9207848837209303 0.842391304347826 0.08672480620155039 0.31521739130434784
1 0.8195251937984496 0.3605072463768116 0.03246124031007752 0.14855072463768115
1 0.809593023255814 0.2563405797101449 0.016472868217054265 0.08876811594202899
2 0.8062015503875969 0.19927536231884058 0.020348837209302327 0.11594202898550725
2 0.6061046511627907 0.17481884057971014 0.011627906976744186 0.09239130434782608
2 0.6121608527131783 0.17119565217391305 0.011143410852713179 0.08152173913043478
0 0.5995639534883721 0.2056159420289855 0.012112403100775194 0.06702898550724638
0 0.5351259689922481 0.2509057971014493 0.01695736434108527 0.08514492753623189
0 0.4876453488372093 0.2980072463768116 0.01986434108527132 0.09601449275362318
0 0.3800872093023256 0.38858695652173914 0.027616279069767442 0.1286231884057971
0 0.19452519379844962 0.5543478260869565 0.04796511627906977 0.21014492753623187
1 0.09084302325581395 0.27717391304347827 0.015988372093023256 0.06521739130434782
0 0.16666666666666666 0.29981884057971014 0.02131782945736434 0.08876811594202899
1 0.20857558139534885 0.2418478260869565 0.012112403100775194 0.05615942028985507
1 0.2819767441860465 0.21467391304347827 0.009689922480620155 0.04891304347826087
1 0.29796511627906974 0.19655797101449277 0.00872093023255814 0.04528985507246377
0 0.3064437984496124 0.25271739130434784 0.014050387596899225 0.07065217391304347
1 0.32703488372093026 0.1802536231884058 0.006782945736434108 0.03804347826086957
1 0.3481104651162791 0.16847826086956522 0.005329457364341085 0.03260869565217391
1 0.37112403100775193 0.15942028985507245 0.005813953488372093 0.03260869565217391
0 0.39195736434108525 0.21014492753623187 0.009689922480620155 0.057971014492753624
1 0.4016472868217054 0.151268115942029 0.0048449612403100775 0.02717391304347826
0 0.4173934108527132 0.18568840579710144 0.008236434108527133 0.04528985507246377
0 0.42005813953488375 0.17119565217391305 0.005813953488372093 0.03804347826086957
0 0.4251453488372093 0.161231884057971 0.005329457364341085 0.03260869565217391
0 0.6310562015503876 0.17119565217391305 0.010174418604651164 0.05253623188405797
0 0.6593992248062015 0.14492753623188406 0.00872093023255814 0.03985507246376811
0 0.6908914728682171 0.12318840579710146 0.005813953488372093 0.03260869565217391
1 0.4738372093023256 0.13496376811594202 0.003875968992248062 0.02355072463768116
0 0.4694767441860465 0.14402173913043478 0.0048449612403100775 0.02717391304347826
0 0.4387112403100775 0.1539855072463768 0.00436046511627907 0.028985507246376812
