1 0.7599321705426356 0.5987318840579711 0.05571705426356589 0.2554347826086957
1 0.6039244186046512 0.35778985507246375 0.028585271317829456 0.1322463768115942
1 0.5065406976744186 0.2826086956521739 0.020833333333333332 0.10144927536231885
1 0.42005813953488375 0.23822463768115942 0.015503875968992248 0.07789855072463768
1 0.35683139534883723 0.20380434782608695 0.011143410852713179 0.059782608695652176
1 0.38396317829457366 0.17119565217391305 0.008236434108527133 0.04528985507246377
1 0.40358527131782945 0.15307971014492755 0.005813953488372093 0.034420289855072464
2 0.4125484496124031 0.1331521739130435 0.007267441860465116 0.05615942028985507
2 0.4169089147286822 0.1322463768115942 0.005329457364341085 0.050724637681159424
1 0.42054263565891475 0.13405797101449277 0.0048449612403100775 0.03260869565217391
1 0.4314437984496124 0.12409420289855072 0.00436046511627907 0.02355072463768116
1 0.4440406976744186 0.1105072463768116 0.003391472868217054 0.021739130434782608
1 0.4498546511627907 0.10326086956521739 0.003391472868217054 0.018115942028985508
0 0.19937015503875968 0.6105072463768116 0.060562015503875966 0.2427536231884058
0 0.17030038759689922 0.447463768115942 0.03924418604651163 0.15942028985507245
0 0.14656007751937986 0.3759057971014493 0.030523255813953487 0.125
0 0.11555232558139535 0.32155797101449274 0.024709302325581394 0.09601449275362318
0 0.10876937984496124 0.27445652173913043 0.01695736434108527 0.07789855072463768
0 0.14752906976744187 0.23822463768115942 0.01695736434108527 0.06702898550724638
0 0.20276162790697674 0.20923913043478262 0.015019379844961241 0.059782608695652176
0 0.24757751937984496 0.1875 0.009689922480620155 0.04528985507246377
0 0.27180232558139533 0.17300724637681159 0.009689922480620155 0.041666666666666664
0 0.3112887596899225 0.15670289855072464 0.006298449612403101 0.030797101449275364
2 0.3166182170542636 0.13858695652173914 0.007267441860465116 0.05253623188405797
2 0.32097868217054265 0.1403985507246377 0.007267441860465116 0.04891304347826087
0 0.33430232558139533 0.14221014492753623 0.005813953488372093 0.02717391304347826
0 0.35804263565891475 0.12681159420289856 0.005813953488372093 0.025362318840579712
1 0.015503875968992248 0.2056159420289855 0.00872093023255814 0.03804347826086957
1 0.00993217054263566 0.19927536231884058 0.005329457364341085 0.03985507246376811
1 0.030281007751937983 0.1911231884057971 0.007267441860465116 0.030797101449275364
0 0.0935077519379845 0.20108695652173914 0.009689922480620155 0.043478260869565216
0 0.15188953488372092 0.17753623188405798 0.009205426356589148 0.03985507246376811
0 0.1623062015503876 0.16485507246376813 0.006782945736434108 0.036231884057971016
