0 0.6937984496124031 0.2346014492753623 0.015503875968992248 0.07065217391304347
0 0.8059593023255814 0.22644927536231885 0.015019379844961241 0.07246376811594203
0 0.9193313953488372 0.22282608695652173 0.01695736434108527 0.06521739130434782
0 0.6177325581395349 0.2572463768115942 0.015503875968992248 0.08695652173913043
0 0.5256782945736435 0.29981884057971014 0.02131782945736434 0.1068840579710145
0 0.40843023255813954 0.39855072463768115 0.029069767441860465 0.15579710144927536
1 0.9699612403100775 0.39945652173913043 0.041666666666666664 0.15760869565217392
1 0.9098837209302325 0.5054347826086957 0.046511627906976744 0.20652173913043478
0 0.12451550387596899 0.8052536231884058 0.07364341085271318 0.3677536231884058
1 0.9205426356589147 0.7780797101449275 0.07170542635658915 0.34601449275362317
