0 0.13977713178294573 0.6884057971014492 0.06346899224806202 0.27898550724637683
0 0.11046511627906977 0.33967391304347827 0.02810077519379845 0.1105072463768116
1 0.10586240310077519 0.26811594202898553 0.015019379844961241 0.07246376811594203
1 0.14244186046511628 0.23822463768115942 0.012596899224806201 0.05615942028985507
1 0.19404069767441862 0.20923913043478262 0.009205426356589148 0.04528985507246377
1 0.22795542635658914 0.19202898550724637 0.009205426356589148 0.03985507246376811
0 0.26283914728682173 0.2563405797101449 0.015019379844961241 0.07065217391304347
1 0.2599321705426357 0.1793478260869565 0.007267441860465116 0.036231884057971016
0 0.3064437984496124 0.21557971014492755 0.011143410852713179 0.057971014492753624
0 0.31516472868217055 0.19293478260869565 0.008236434108527133 0.04528985507246377
1 0.2999031007751938 0.16576086956521738 0.005813953488372093 0.030797101449275364
0 0.3241279069767442 0.17844202898550723 0.006782945736434108 0.03804347826086957
0 0.37330426356589147 0.41032608695652173 0.03439922480620155 0.15760869565217392
0 0.4476744186046512 0.3170289855072464 0.02616279069767442 0.10869565217391304
0 0.5281007751937985 0.23731884057971014 0.015503875968992248 0.07608695652173914
2 0.5351259689922481 0.19655797101449277 0.014050387596899225 0.1068840579710145
2 0.5423934108527132 0.19293478260869565 0.01308139534883721 0.09963768115942029
0 0.562015503875969 0.18840579710144928 0.012596899224806201 0.057971014492753624
0 0.5893895348837209 0.15489130434782608 0.008236434108527133 0.041666666666666664
0 0.6174903100775194 0.12681159420289856 0.006298449612403101 0.03260869565217391
1 0.8393895348837209 0.4990942028985507 0.04215116279069767 0.20833333333333334
1 0.7756782945736435 0.2980072463768116 0.02422480620155039 0.1105072463768116
2 0.7572674418604651 0.21920289855072464 0.02131782945736434 0.13043478260869565
2 0.747577519379845 0.20923913043478262 0.013565891472868217 0.11413043478260869
1 0.7378875968992248 0.20471014492753623 0.012596899224806201 0.06884057971014493
1 0.7260174418604651 0.161231884057971 0.010174418604651164 0.050724637681159424
1 0.7156007751937985 0.125 0.006782945736434108 0.036231884057971016
