0 0.09859496124031007 0.7490942028985508 0.07703488372093023 0.3061594202898551
0 0.30886627906976744 0.365036231884058 0.024709302325581394 0.1286231884057971
0 0.3907461240310077 0.25271739130434784 0.014050387596899225 0.07789855072463768
0 0.42054263565891475 0.2056159420289855 0.01065891472868217 0.059782608695652176
0 0.39244186046511625 0.18478260869565216 0.009689922480620155 0.050724637681159424
0 0.36749031007751937 0.18206521739130435 0.008236434108527133 0.04891304347826087
0 0.3246124031007752 0.1875 0.00872093023255814 0.04528985507246377
0 0.28391472868217055 0.1956521739130435 0.01065891472868217 0.05434782608695652
0 0.2446705426356589 0.2128623188405797 0.011627906976744186 0.05615942028985507
0 0.20469961240310078 0.2391304347826087 0.014050387596899225 0.06521739130434782
0 0.14123062015503876 0.28532608695652173 0.017926356589147287 0.07789855072463768
0 0.04215116279069767 0.348731884057971 0.025193798449612403 0.1105072463768116
1 0.06831395348837209 0.259963768115942 0.015503875968992248 0.06340579710144928
1 0.15746124031007752 0.21829710144927536 0.011627906976744186 0.05253623188405797
1 0.2308624031007752 0.1875 0.009205426356589148 0.04528985507246377
1 0.30377906976744184 0.16485507246376813 0.006782945736434108 0.03985507246376811
1 0.35683139534883723 0.15489130434782608 0.007267441860465116 0.03804347826086957
1 0.41545542635658916 0.14945652173913043 0.006298449612403101 0.034420289855072464
1 0.4646317829457364 0.14673913043478262 0.006782945736434108 0.036231884057971016
1 0.5109011627906976 0.1503623188405797 0.007267441860465116 0.03985507246376811
1 0.5402131782945736 0.16394927536231885 0.007751937984496124 0.04891304347826087
1 0.5598352713178295 0.1911231884057971 0.010174418604651164 0.059782608695652176
1 0.5777616279069767 0.23097826086956522 0.012112403100775194 0.07427536231884058
1 0.6233042635658915 0.33967391304347827 0.022771317829457363 0.125
1 0.7718023255813954 0.7119565217391305 0.07073643410852713 0.3115942028985507
