0 0.8175872093023255 0.1105072463768116 0.005329457364341085 0.028985507246376812
0 0.7667151162790697 0.1431159420289855 0.009205426356589148 0.050724637681159424
1 0.9292635658914729 0.1431159420289855 0.007751937984496124 0.03985507246376811
0 0.7298934108527132 0.1621376811594203 0.015019379844961241 0.04891304347826087
1 0.9328972868217055 0.1721014492753623 0.01308139534883721 0.050724637681159424
0 0.6773255813953488 0.19927536231884058 0.014534883720930232 0.06521739130434782
0 0.6097383720930233 0.24094202898550723 0.017926356589147287 0.08695652173913043
1 0.9447674418604651 0.2164855072463768 0.014534883720930232 0.07065217391304347
0 0.5169573643410853 0.3125 0.020348837209302327 0.11775362318840579
0 0.3389050387596899 0.4746376811594203 0.03924418604651163 0.18478260869565216
1 0.9680232558139535 0.4927536231884058 0.046511627906976744 0.2028985507246377
0 0.7926356589147286 0.12771739130434784 0.007751937984496124 0.034420289855072464
1 0.9532461240310077 0.28532608695652173 0.02567829457364341 0.10326086956521739
