1 0.23837209302325582 0.1539855072463768 0.006782945736434108 0.03260869565217391
1 0.279796511627907 0.13496376811594202 0.005329457364341085 0.030797101449275364
1 0.3866279069767442 0.13405797101449277 0.0048449612403100775 0.028985507246376812
1 0.42877906976744184 0.14492753623188406 0.003875968992248062 0.028985507246376812
0 0.5588662790697675 0.1503623188405797 0.005329457364341085 0.03260869565217391
1 0.16351744186046513 0.18297101449275363 0.008236434108527133 0.043478260869565216
1 0.19161821705426357 0.17119565217391305 0.008236434108527133 0.03804347826086957
1 0.48231589147286824 0.1585144927536232 0.006298449612403101 0.034420289855072464
1 0.5392441860465116 0.1721014492753623 0.01065891472868217 0.03985507246376811
0 0.622093023255814 0.16485507246376813 0.005813953488372093 0.03985507246376811
0 0.6998546511627907 0.1802536231884058 0.010174418604651164 0.04528985507246377
1 0.11773255813953488 0.21105072463768115 0.012596899224806201 0.04891304347826087
1 0.14534883720930233 0.1911231884057971 0.009689922480620155 0.04528985507246377
1 0.3490794573643411 0.213768115942029 0.012112403100775194 0.06159420289855073
1 0.6058624031007752 0.18840579710144928 0.010174418604651164 0.04710144927536232
0 0.8209786821705426 0.20108695652173914 0.012112403100775194 0.050724637681159424
0 0.9549418604651163 0.2128623188405797 0.011627906976744186 0.05253623188405797
1 0.1560077519379845 0.21829710144927536 0.016472868217054265 0.05615942028985507
1 0.24321705426356588 0.21739130434782608 0.014534883720930232 0.06521739130434782
1 0.4312015503875969 0.21829710144927536 0.013565891472868217 0.06702898550724638
1 0.5225290697674418 0.24456521739130435 0.020833333333333332 0.08333333333333333
1 0.9641472868217055 0.2726449275362319 0.022286821705426358 0.08876811594202899
0 0.24757751937984496 0.31068840579710144 0.02422480620155039 0.09601449275362318
1 0.591327519379845 0.29257246376811596 0.017926356589147287 0.1068840579710145
0 0.0872093023255814 0.3269927536231884 0.025193798449612403 0.09963768115942029
0 0.3064437984496124 0.3759057971014493 0.027616279069767442 0.1322463768115942
1 0.7071220930232558 0.45108695652173914 0.03439922480620155 0.18115942028985507
0 0.25242248062015504 0.6186594202898551 0.06201550387596899 0.25181159420289856
1 0.7170542635658915 0.21829710144927536 0.013565891472868217 0.06702898550724638
2 0.5811531007751938 0.14583333333333334 0.008236434108527133 0.05615942028985507
2 0.592781007751938 0.14764492753623187 0.008236434108527133 0.05615942028985507
2 0.5140503875968992 0.15579710144927536 0.009689922480620155 0.06884057971014493
2 0.5058139534883721 0.1539855072463768 0.007751937984496124 0.06521739130434782
0 0.45082364341085274 0.12952898550724637 0.00436046511627907 0.02717391304347826
1 0.26356589147286824 0.14583333333333334 0.005813953488372093 0.030797101449275364
0 0.03948643410852713 0.19655797101449277 0.010174418604651164 0.04528985507246377
0 0.12427325581395349 0.1721014492753623 0.008236434108527133 0.036231884057971016
0 0.17926356589147288 0.15670289855072464 0.006782945736434108 0.030797101449275364
0 0.19840116279069767 0.14583333333333334 0.005329457364341085 0.030797101449275364
