1 0.5838178294573644 0.12590579710144928 0.005813953488372093 0.030797101449275364
0 0.5237403100775194 0.12681159420289856 0.005813953488372093 0.03260869565217391
1 0.5976259689922481 0.151268115942029 0.006298449612403101 0.04528985507246377
1 0.8326065891472868 0.13043478260869565 0.007267441860465116 0.036231884057971016
1 0.9232073643410853 0.14764492753623187 0.008236434108527133 0.041666666666666664
0 0.4987887596899225 0.17753623188405798 0.011143410852713179 0.050724637681159424
1 0.6080426356589147 0.17572463768115942 0.011627906976744186 0.057971014492753624
0 0.47771317829457366 0.2128623188405797 0.011627906976744186 0.06702898550724638
1 0.6300872093023255 0.2164855072463768 0.015019379844961241 0.07427536231884058
0 0.4328972868217054 0.29981884057971014 0.020833333333333332 0.1068840579710145
1 0.6712693798449613 0.3052536231884058 0.02374031007751938 0.11413043478260869
0 0.31637596899224807 0.5126811594202898 0.044573643410852716 0.19927536231884058
1 0.8284883720930233 0.6340579710144928 0.05910852713178295 0.286231884057971
0 0.5152616279069767 0.14221014492753623 0.006298449612403101 0.034420289855072464
0 0.5433624031007752 0.11956521739130435 0.005329457364341085 0.025362318840579712
0 0.5671027131782945 0.11594202898550725 0.005329457364341085 0.025362318840579712
1 0.5910852713178295 0.13405797101449277 0.005813953488372093 0.03260869565217391
1 0.7890019379844961 0.12318840579710146 0.006298449612403101 0.028985507246376812
1 0.7432170542635659 0.11141304347826086 0.005813953488372093 0.02717391304347826
1 0.7238372093023255 0.10960144927536232 0.005813953488372093 0.02355072463768116
0 0.7301356589147286 0.10326086956521739 0.0048449612403100775 0.018115942028985508
1 0.7102713178294574 0.10235507246376811 0.005813953488372093 0.02355072463768116
1 0.9837693798449613 0.15489130434782608 0.010174418604651164 0.03804347826086957
0 0.8965600775193798 0.1358695652173913 0.007267441860465116 0.03260869565217391
0 0.9568798449612403 0.1431159420289855 0.00872093023255814 0.03260869565217391
