1 0.6468023255813954 0.11503623188405797 0.0048449612403100775 0.030797101449275364
0 0.49806201550387597 0.15217391304347827 0.007751937984496124 0.043478260869565216
0 0.5077519379844961 0.13405797101449277 0.006782945736434108 0.03260869565217391
1 0.5734011627906976 0.13405797101449277 0.006298449612403101 0.036231884057971016
1 0.5826065891472868 0.1431159420289855 0.007267441860465116 0.03985507246376811
1 0.8362403100775194 0.13405797101449277 0.007751937984496124 0.03985507246376811
1 0.8878391472868217 0.14130434782608695 0.009205426356589148 0.04710144927536232
1 0.9362887596899225 0.151268115942029 0.009205426356589148 0.05253623188405797
1 0.593265503875969 0.16485507246376813 0.008236434108527133 0.050724637681159424
0 0.4786821705426357 0.1947463768115942 0.012596899224806201 0.05615942028985507
1 0.6078003875968992 0.19746376811594202 0.012112403100775194 0.06521739130434782
0 0.4500968992248062 0.26268115942028986 0.015503875968992248 0.08695652173913043
1 0.6417151162790697 0.25905797101449274 0.01986434108527132 0.09057971014492754
0 0.3737887596899225 0.41847826086956524 0.03439922480620155 0.16304347826086957
1 0.7284399224806202 0.42844202898550726 0.041182170542635656 0.16847826086956522
0 0.528827519379845 0.125 0.006298449612403101 0.028985507246376812
0 0.5542635658914729 0.11956521739130435 0.005813953488372093 0.025362318840579712
1 0.625484496124031 0.11956521739130435 0.006782945736434108 0.03260869565217391
1 0.596172480620155 0.12771739130434784 0.006298449612403101 0.030797101449275364
1 0.656734496124031 0.10960144927536232 0.005329457364341085 0.02717391304347826
0 0.966327519379845 0.15217391304347827 0.007267441860465116 0.043478260869565216
0 0.9004360465116279 0.13949275362318841 0.008236434108527133 0.036231884057971016
0 0.8238856589147286 0.1286231884057971 0.005329457364341085 0.028985507246376812
2 0.7516957364341085 0.10416666666666667 0.005329457364341085 0.030797101449275364
2 0.747577519379845 0.10326086956521739 0.0048449612403100775 0.028985507246376812
2 0.6947674418604651 0.09873188405797101 0.003875968992248062 0.030797101449275364
1 0.7388565891472868 0.11503623188405797 0.005813953488372093 0.02717391304347826
1 0.717781007751938 0.1105072463768116 0.005329457364341085 0.021739130434782608
1 0.7027616279069767 0.10507246376811594 0.00436046511627907 0.021739130434782608
