1 0.9493701550387597 0.7228260869565217 0.06831395348837209 0.32971014492753625
1 0.6627906976744186 0.46648550724637683 0.03875968992248062 0.1793478260869565
1 0.49152131782945735 0.3432971014492754 0.024709302325581394 0.1213768115942029
0 0.4498546511627907 0.18931159420289856 0.010174418604651164 0.059782608695652176
1 0.42151162790697677 0.29528985507246375 0.01744186046511628 0.09782608695652174
1 0.37160852713178294 0.26992753623188404 0.016472868217054265 0.08333333333333333
1 0.34084302325581395 0.24728260869565216 0.014050387596899225 0.07427536231884058
1 0.31007751937984496 0.2318840579710145 0.014534883720930232 0.06159420289855073
1 0.26623062015503873 0.21920289855072464 0.01308139534883721 0.057971014492753624
1 0.20760658914728683 0.223731884057971 0.01308139534883721 0.059782608695652176
1 0.12596899224806202 0.23007246376811594 0.013565891472868217 0.050724637681159424
0 0.07848837209302326 0.7509057971014492 0.07751937984496124 0.28804347826086957
0 0.125484496124031 0.48097826086956524 0.03488372093023256 0.16847826086956522
0 0.14074612403100775 0.35778985507246375 0.01695736434108527 0.10326086956521739
0 0.13250968992248063 0.3233695652173913 0.014050387596899225 0.09601449275362318
0 0.09593023255813954 0.30434782608695654 0.01937984496124031 0.07971014492753623
0 0.013565891472868217 0.3088768115942029 0.01937984496124031 0.07427536231884058
1 0.03512596899224806 0.2391304347826087 0.011143410852713179 0.05434782608695652
1 0.04239341085271318 0.22282608695652173 0.007267441860465116 0.03985507246376811
1 0.052567829457364344 0.21014492753623187 0.006298449612403101 0.036231884057971016
