1 0.622093023255814 0.3596014492753623 0.02422480620155039 0.13949275362318841
1 0.5770348837209303 0.25271739130434784 0.014534883720930232 0.08514492753623189
1 0.5448158914728682 0.1956521739130435 0.011143410852713179 0.057971014492753624
1 0.5050872093023255 0.17572463768115942 0.008236434108527133 0.050724637681159424
1 0.4474321705426357 0.16757246376811594 0.008236434108527133 0.04891304347826087
1 0.3856589147286822 0.16847826086956522 0.007751937984496124 0.04710144927536232
0 0.3546511627906977 0.25 0.012596899224806201 0.07608695652173914
0 0.36579457364341084 0.28351449275362317 0.016472868217054265 0.09239130434782608
0 0.30499031007751937 0.22826086956521738 0.010174418604651164 0.06884057971014493
1 0.31056201550387597 0.1802536231884058 0.00872093023255814 0.04891304347826087
0 0.2439437984496124 0.2391304347826087 0.014050387596899225 0.06521739130434782
1 0.23812984496124032 0.19655797101449277 0.009205426356589148 0.05253623188405797
0 0.27810077519379844 0.41757246376811596 0.03294573643410853 0.1503623188405797
0 0.18095930232558138 0.2563405797101449 0.015988372093023256 0.07065217391304347
0 0.10247093023255814 0.2916666666666667 0.01986434108527132 0.08333333333333333
1 0.1300872093023256 0.23278985507246377 0.012112403100775194 0.05615942028985507
0 0.008236434108527133 0.3532608695652174 0.016472868217054265 0.10507246376811594
1 0.0048449612403100775 0.28804347826086957 0.009689922480620155 0.06521739130434782
