1 0.7034883720930233 0.4692028985507246 0.0377906976744186 0.18840579710144928
1 0.6094961240310077 0.27717391304347827 0.01937984496124031 0.09782608695652174
1 0.5760658914728682 0.21105072463768115 0.012596899224806201 0.07427536231884058
1 0.5576550387596899 0.1793478260869565 0.01065891472868217 0.05434782608695652
1 0.5360949612403101 0.16304347826086957 0.009205426356589148 0.04710144927536232
1 0.4997577519379845 0.1503623188405797 0.007267441860465116 0.03985507246376811
1 0.46124031007751937 0.14402173913043478 0.006782945736434108 0.03804347826086957
1 0.4270833333333333 0.13949275362318841 0.006298449612403101 0.03260869565217391
1 0.3856589147286822 0.14130434782608695 0.006782945736434108 0.03260869565217391
1 0.34641472868217055 0.14402173913043478 0.005813953488372093 0.030797101449275364
0 0.32897286821705424 0.16304347826086957 0.007751937984496124 0.03985507246376811
0 0.3624031007751938 0.16576086956521738 0.007751937984496124 0.034420289855072464
0 0.40382751937984496 0.17844202898550723 0.009205426356589148 0.04891304347826087
0 0.3941375968992248 0.20199275362318841 0.011143410852713179 0.05615942028985507
0 0.3381782945736434 0.27898550724637683 0.020348837209302327 0.09057971014492754
0 0.21196705426356588 0.463768115942029 0.037306201550387594 0.17028985507246377
0 0.027131782945736434 0.24818840579710144 0.012596899224806201 0.043478260869565216
1 0.07122093023255814 0.21014492753623187 0.007751937984496124 0.03985507246376811
0 0.08624031007751938 0.22826086956521738 0.01065891472868217 0.043478260869565216
1 0.1431686046511628 0.19202898550724637 0.007267441860465116 0.03260869565217391
0 0.15988372093023256 0.2028985507246377 0.00872093023255814 0.043478260869565216
1 0.20179263565891473 0.17300724637681159 0.007267441860465116 0.030797101449275364
0 0.22553294573643412 0.18478260869565216 0.008236434108527133 0.03985507246376811
1 0.25314922480620156 0.1621376811594203 0.007267441860465116 0.030797101449275364
0 0.27906976744186046 0.1721014492753623 0.006782945736434108 0.03985507246376811
