1 0.32606589147286824 0.151268115942029 0.005813953488372093 0.03804347826086957
1 0.3965600775193798 0.14945652173913043 0.006298449612403101 0.034420289855072464
1 0.4309593023255814 0.1503623188405797 0.007267441860465116 0.036231884057971016
0 0.533187984496124 0.14764492753623187 0.006298449612403101 0.034420289855072464
0 0.5729166666666666 0.15489130434782608 0.006298449612403101 0.03804347826086957
1 0.282218992248062 0.15760869565217392 0.008236434108527133 0.03985507246376811
1 0.5179263565891473 0.17844202898550723 0.007751937984496124 0.04528985507246377
0 0.6257267441860465 0.1585144927536232 0.009205426356589148 0.04528985507246377
1 0.14098837209302326 0.20471014492753623 0.01065891472868217 0.050724637681159424
1 0.5869670542635659 0.20018115942028986 0.011143410852713179 0.05615942028985507
1 0.11531007751937984 0.22010869565217392 0.014534883720930232 0.059782608695652176
1 0.12839147286821706 0.23369565217391305 0.014534883720930232 0.06159420289855073
1 0.187984496124031 0.2418478260869565 0.016472868217054265 0.07065217391304347
1 0.27834302325581395 0.2391304347826087 0.015988372093023256 0.07246376811594203
1 0.3563468992248062 0.24547101449275363 0.01695736434108527 0.07789855072463768
0 0.8783914728682171 0.22282608695652173 0.015503875968992248 0.06159420289855073
1 0.4307170542635659 0.2545289855072464 0.016472868217054265 0.08152173913043478
1 0.7558139534883721 0.25181159420289856 0.018410852713178296 0.08695652173913043
1 0.4939437984496124 0.28532608695652173 0.01986434108527132 0.09601449275362318
0 0.12718023255813954 0.35778985507246375 0.028585271317829456 0.1213768115942029
0 0.20300387596899225 0.42391304347826086 0.0377906976744186 0.15217391304347827
1 0.688468992248062 0.4692028985507246 0.03875968992248062 0.2028985507246377
0 0.18289728682170542 0.7001811594202898 0.0750968992248062 0.27717391304347827
0 0.00993217054263566 0.3451086956521739 0.01986434108527132 0.1105072463768116
1 0.5697674418604651 0.34057971014492755 0.025193798449612403 0.12681159420289856
0 0.026647286821705425 0.21105072463768115 0.009689922480620155 0.05253623188405797
0 0.07703488372093023 0.19384057971014493 0.009689922480620155 0.04710144927536232
0 0.20300387596899225 0.16304347826086957 0.007751937984496124 0.036231884057971016
0 0.2560562015503876 0.15217391304347827 0.006298449612403101 0.03260869565217391
0 0.3018410852713178 0.14221014492753623 0.006782945736434108 0.034420289855072464
0 0.3439922480620155 0.13949275362318841 0.005813953488372093 0.03260869565217391
0 0.39001937984496127 0.13677536231884058 0.0048449612403100775 0.030797101449275364
0 0.46511627906976744 0.13858695652173914 0.0048449612403100775 0.030797101449275364
0 0.49733527131782945 0.14221014492753623 0.005329457364341085 0.034420289855072464
0 0.7175387596899225 0.18840579710144928 0.009689922480620155 0.05434782608695652
1 0.1867732558139535 0.18297101449275363 0.010174418604651164 0.043478260869565216
