0 0.6041666666666666 0.11775362318840579 0.005813953488372093 0.025362318840579712
0 0.6354166666666666 0.11503623188405797 0.005329457364341085 0.02717391304347826
1 0.7313468992248062 0.1213768115942029 0.006298449612403101 0.03260869565217391
1 0.7592054263565892 0.11684782608695653 0.005813953488372093 0.030797101449275364
1 0.5310077519379846 0.14402173913043478 0.006782945736434108 0.03804347826086957
1 0.9794089147286822 0.14221014492753623 0.010174418604651164 0.04528985507246377
1 0.4898255813953488 0.1766304347826087 0.00872093023255814 0.04891304347826087
1 0.5147771317829457 0.15489130434782608 0.008236434108527133 0.041666666666666664
1 0.469718992248062 0.2128623188405797 0.012112403100775194 0.06340579710144928
0 0.27374031007751937 0.24547101449275363 0.014534883720930232 0.07065217391304347
1 0.502906976744186 0.24094202898550723 0.013565891472868217 0.07971014492753623
1 0.5523255813953488 0.27355072463768115 0.020348837209302327 0.09782608695652174
0 0.25944767441860467 0.29347826086956524 0.0188953488372093 0.09057971014492754
1 0.6453488372093024 0.33152173913043476 0.023255813953488372 0.11956521739130435
0 0.2567829457364341 0.39402173913043476 0.029069767441860465 0.1322463768115942
1 0.8260658914728682 0.453804347826087 0.044573643410852716 0.19746376811594202
0 0.15237403100775193 0.875 0.05184108527131783 0.25
0 0.3330910852713178 0.20833333333333334 0.011143410852713179 0.057971014492753624
0 0.3808139534883721 0.1838768115942029 0.00872093023255814 0.04891304347826087
0 0.41351744186046513 0.16394927536231885 0.008236434108527133 0.041666666666666664
0 0.4387112403100775 0.1503623188405797 0.006298449612403101 0.03985507246376811
0 0.4631782945736434 0.13858695652173914 0.005813953488372093 0.034420289855072464
0 0.4806201550387597 0.13134057971014493 0.0048449612403100775 0.030797101449275364
0 0.5113856589147286 0.12409420289855072 0.00436046511627907 0.030797101449275364
0 0.5346414728682171 0.12228260869565218 0.00436046511627907 0.030797101449275364
0 0.5494186046511628 0.11956521739130435 0.0048449612403100775 0.028985507246376812
0 0.5760658914728682 0.11684782608695653 0.0048449612403100775 0.02717391304347826
0 0.6656976744186046 0.11231884057971014 0.0048449612403100775 0.028985507246376812
1 0.4728682170542636 0.18840579710144928 0.00872093023255814 0.057971014492753624
1 0.559593023255814 0.13496376811594202 0.006782945736434108 0.034420289855072464
1 0.5862403100775194 0.13134057971014493 0.006782945736434108 0.03804347826086957
1 0.6174903100775194 0.13134057971014493 0.006298449612403101 0.034420289855072464
1 0.6535852713178295 0.12771739130434784 0.006782945736434108 0.034420289855072464
1 0.6969476744186046 0.12409420289855072 0.006298449612403101 0.034420289855072464
1 0.874031007751938 0.11594202898550725 0.006782945736434108 0.03260869565217391
1 0.8444767441860465 0.10778985507246377 0.005813953488372093 0.030797101449275364
1 0.8103197674418605 0.10144927536231885 0.00436046511627907 0.025362318840579712
1 0.7761627906976745 0.11141304347826086 0.005813953488372093 0.030797101449275364
