1 0.48619186046511625 0.11865942028985507 0.00436046511627907 0.02717391304347826
1 0.5104166666666666 0.11956521739130435 0.00436046511627907 0.03260869565217391
1 0.5617732558139535 0.13858695652173914 0.005329457364341085 0.034420289855072464
1 0.6804748062015504 0.13043478260869565 0.005329457364341085 0.036231884057971016
1 0.688953488372093 0.14130434782608695 0.005813953488372093 0.036231884057971016
1 0.7376453488372093 0.15579710144927536 0.008236434108527133 0.043478260869565216
0 0.784156976744186 0.14492753623188406 0.006298449612403101 0.036231884057971016
1 0.5840600775193798 0.18297101449275363 0.009205426356589148 0.050724637681159424
1 0.8187984496124031 0.1766304347826087 0.011627906976744186 0.05253623188405797
0 0.8321220930232558 0.1585144927536232 0.008236434108527133 0.041666666666666664
0 0.935077519379845 0.17753623188405798 0.012596899224806201 0.050724637681159424
1 0.9648740310077519 0.21105072463768115 0.015988372093023256 0.06340579710144928
1 0.6165213178294574 0.22826086956521738 0.01308139534883721 0.07608695652173914
0 0.33018410852713176 0.37318840579710144 0.026647286821705425 0.12681159420289856
0 0.4074612403100775 0.2391304347826087 0.013565891472868217 0.07608695652173914
2 0.42030038759689925 0.1983695652173913 0.015019379844961241 0.10326086956521739
2 0.4268410852713178 0.19021739130434784 0.00872093023255814 0.09782608695652174
0 0.4421027131782946 0.18659420289855072 0.009205426356589148 0.05434782608695652
0 0.45566860465116277 0.16032608695652173 0.007267441860465116 0.041666666666666664
0 0.46027131782945735 0.1403985507246377 0.0048449612403100775 0.034420289855072464
0 0.42441860465116277 0.1322463768115942 0.003875968992248062 0.03260869565217391
1 0.7218992248062015 0.42844202898550726 0.035852713178294575 0.1721014492753623
2 0.6051356589147286 0.18206521739130435 0.013565891472868217 0.09963768115942029
2 0.5976259689922481 0.1793478260869565 0.007267441860465116 0.09782608695652174
1 0.5717054263565892 0.15489130434782608 0.006782945736434108 0.04528985507246377
1 0.5373062015503876 0.12228260869565218 0.0048449612403100775 0.030797101449275364
1 0.46875 0.11775362318840579 0.00436046511627907 0.028985507246376812
1 0.4476744186046512 0.11141304347826086 0.003875968992248062 0.02355072463768116
1 0.45179263565891475 0.11413043478260869 0.003391472868217054 0.021739130434782608
0 0.7904554263565892 0.12771739130434784 0.00436046511627907 0.030797101449275364
0 0.8006298449612403 0.12590579710144928 0.00436046511627907 0.030797101449275364
1 0.7027616279069767 0.11865942028985507 0.005329457364341085 0.034420289855072464
1 0.7076065891472868 0.10778985507246377 0.00436046511627907 0.02717391304347826
1 0.7214147286821705 0.11684782608695653 0.0048449612403100775 0.02717391304347826
1 0.7272286821705426 0.11141304347826086 0.003875968992248062 0.02717391304347826
