0 0.6085271317829457 0.18568840579710144 0.00872093023255814 0.05253623188405797
0 0.47771317829457366 0.20833333333333334 0.012596899224806201 0.057971014492753624
0 0.5440891472868217 0.19293478260869565 0.01065891472868217 0.05253623188405797
0 0.6908914728682171 0.19202898550724637 0.009689922480620155 0.05434782608695652
0 0.7853682170542635 0.20199275362318841 0.01065891472868217 0.05615942028985507
0 0.9154554263565892 0.24003623188405798 0.01695736434108527 0.07065217391304347
0 0.4004360465116279 0.2536231884057971 0.015988372093023256 0.07608695652173914
1 0.6392926356589147 0.2653985507246377 0.015988372093023256 0.08514492753623189
1 0.6916182170542635 0.26268115942028986 0.015988372093023256 0.07971014492753623
1 0.7732558139534884 0.27445652173913043 0.020348837209302327 0.09239130434782608
1 0.6019864341085271 0.29257246376811596 0.015019379844961241 0.09963768115942029
1 0.8723352713178295 0.3061594202898551 0.024709302325581394 0.10507246376811594
0 0.33987403100775193 0.34148550724637683 0.020833333333333332 0.11413043478260869
1 0.6693313953488372 0.42934782608695654 0.035368217054263566 0.16666666666666666
0 0.28415697674418605 0.5507246376811594 0.03924418604651163 0.213768115942029
1 0.6124031007751938 0.33695652173913043 0.025193798449612403 0.12681159420289856
