2 0.037063953488372096 0.28894927536231885 0.01986434108527132 0.1068840579710145
2 0.05862403100775194 0.3278985507246377 0.02810077519379845 0.15217391304347827
2 0.07412790697674419 0.276268115942029 0.018410852713178296 0.09601449275362318
2 0.09617248062015504 0.3134057971014493 0.026647286821705425 0.14492753623188406
0 0.17030038759689922 0.30344202898550726 0.015988372093023256 0.07789855072463768
0 0.3185562015503876 0.4221014492753623 0.026647286821705425 0.15579710144927536
0 0.41012596899224807 0.28532608695652173 0.01695736434108527 0.09239130434782608
0 0.49733527131782945 0.22826086956521738 0.014050387596899225 0.07246376811594203
0 0.5755813953488372 0.19655797101449277 0.011627906976744186 0.059782608695652176
0 0.6521317829457365 0.1802536231884058 0.01065891472868217 0.059782608695652176
0 0.7357073643410853 0.16666666666666666 0.011143410852713179 0.057971014492753624
0 0.8066860465116279 0.15489130434782608 0.00872093023255814 0.05253623188405797
0 0.845203488372093 0.14130434782608695 0.007267441860465116 0.04710144927536232
0 0.8556201550387597 0.1286231884057971 0.007751937984496124 0.03985507246376811
1 0.9726259689922481 0.6929347826086957 0.054748062015503876 0.302536231884058
1 0.6947674418604651 0.36231884057971014 0.029069767441860465 0.13768115942028986
1 0.7124515503875969 0.26992753623188404 0.022771317829457363 0.10144927536231885
1 0.7965116279069767 0.23369565217391305 0.01937984496124031 0.09057971014492754
1 0.9396802325581395 0.21557971014492755 0.02180232558139535 0.08333333333333333
1 0.9714147286821705 0.11231884057971014 0.009689922480620155 0.04710144927536232
1 0.9498546511627907 0.10235507246376811 0.007267441860465116 0.034420289855072464
1 0.9406492248062015 0.09239130434782608 0.006298449612403101 0.03260869565217391
1 0.9336240310077519 0.08695652173913043 0.005813953488372093 0.028985507246376812
1 0.9275678294573644 0.08333333333333333 0.006298449612403101 0.025362318840579712
1 0.9212693798449613 0.07880434782608696 0.005329457364341085 0.02355072463768116
1 0.27906976744186046 0.21920289855072464 0.00872093023255814 0.043478260869565216
0 0.31492248062015504 0.24094202898550723 0.011627906976744186 0.06159420289855073
0 0.3694282945736434 0.21739130434782608 0.010174418604651164 0.05434782608695652
1 0.3650678294573643 0.18659420289855072 0.007267441860465116 0.03985507246376811
1 0.3851744186046512 0.1721014492753623 0.006782945736434108 0.03260869565217391
1 0.39874031007751937 0.16032608695652173 0.005813953488372093 0.02717391304347826
1 0.4125484496124031 0.15489130434782608 0.005329457364341085 0.030797101449275364
0 0.46511627906976744 0.17844202898550723 0.007751937984496124 0.04528985507246377
0 0.48280038759689925 0.16576086956521738 0.007267441860465116 0.041666666666666664
1 0.43435077519379844 0.14583333333333334 0.00436046511627907 0.02717391304347826
