1 0.26719961240310075 0.11956521739130435 0.00436046511627907 0.028985507246376812
0 0.6649709302325582 0.11684782608695653 0.005329457364341085 0.02717391304347826
0 0.6988856589147286 0.11413043478260869 0.006298449612403101 0.028985507246376812
1 0.845203488372093 0.1213768115942029 0.006298449612403101 0.028985507246376812
1 0.9309593023255814 0.1105072463768116 0.006298449612403101 0.028985507246376812
1 0.9522771317829457 0.11594202898550725 0.005329457364341085 0.028985507246376812
1 0.6170058139534884 0.1358695652173913 0.006298449612403101 0.036231884057971016
1 0.6460755813953488 0.13405797101449277 0.005329457364341085 0.03260869565217391
1 0.6795058139534884 0.1322463768115942 0.006298449612403101 0.036231884057971016
1 0.7703488372093024 0.12681159420289856 0.006782945736434108 0.036231884057971016
0 0.43410852713178294 0.17844202898550723 0.00872093023255814 0.04891304347826087
0 0.4675387596899225 0.15942028985507245 0.00872093023255814 0.043478260869565216
1 0.5431201550387597 0.17481884057971014 0.00872093023255814 0.04891304347826087
0 0.3873546511627907 0.2028985507246377 0.010174418604651164 0.05434782608695652
1 0.5218023255813954 0.213768115942029 0.011627906976744186 0.06521739130434782
0 0.32945736434108525 0.2427536231884058 0.01744186046511628 0.07246376811594203
1 0.5564437984496124 0.24728260869565216 0.014050387596899225 0.08152173913043478
0 0.3137112403100775 0.28442028985507245 0.017926356589147287 0.09057971014492754
1 0.6109496124031008 0.28532608695652173 0.022286821705426358 0.1068840579710145
1 0.719718992248062 0.3641304347826087 0.031492248062015504 0.14130434782608695
1 0.969718992248062 0.5634057971014492 0.060562015503875966 0.2427536231884058
0 0.3057170542635659 0.39402173913043476 0.02422480620155039 0.1286231884057971
1 0.2451550387596899 0.12047101449275362 0.005813953488372093 0.02717391304347826
1 0.251453488372093 0.049818840579710144 0.003875968992248062 0.019927536231884056
1 0.33478682170542634 0.08967391304347826 0.0029069767441860465 0.019927536231884056
1 0.37112403100775193 0.09963768115942029 0.003875968992248062 0.021739130434782608
0 0.38226744186046513 0.10235507246376811 0.003875968992248062 0.019927536231884056
0 0.49200581395348836 0.14855072463768115 0.005329457364341085 0.036231884057971016
0 0.5167151162790697 0.1358695652173913 0.005329457364341085 0.03260869565217391
0 0.5343992248062015 0.12681159420289856 0.0048449612403100775 0.028985507246376812
1 0.5268895348837209 0.18931159420289856 0.008236434108527133 0.059782608695652176
1 0.5692829457364341 0.15579710144927536 0.007751937984496124 0.043478260869565216
1 0.5867248062015504 0.14402173913043478 0.007751937984496124 0.03804347826086957
0 0.5901162790697675 0.12047101449275362 0.005813953488372093 0.030797101449275364
0 0.5658914728682171 0.12318840579710146 0.005813953488372093 0.028985507246376812
0 0.6337209302325582 0.11865942028985507 0.0048449612403100775 0.030797101449275364
1 0.7204457364341085 0.13134057971014493 0.007751937984496124 0.03804347826086957
0 0.7332848837209303 0.11413043478260869 0.005329457364341085 0.028985507246376812
1 0.811046511627907 0.125 0.007751937984496124 0.036231884057971016
1 0.8670058139534884 0.11684782608695653 0.005329457364341085 0.02717391304347826
1 0.8628875968992248 0.11231884057971014 0.0048449612403100775 0.03260869565217391
1 0.8490794573643411 0.10869565217391304 0.005329457364341085 0.025362318840579712
1 0.8575581395348837 0.10054347826086957 0.0048449612403100775 0.02355072463768116
1 0.8381782945736435 0.09963768115942029 0.0048449612403100775 0.025362318840579712
1 0.8292151162790697 0.10235507246376811 0.005329457364341085 0.02717391304347826
1 0.8234011627906976 0.09963768115942029 0.005329457364341085 0.025362318840579712
1 0.907703488372093 0.10597826086956522 0.006298449612403101 0.02717391304347826
1 0.9907945736434108 0.125 0.007751937984496124 0.036231884057971016
