1 0.6877422480620154 0.35507246376811596 0.028585271317829456 0.13405797101449277
1 0.5901162790697675 0.1983695652173913 0.011627906976744186 0.06702898550724638
1 0.5656492248062015 0.1585144927536232 0.009205426356589148 0.04891304347826087
1 0.5530523255813954 0.13677536231884058 0.006298449612403101 0.034420289855072464
1 0.5457848837209303 0.12590579710144928 0.005329457364341085 0.030797101449275364
1 0.5406976744186046 0.11684782608695653 0.003875968992248062 0.02717391304347826
1 0.5363372093023255 0.11322463768115942 0.003875968992248062 0.02355072463768116
0 0.3229166666666667 0.37681159420289856 0.026647286821705425 0.12681159420289856
0 0.42248062015503873 0.213768115942029 0.01065891472868217 0.06159420289855073
0 0.4437984496124031 0.1693840579710145 0.00872093023255814 0.041666666666666664
0 0.45445736434108525 0.1431159420289855 0.005813953488372093 0.03260869565217391
0 0.46002906976744184 0.13043478260869565 0.005329457364341085 0.03260869565217391
0 0.46584302325581395 0.12047101449275362 0.003391472868217054 0.02355072463768116
1 0.003875968992248062 0.276268115942029 0.007751937984496124 0.05615942028985507
0 0.06395348837209303 0.2871376811594203 0.01744186046511628 0.06702898550724638
1 0.11070736434108527 0.24094202898550723 0.01308139534883721 0.050724637681159424
0 0.19622093023255813 0.2346014492753623 0.011627906976744186 0.05615942028985507
1 0.22868217054263565 0.18931159420289856 0.006782945736434108 0.034420289855072464
1 0.24806201550387597 0.1766304347826087 0.005813953488372093 0.030797101449275364
0 0.2759205426356589 0.19927536231884058 0.010174418604651164 0.04710144927536232
0 0.3195251937984496 0.1793478260869565 0.008236434108527133 0.043478260869565216
0 0.33575581395348836 0.17119565217391305 0.007751937984496124 0.03804347826086957
0 0.34375 0.1585144927536232 0.005329457364341085 0.034420289855072464
0 0.3229166666666667 0.15307971014492755 0.00436046511627907 0.02355072463768116
0 0.3064437984496124 0.15217391304347827 0.00436046511627907 0.028985507246376812
0 0.2999031007751938 0.14764492753623187 0.003875968992248062 0.02355072463768116
