1 0.752422480620155 0.11956521739130435 0.0048449612403100775 0.028985507246376812
0 0.6201550387596899 0.14583333333333334 0.005813953488372093 0.03804347826086957
1 0.9387112403100775 0.14130434782608695 0.008236434108527133 0.043478260869565216
0 0.6046511627906976 0.1721014492753623 0.00872093023255814 0.04710144927536232
1 0.7122093023255814 0.15670289855072464 0.006782945736434108 0.041666666666666664
1 0.721172480620155 0.18206521739130435 0.008236434108527133 0.04891304347826087
0 0.5780038759689923 0.20471014492753623 0.013565891472868217 0.06159420289855073
1 0.7330426356589147 0.22282608695652173 0.012596899224806201 0.07246376811594203
0 0.5360949612403101 0.25271739130434784 0.01695736434108527 0.08152173913043478
1 0.7618701550387597 0.30434782608695654 0.027616279069767442 0.11594202898550725
0 0.4278100775193798 0.3813405797101449 0.03197674418604651 0.1503623188405797
1 0.8304263565891473 0.5036231884057971 0.05135658914728682 0.20652173913043478
0 0.1383236434108527 0.7681159420289855 0.07606589147286821 0.32971014492753625
0 0.6354166666666666 0.12952898550724637 0.006298449612403101 0.030797101449275364
0 0.6434108527131783 0.12047101449275362 0.003875968992248062 0.02717391304347826
0 0.6623062015503876 0.11684782608695653 0.0048449612403100775 0.02355072463768116
0 0.6853197674418605 0.11503623188405797 0.00436046511627907 0.02355072463768116
1 0.7083333333333334 0.14221014492753623 0.003875968992248062 0.034420289855072464
1 0.7042151162790697 0.1286231884057971 0.00436046511627907 0.025362318840579712
1 0.6993701550387597 0.12409420289855072 0.00436046511627907 0.02355072463768116
1 0.7218992248062015 0.12047101449275362 0.0048449612403100775 0.02717391304347826
0 0.7175387596899225 0.11231884057971014 0.0048449612403100775 0.021739130434782608
1 0.7766472868217055 0.11775362318840579 0.0048449612403100775 0.025362318840579712
1 0.7902131782945736 0.11503623188405797 0.0048449612403100775 0.02717391304347826
1 0.8863856589147286 0.12681159420289856 0.006298449612403101 0.028985507246376812
1 0.8665213178294574 0.1213768115942029 0.005329457364341085 0.025362318840579712
2 0.9171511627906976 0.12047101449275362 0.0048449612403100775 0.034420289855072464
2 0.9125484496124031 0.11956521739130435 0.005329457364341085 0.036231884057971016
1 0.9917635658914729 0.151268115942029 0.006782945736434108 0.03804347826086957
