0 0.9624515503875969 0.11865942028985507 0.007267441860465116 0.034420289855072464
0 0.6310562015503876 0.14855072463768115 0.008236434108527133 0.036231884057971016
0 0.6712693798449613 0.13768115942028986 0.008236434108527133 0.036231884057971016
0 0.7051841085271318 0.13858695652173914 0.006298449612403101 0.03804347826086957
0 0.7676841085271318 0.13677536231884058 0.007267441860465116 0.03804347826086957
0 0.814922480620155 0.13949275362318841 0.006782945736434108 0.03985507246376811
0 0.8713662790697675 0.13768115942028986 0.008236434108527133 0.03985507246376811
0 0.9278100775193798 0.13677536231884058 0.009689922480620155 0.03804347826086957
0 0.9837693798449613 0.13134057971014493 0.008236434108527133 0.03804347826086957
0 0.9946705426356589 0.1358695652173913 0.006782945736434108 0.04710144927536232
0 0.5772771317829457 0.17300724637681159 0.011143410852713179 0.04891304347826087
1 0.715843023255814 0.18115942028985507 0.011143410852713179 0.05434782608695652
1 0.8025678294573644 0.16576086956521738 0.012112403100775194 0.05253623188405797
1 0.8602228682170543 0.17028985507246377 0.011143410852713179 0.05434782608695652
1 0.9336240310077519 0.1721014492753623 0.013565891472868217 0.057971014492753624
0 0.5433624031007752 0.1947463768115942 0.014050387596899225 0.059782608695652176
1 0.6967054263565892 0.19927536231884058 0.012596899224806201 0.06521739130434782
0 0.49709302325581395 0.22735507246376813 0.01744186046511628 0.06702898550724638
1 0.6664244186046512 0.24365942028985507 0.015988372093023256 0.07789855072463768
0 0.4217538759689923 0.27898550724637683 0.020833333333333332 0.09057971014492754
1 0.6424418604651163 0.27355072463768115 0.01744186046511628 0.09420289855072464
0 0.3062015503875969 0.3704710144927536 0.02616279069767442 0.11775362318840579
1 0.6499515503875969 0.3541666666666667 0.026647286821705425 0.1286231884057971
0 0.19888565891472867 0.5869565217391305 0.05571705426356589 0.2318840579710145
1 0.7715600775193798 0.5280797101449275 0.04505813953488372 0.23007246376811594
0 0.6085271317829457 0.15670289855072464 0.00872093023255814 0.041666666666666664
1 0.30377906976744184 0.1213768115942029 0.0048449612403100775 0.028985507246376812
1 0.3248546511627907 0.12047101449275362 0.00436046511627907 0.02717391304347826
1 0.3185562015503876 0.04710144927536232 0.00436046511627907 0.018115942028985508
1 0.3951065891472868 0.08967391304347826 0.00436046511627907 0.02355072463768116
1 0.43386627906976744 0.10326086956521739 0.005329457364341085 0.025362318840579712
0 0.44646317829457366 0.10778985507246377 0.005329457364341085 0.02717391304347826
0 0.7265019379844961 0.13858695652173914 0.007267441860465116 0.041666666666666664
