1 0.4622093023255814 0.11865942028985507 0.0048449612403100775 0.02717391304347826
1 0.48594961240310075 0.12228260869565218 0.0048449612403100775 0.02717391304347826
1 0.6669089147286822 0.11322463768115942 0.007267441860465116 0.02717391304347826
0 0.43386627906976744 0.15670289855072464 0.006298449612403101 0.03804347826086957
1 0.5356104651162791 0.13496376811594202 0.005329457364341085 0.034420289855072464
1 0.5450581395348837 0.15217391304347827 0.006782945736434108 0.043478260869565216
1 0.653343023255814 0.1322463768115942 0.008236434108527133 0.043478260869565216
1 0.6959786821705426 0.14855072463768115 0.011143410852713179 0.04710144927536232
0 0.7795542635658915 0.151268115942029 0.006782945736434108 0.034420289855072464
0 0.4217538759689923 0.18115942028985507 0.007267441860465116 0.04710144927536232
1 0.5557170542635659 0.17481884057971014 0.00872093023255814 0.05253623188405797
1 0.7650193798449613 0.16394927536231885 0.01065891472868217 0.05253623188405797
0 0.8653100775193798 0.1621376811594203 0.00872093023255814 0.041666666666666664
1 0.5833333333333334 0.213768115942029 0.012596899224806201 0.06521739130434782
1 0.8844476744186046 0.19021739130434784 0.01308139534883721 0.057971014492753624
0 0.9915213178294574 0.18659420289855072 0.009205426356589148 0.050724637681159424
0 0.39195736434108525 0.22644927536231885 0.012596899224806201 0.06884057971014493
0 0.32848837209302323 0.3342391304347826 0.023255813953488372 0.1105072463768116
1 0.6627906976744186 0.358695652173913 0.027131782945736434 0.13768115942028986
2 0.5741279069767442 0.17300724637681159 0.012596899224806201 0.09239130434782608
2 0.5675872093023255 0.1693840579710145 0.009205426356589148 0.08514492753623189
1 0.5121124031007752 0.1213768115942029 0.005813953488372093 0.03260869565217391
1 0.44525193798449614 0.11684782608695653 0.0048449612403100775 0.02717391304347826
0 0.4375 0.13858695652173914 0.0048449612403100775 0.034420289855072464
2 0.40867248062015504 0.1838768115942029 0.009205426356589148 0.08876811594202899
2 0.40237403100775193 0.19202898550724637 0.01308139534883721 0.09420289855072464
0 0.7390988372093024 0.1358695652173913 0.006298449612403101 0.036231884057971016
1 0.685562015503876 0.11413043478260869 0.0048449612403100775 0.028985507246376812
1 0.6911337209302325 0.10869565217391304 0.00436046511627907 0.025362318840579712
1 0.6732073643410853 0.10507246376811594 0.00436046511627907 0.021739130434782608
1 0.42853682170542634 0.11594202898550725 0.00436046511627907 0.025362318840579712
1 0.42369186046511625 0.11322463768115942 0.003391472868217054 0.02355072463768116
1 0.43459302325581395 0.10507246376811594 0.003875968992248062 0.021739130434782608
1 0.43992248062015504 0.10235507246376811 0.003875968992248062 0.019927536231884056
0 0.7294089147286822 0.13043478260869565 0.006298449612403101 0.03260869565217391
0 0.7473352713178295 0.12409420289855072 0.005329457364341085 0.030797101449275364
0 0.7565406976744186 0.12228260869565218 0.005329457364341085 0.030797101449275364
