0 0.2824612403100775 0.14402173913043478 0.005813953488372093 0.034420289855072464
1 0.35876937984496127 0.1403985507246377 0.005329457364341085 0.02717391304347826
1 0.4694767441860465 0.13858695652173914 0.005813953488372093 0.030797101449275364
0 0.5411821705426356 0.1322463768115942 0.006782945736434108 0.036231884057971016
1 0.25872093023255816 0.1802536231884058 0.011627906976744186 0.04528985507246377
1 0.31007751937984496 0.16304347826086957 0.007751937984496124 0.036231884057971016
1 0.5135658914728682 0.15489130434782608 0.007751937984496124 0.03804347826086957
0 0.6787790697674418 0.16757246376811594 0.011627906976744186 0.05615942028985507
0 0.1184593023255814 0.20652173913043478 0.008236434108527133 0.043478260869565216
1 0.20324612403100775 0.21014492753623187 0.01308139534883721 0.05434782608695652
1 0.22747093023255813 0.19746376811594202 0.012112403100775194 0.050724637681159424
1 0.6598837209302325 0.20923913043478262 0.013565891472868217 0.059782608695652176
0 0.7805232558139535 0.2028985507246377 0.01065891472868217 0.057971014492753624
0 0.028585271317829456 0.2427536231884058 0.013565891472868217 0.057971014492753624
1 0.1623062015503876 0.2346014492753623 0.015503875968992248 0.06340579710144928
0 0.9326550387596899 0.24003623188405798 0.01744186046511628 0.07789855072463768
1 0.187015503875969 0.25271739130434784 0.015503875968992248 0.07065217391304347
1 0.26719961240310075 0.26902173913043476 0.01986434108527132 0.08514492753623189
1 0.39026162790697677 0.27717391304347827 0.0188953488372093 0.09420289855072464
1 0.779312015503876 0.2554347826086957 0.0188953488372093 0.07971014492753623
1 0.502422480620155 0.3061594202898551 0.023255813953488372 0.10869565217391304
1 0.6608527131782945 0.40307971014492755 0.03197674418604651 0.15760869565217392
0 0.15746124031007752 0.5253623188405797 0.04941860465116279 0.1956521739130435
1 0.907703488372093 0.7364130434782609 0.07606589147286821 0.338768115942029
0 0.11797480620155039 0.8695652173913043 0.07412790697674419 0.2608695652173913
2 0.623062015503876 0.18297101449275363 0.014534883720930232 0.09057971014492754
2 0.6107073643410853 0.1802536231884058 0.01308139534883721 0.08514492753623189
2 0.7306201550387597 0.17028985507246377 0.012596899224806201 0.07246376811594203
2 0.7119670542635659 0.16576086956521738 0.014050387596899225 0.07065217391304347
0 0.5075096899224806 0.125 0.005329457364341085 0.025362318840579712
0 0.48304263565891475 0.11865942028985507 0.005813953488372093 0.02355072463768116
