1 0.9484011627906976 0.8813405797101449 0.04796511627906977 0.23731884057971014
1 0.720687984496124 0.5380434782608695 0.04796511627906977 0.213768115942029
1 0.625484496124031 0.38315217391304346 0.03197674418604651 0.1503623188405797
1 0.5300387596899225 0.3134057971014493 0.020348837209302327 0.11594202898550725
1 0.6373546511627907 0.07880434782608696 0.005329457364341085 0.030797101449275364
1 0.43459302325581395 0.286231884057971 0.018410852713178296 0.09782608695652174
1 0.3250968992248062 0.26992753623188404 0.01744186046511628 0.08695652173913043
0 0.26380813953488375 0.1838768115942029 0.008236434108527133 0.04891304347826087
1 0.2567829457364341 0.2617753623188406 0.015503875968992248 0.07789855072463768
1 0.19694767441860464 0.2572463768115942 0.01695736434108527 0.07246376811594203
1 0.1514050387596899 0.25 0.015019379844961241 0.06884057971014493
1 0.10150193798449612 0.2463768115942029 0.015988372093023256 0.06521739130434782
1 0.028343023255813952 0.2463768115942029 0.0188953488372093 0.06159420289855073
0 0.013323643410852713 0.40398550724637683 0.026647286821705425 0.12681159420289856
0 0.08042635658914729 0.47644927536231885 0.03972868217054264 0.16666666666666666
0 0.08963178294573644 0.6105072463768116 0.05329457364341085 0.23550724637681159
