1 0.563953488372093 0.11413043478260869 0.003875968992248062 0.021739130434782608
0 0.31637596899224807 0.14945652173913043 0.005813953488372093 0.034420289855072464
1 0.3815406976744186 0.1503623188405797 0.007267441860465116 0.036231884057971016
1 0.7681686046511628 0.1431159420289855 0.006298449612403101 0.03260869565217391
0 0.2606589147286822 0.1766304347826087 0.006782945736434108 0.041666666666666664
1 0.3706395348837209 0.17028985507246377 0.00872093023255814 0.043478260869565216
1 0.3958333333333333 0.17753623188405798 0.009689922480620155 0.050724637681159424
1 0.8265503875968992 0.16304347826086957 0.006782945736434108 0.03985507246376811
1 0.8849321705426356 0.17753623188405798 0.010174418604651164 0.04710144927536232
0 0.22674418604651161 0.1947463768115942 0.00872093023255814 0.04891304347826087
0 0.2374031007751938 0.21557971014492755 0.012596899224806201 0.057971014492753624
1 0.4261143410852713 0.18840579710144928 0.011143410852713179 0.05434782608695652
1 0.4733527131782946 0.1983695652173913 0.011627906976744186 0.06340579710144928
1 0.5324612403100775 0.21739130434782608 0.013565891472868217 0.06884057971014493
1 0.9040697674418605 0.19746376811594202 0.009689922480620155 0.05434782608695652
0 0.9890988372093024 0.18931159420289856 0.010174418604651164 0.04528985507246377
0 0.26598837209302323 0.23822463768115942 0.014534883720930232 0.06702898550724638
0 0.3125 0.3016304347826087 0.023255813953488372 0.1105072463768116
1 0.9656007751937985 0.29981884057971014 0.02616279069767442 0.1105072463768116
1 0.6157945736434108 0.3278985507246377 0.027131782945736434 0.12318840579710146
0 0.1431686046511628 0.5851449275362319 0.0499031007751938 0.23550724637681159
1 0.7766472868217055 0.7056159420289855 0.07364341085271318 0.3170289855072464
0 0.2928779069767442 0.161231884057971 0.007267441860465116 0.036231884057971016
0 0.33551356589147285 0.14130434782608695 0.00436046511627907 0.028985507246376812
0 0.3541666666666667 0.13134057971014493 0.0048449612403100775 0.02717391304347826
1 0.4001937984496124 0.13858695652173914 0.0048449612403100775 0.030797101449275364
1 0.4125484496124031 0.13405797101449277 0.005329457364341085 0.028985507246376812
1 0.43556201550387597 0.12681159420289856 0.003875968992248062 0.025362318840579712
1 0.4571220930232558 0.125 0.00436046511627907 0.025362318840579712
1 0.4806201550387597 0.12318840579710146 0.003875968992248062 0.025362318840579712
1 0.5079941860465116 0.11956521739130435 0.00436046511627907 0.025362318840579712
1 0.5392441860465116 0.11594202898550725 0.003875968992248062 0.025362318840579712
1 0.8984980620155039 0.23822463768115942 0.0188953488372093 0.07789855072463768
1 0.8926841085271318 0.2128623188405797 0.010174418604651164 0.059782608695652176
0 0.8798449612403101 0.161231884057971 0.005813953488372093 0.036231884057971016
0 0.7994186046511628 0.13949275362318841 0.005813953488372093 0.028985507246376812
1 0.7308624031007752 0.1322463768115942 0.006298449612403101 0.03260869565217391
1 0.7005813953488372 0.12228260869565218 0.005813953488372093 0.02717391304347826
