0 0.4486434108527132 0.14945652173913043 0.005813953488372093 0.03804347826086957
1 0.5545058139534884 0.14221014492753623 0.007267441860465116 0.041666666666666664
1 0.7255329457364341 0.13768115942028986 0.006298449612403101 0.03985507246376811
0 0.9110949612403101 0.15579710144927536 0.008236434108527133 0.043478260869565216
1 0.9321705426356589 0.1793478260869565 0.011627906976744186 0.05434782608695652
1 0.6053779069767442 0.2318840579710145 0.014050387596899225 0.07971014492753623
0 0.23498062015503876 0.509963768115942 0.046511627906976744 0.20108695652173914
0 0.4001937984496124 0.22644927536231885 0.013565891472868217 0.07246376811594203
0 0.42950581395348836 0.17481884057971014 0.009205426356589148 0.05253623188405797
2 0.436046511627907 0.15217391304347827 0.007751937984496124 0.07246376811594203
2 0.43919573643410853 0.14673913043478262 0.007267441860465116 0.07246376811594203
0 0.4566375968992248 0.1331521739130435 0.005329457364341085 0.034420289855072464
0 0.4273255813953488 0.11503623188405797 0.003875968992248062 0.02717391304347826
0 0.40625 0.11141304347826086 0.00436046511627907 0.02717391304347826
1 0.752906976744186 0.5135869565217391 0.045542635658914726 0.21195652173913043
1 0.5712209302325582 0.16576086956521738 0.00872093023255814 0.05253623188405797
2 0.5673449612403101 0.1403985507246377 0.006782945736434108 0.07065217391304347
2 0.5632267441860465 0.13768115942028986 0.005329457364341085 0.07246376811594203
1 0.5474806201550387 0.12681159420289856 0.005813953488372093 0.036231884057971016
1 0.5414244186046512 0.11594202898550725 0.005329457364341085 0.03260869565217391
1 0.5225290697674418 0.10597826086956522 0.005329457364341085 0.030797101449275364
1 0.499515503875969 0.10597826086956522 0.0048449612403100775 0.02717391304347826
1 0.4786821705426357 0.10326086956521739 0.003875968992248062 0.025362318840579712
1 0.4636627906976744 0.10326086956521739 0.003875968992248062 0.025362318840579712
1 0.4445251937984496 0.09963768115942029 0.003391472868217054 0.025362318840579712
1 0.6736918604651163 0.125 0.007267441860465116 0.03985507246376811
1 0.6414728682170543 0.11775362318840579 0.005813953488372093 0.03260869565217391
1 0.6368701550387597 0.10960144927536232 0.00436046511627907 0.030797101449275364
1 0.6606104651162791 0.10235507246376811 0.00436046511627907 0.02717391304347826
1 0.684593023255814 0.09692028985507246 0.003875968992248062 0.02355072463768116
1 0.6451065891472868 0.10416666666666667 0.00436046511627907 0.02717391304347826
0 0.7117248062015504 0.11141304347826086 0.003875968992248062 0.030797101449275364
0 0.715843023255814 0.11684782608695653 0.00436046511627907 0.030797101449275364
0 0.7468507751937985 0.12590579710144928 0.00436046511627907 0.034420289855072464
