0 0.6434108527131783 0.2726449275362319 0.01744186046511628 0.07789855072463768
0 0.7284399224806202 0.25905797101449274 0.015019379844961241 0.07246376811594203
0 0.9496124031007752 0.26811594202898553 0.015503875968992248 0.07246376811594203
0 0.5591085271317829 0.30434782608695654 0.016472868217054265 0.09420289855072464
0 0.44525193798449614 0.3967391304347826 0.02616279069767442 0.13768115942028986
1 0.9406492248062015 0.4266304347826087 0.041182170542635656 0.15760869565217392
1 0.8948643410852714 0.7472826086956522 0.0755813953488372 0.3278985507246377
0 0.26356589147286824 0.5869565217391305 0.05329457364341085 0.25
0 0.8108042635658915 0.25271739130434784 0.015988372093023256 0.07427536231884058
1 0.8737887596899225 0.5018115942028986 0.04893410852713178 0.1956521739130435
