0 0.22311046511627908 0.6295289855072463 0.059593023255813955 0.25905797101449274
0 0.35973837209302323 0.3378623188405797 0.024709302325581394 0.1213768115942029
0 0.4275678294573643 0.24728260869565216 0.014050387596899225 0.08514492753623189
0 0.47698643410852715 0.1947463768115942 0.010174418604651164 0.059782608695652176
0 0.4900678294573643 0.16485507246376813 0.009205426356589148 0.04710144927536232
1 0.8677325581395349 0.8125 0.09593023255813954 0.375
1 0.6446220930232558 0.4057971014492754 0.03439922480620155 0.16304347826086957
1 0.6002906976744186 0.276268115942029 0.020348837209302327 0.09601449275362318
1 0.6111918604651163 0.21105072463768115 0.01308139534883721 0.07065217391304347
1 0.6153100775193798 0.17481884057971014 0.005813953488372093 0.04528985507246377
1 0.045542635658914726 0.21920289855072464 0.012596899224806201 0.06159420289855073
0 0.12160852713178294 0.22010869565217392 0.011627906976744186 0.05615942028985507
1 0.1373546511627907 0.18297101449275363 0.009205426356589148 0.04710144927536232
0 0.22214147286821706 0.17844202898550723 0.011143410852713179 0.04891304347826087
