0 0.2853682170542636 0.40851449275362317 0.02810077519379845 0.1539855072463768
1 0.7718023255813954 0.7047101449275363 0.06395348837209303 0.32971014492753625
1 0.6010174418604651 0.33967391304347827 0.02567829457364341 0.1286231884057971
1 0.5295542635658915 0.21467391304347827 0.011627906976744186 0.07065217391304347
1 0.5012112403100775 0.17300724637681159 0.009205426356589148 0.05253623188405797
1 0.4617248062015504 0.1585144927536232 0.007751937984496124 0.04528985507246377
0 0.35731589147286824 0.2545289855072464 0.015019379844961241 0.07427536231884058
0 0.3628875968992248 0.20923913043478262 0.011627906976744186 0.059782608695652176
0 0.34011627906976744 0.19021739130434784 0.01065891472868217 0.057971014492753624
0 0.10150193798449612 0.24003623188405798 0.014050387596899225 0.06702898550724638
1 0.08187984496124032 0.20833333333333334 0.012596899224806201 0.050724637681159424
1 0.17635658914728683 0.18297101449275363 0.007751937984496124 0.03985507246376811
0 0.187015503875969 0.21195652173913043 0.009689922480620155 0.05434782608695652
