0 0.2858527131782946 0.3786231884057971 0.029069767441860465 0.14492753623188406
0 0.32146317829457366 0.26721014492753625 0.01695736434108527 0.09239130434782608
0 0.3023255813953488 0.22916666666666666 0.013565891472868217 0.07427536231884058
0 0.2371608527131783 0.21920289855072464 0.012112403100775194 0.06884057971014493
0 0.09956395348837209 0.25271739130434784 0.014050387596899225 0.07427536231884058
1 0.11918604651162791 0.19927536231884058 0.012596899224806201 0.05434782608695652
1 0.20857558139534885 0.18115942028985507 0.009205426356589148 0.04710144927536232
1 0.29457364341085274 0.16485507246376813 0.00872093023255814 0.04710144927536232
1 0.35901162790697677 0.1621376811594203 0.009689922480620155 0.04528985507246377
1 0.41448643410852715 0.16394927536231885 0.008236434108527133 0.05615942028985507
1 0.4685077519379845 0.18206521739130435 0.01065891472868217 0.059782608695652176
1 0.5191375968992248 0.2128623188405797 0.012112403100775194 0.07427536231884058
1 0.5622577519379846 0.302536231884058 0.020833333333333332 0.10869565217391304
1 0.7759205426356589 0.7608695652173914 0.036337209302325583 0.2898550724637681
