0 0.2558139534883721 0.5534420289855072 0.04844961240310078 0.22644927536231885
0 0.4021317829457364 0.32971014492753625 0.02131782945736434 0.12318840579710146
0 0.47674418604651164 0.23278985507246377 0.011627906976744186 0.07789855072463768
0 0.4956395348837209 0.19021739130434784 0.009689922480620155 0.057971014492753624
0 0.49127906976744184 0.161231884057971 0.006782945736434108 0.04710144927536232
1 0.8301841085271318 0.855072463768116 0.04312015503875969 0.2898550724637681
1 0.6589147286821705 0.42028985507246375 0.03294573643410853 0.16666666666666666
1 0.658187984496124 0.27898550724637683 0.017926356589147287 0.10507246376811594
1 0.6560077519379846 0.21467391304347827 0.01065891472868217 0.07065217391304347
1 0.6293604651162791 0.17572463768115942 0.007751937984496124 0.05434782608695652
1 0.6005329457364341 0.14855072463768115 0.007267441860465116 0.04710144927536232
1 0.5826065891472868 0.13405797101449277 0.005329457364341085 0.03985507246376811
0 0.043362403100775194 0.2617753623188406 0.015019379844961241 0.07065217391304347
1 0.09302325581395349 0.20199275362318841 0.01065891472868217 0.05253623188405797
0 0.18459302325581395 0.20018115942028986 0.009689922480620155 0.05615942028985507
1 0.17054263565891473 0.16847826086956522 0.007751937984496124 0.043478260869565216
1 0.21875 0.1539855072463768 0.005329457364341085 0.03260869565217391
0 0.2323158914728682 0.17844202898550723 0.007267441860465116 0.04891304347826087
