0 0.24224806201550386 0.6159420289855072 0.055232558139534885 0.2536231884057971
0 0.32655038759689925 0.348731884057971 0.02422480620155039 0.1213768115942029
0 0.30935077519379844 0.28442028985507245 0.01695736434108527 0.09420289855072464
0 0.2364341085271318 0.26721014492753625 0.01744186046511628 0.08514492753623189
0 0.07025193798449612 0.3070652173913043 0.023255813953488372 0.09239130434782608
1 0.1187015503875969 0.22916666666666666 0.016472868217054265 0.06702898550724638
1 0.2194767441860465 0.20380434782608695 0.013565891472868217 0.05615942028985507
1 0.312984496124031 0.18931159420289856 0.011627906976744186 0.05615942028985507
1 0.38420542635658916 0.18659420289855072 0.01065891472868217 0.057971014492753624
1 0.4484011627906977 0.1911231884057971 0.011143410852713179 0.059782608695652176
1 0.5142926356589147 0.21739130434782608 0.01308139534883721 0.07608695652173914
1 0.5862403100775194 0.266304347826087 0.01937984496124031 0.09420289855072464
1 0.6887112403100775 0.4583333333333333 0.04215116279069767 0.18478260869565216
