2 0.19791666666666666 0.5054347826086957 0.0935077519379845 0.47101449275362317
2 0.2560562015503876 0.40217391304347827 0.0625 0.37681159420289856
0 0.37839147286821706 0.18931159420289856 0.022286821705426358 0.1213768115942029
0 0.39147286821705424 0.11865942028985507 0.013565891472868217 0.08876811594202899
0 0.4430717054263566 0.057971014492753624 0.010174418604651164 0.06521739130434782
0 0.4997577519379845 0.03260869565217391 0.008236434108527133 0.050724637681159424
1 0.5806686046511628 0.08152173913043478 0.008236434108527133 0.07246376811594203
1 0.5852713178294574 0.10597826086956522 0.014534883720930232 0.08514492753623189
1 0.6027131782945736 0.0661231884057971 0.011627906976744186 0.06702898550724638
1 0.6371124031007752 0.057971014492753624 0.012596899224806201 0.06884057971014493
1 0.686046511627907 0.050724637681159424 0.012596899224806201 0.06159420289855073
1 0.6327519379844961 0.17753623188405798 0.023255813953488372 0.12318840579710146
1 0.7349806201550387 0.05253623188405797 0.012596899224806201 0.06521739130434782
1 0.8052325581395349 0.059782608695652176 0.012596899224806201 0.07246376811594203
1 0.876937984496124 0.07065217391304347 0.014534883720930232 0.07608695652173914
1 0.9878875968992248 0.08786231884057971 0.01937984496124031 0.08514492753623189
2 0.7999031007751938 0.4311594202898551 0.07655038759689922 0.43478260869565216
2 0.8706395348837209 0.5733695652173914 0.12015503875968993 0.5561594202898551
