0 0.99609375 0.517578125 0.0078125 0.01953125
1 0.96171875 0.8349609375 0.0765625 0.1171875
1 0.8578125 0.63232421875 0.0328125 0.0537109375
1 0.886328125 0.56884765625 0.02265625 0.0341796875
1 0.975390625 0.5458984375 0.01796875 0.029296875
2 0.028125 0.57177734375 0.0140625 0.0244140625
0 0.8546875 0.52880859375 0.0125 0.0224609375
0 0.68125 0.55419921875 0.015625 0.0263671875
0 0.172265625 0.8525390625 0.06484375 0.11328125
2 0.133203125 0.66064453125 0.02890625 0.0517578125
2 0.119140625 0.607421875 0.02109375 0.03515625
2 0.101953125 0.583984375 0.01640625 0.02734375
2 0.083984375 0.56640625 0.01328125 0.0234375
0 0.5140625 0.6162109375 0.0265625 0.04296875
