1 0.905859375 0.78173828125 0.06484375 0.1005859375
1 0.85078125 0.61865234375 0.0328125 0.0517578125
1 0.889453125 0.5634765625 0.02265625 0.033203125
1 0.982421875 0.5439453125 0.01796875 0.029296875
2 0.165234375 0.58740234375 0.01953125 0.0341796875
2 0.14609375 0.56689453125 0.015625 0.0263671875
2 0.126171875 0.55126953125 0.01328125 0.0224609375
2 0.0734375 0.556640625 0.0140625 0.0234375
2 0.019921875 0.56103515625 0.01328125 0.0224609375
0 0.867578125 0.52587890625 0.01171875 0.0205078125
0 0.696484375 0.546875 0.01640625 0.025390625
0 0.533984375 0.60009765625 0.02421875 0.0400390625
0 0.234765625 0.77978515625 0.05703125 0.0947265625
2 0.184375 0.63427734375 0.028125 0.0478515625
