1 0.92265625 0.79833984375 0.06875 0.1044921875
1 0.851953125 0.62255859375 0.03359375 0.0517578125
1 0.887109375 0.56396484375 0.02109375 0.0341796875
0 0.525390625 0.60302734375 0.02421875 0.0400390625
0 0.212890625 0.80126953125 0.05859375 0.0986328125
2 0.00390625 0.564453125 0.0078125 0.021484375
2 0.16640625 0.64013671875 0.028125 0.0478515625
2 0.148828125 0.591796875 0.02109375 0.033203125
2 0.1296875 0.56982421875 0.015625 0.0263671875
2 0.109765625 0.55419921875 0.01328125 0.0224609375
2 0.05625 0.55908203125 0.0140625 0.0224609375
1 0.97890625 0.54443359375 0.01875 0.0283203125
0 0.861328125 0.5263671875 0.01171875 0.021484375
0 0.690234375 0.54833984375 0.01640625 0.0263671875
