0 0.687890625 0.54931640625 0.01640625 0.0263671875
0 0.859765625 0.52685546875 0.01171875 0.0224609375
1 0.927734375 0.8037109375 0.06953125 0.10546875
1 0.978125 0.544921875 0.01875 0.029296875
1 0.85234375 0.62451171875 0.0328125 0.0517578125
0 0.523046875 0.60693359375 0.02421875 0.0419921875
0 0.207421875 0.80859375 0.05859375 0.1015625
2 0.125 0.57275390625 0.015625 0.0263671875
2 0.105859375 0.55712890625 0.01328125 0.0224609375
2 0.0515625 0.56201171875 0.015625 0.0224609375
2 0.1609375 0.64404296875 0.028125 0.0498046875
2 0.144140625 0.5947265625 0.02109375 0.033203125
1 0.886328125 0.5654296875 0.02109375 0.03515625
