1 0.888671875 0.5576171875 0.02109375 0.033203125
1 0.98046875 0.53857421875 0.0171875 0.0283203125
2 0.1640625 0.5654296875 0.0140625 0.025390625
2 0.183984375 0.58544921875 0.01796875 0.0322265625
2 0.205078125 0.626953125 0.02578125 0.046875
0 0.26015625 0.7548828125 0.0515625 0.0859375
0 0.870703125 0.5205078125 0.01171875 0.021484375
1 0.87890625 0.75439453125 0.0578125 0.0927734375
2 0.09296875 0.5556640625 0.0140625 0.0234375
2 0.14375 0.55126953125 0.0125 0.0224609375
1 0.84296875 0.609375 0.03125 0.048828125
0 0.700390625 0.54296875 0.01640625 0.025390625
0 0.540234375 0.59375 0.02265625 0.0390625
2 0.041015625 0.56103515625 0.01328125 0.0224609375
