2 0.8578125 0.6376953125 0.034375 0.056640625
2 0.879296875 0.56982421875 0.02265625 0.0361328125
2 0.967578125 0.54541015625 0.01953125 0.0302734375
1 0.98359375 0.5166015625 0.0109375 0.01953125
1 0.842578125 0.5283203125 0.01328125 0.021484375
0 0.095703125 0.6708984375 0.03046875 0.0546875
1 0.66796875 0.55419921875 0.015625 0.0283203125
1 0.498046875 0.6201171875 0.03046875 0.044921875
0 0.053125 0.56787109375 0.0140625 0.0224609375
0 0.0703125 0.58544921875 0.0171875 0.0283203125
1 0.12421875 0.8974609375 0.06875 0.12890625
0 0.08671875 0.611328125 0.021875 0.037109375
2 0.97578125 0.86865234375 0.0484375 0.1279296875
