0 0.725390625 0.72119140625 0.05234375 0.0732421875
0 0.58046875 0.6357421875 0.0328125 0.046875
0 0.4390625 0.57470703125 0.0171875 0.0302734375
0 0.3734375 0.54541015625 0.0109375 0.0205078125
0 0.3140625 0.52783203125 0.0078125 0.0146484375
0 0.33046875 0.53369140625 0.009375 0.0185546875
0 0.266015625 0.521484375 0.00703125 0.013671875
1 0.18671875 0.5361328125 0.0109375 0.01953125
1 0.1875 0.55126953125 0.0140625 0.0263671875
1 0.132421875 0.525390625 0.01015625 0.01953125
0 0.158984375 0.51416015625 0.00703125 0.0126953125
1 0.133984375 0.6806640625 0.03671875 0.0625
0 0.217578125 0.51708984375 0.00703125 0.0126953125
1 0.187890625 0.58447265625 0.02109375 0.0361328125
