0 0.7703125 0.625 0.0296875 0.044921875
0 0.503515625 0.52392578125 0.00859375 0.0166015625
0 0.570703125 0.5322265625 0.01015625 0.017578125
0 0.9515625 0.84912109375 0.0796875 0.1142578125
0 0.688671875 0.5595703125 0.01484375 0.025390625
0 0.7046875 0.57958984375 0.0171875 0.0302734375
1 0.43828125 0.54345703125 0.0140625 0.0263671875
1 0.397265625 0.62060546875 0.02890625 0.0478515625
1 0.47421875 0.57177734375 0.0171875 0.0302734375
0 0.627734375 0.54345703125 0.01171875 0.0205078125
1 0.1953125 0.7763671875 0.065625 0.09765625
