2 0.12578125 0.697265625 0.04375 0.068359375
1 0.475390625 0.57861328125 0.01953125 0.0322265625
1 0.367578125 0.53271484375 0.01015625 0.0185546875
1 0.35234375 0.525390625 0.009375 0.017578125
1 0.409765625 0.54541015625 0.01171875 0.0224609375
1 0.625 0.65234375 0.0359375 0.052734375
1 0.79140625 0.76708984375 0.0609375 0.0888671875
1 0.3046875 0.51953125 0.0078125 0.013671875
1 0.25625 0.51416015625 0.0078125 0.0126953125
2 0.16953125 0.5224609375 0.0109375 0.021484375
1 0.1984375 0.51123046875 0.0078125 0.0126953125
2 0.21640625 0.55126953125 0.0140625 0.0244140625
2 0.209375 0.5869140625 0.0203125 0.037109375
2 0.220703125 0.53466796875 0.01171875 0.0205078125
