1 0.102734375 0.723611111111 0.04609375 0.105555555556
1 0.289453125 0.608333333333 0.03359375 0.0722222222222
0 0.82890625 0.747222222222 0.0515625 0.136111111111
0 0.791796875 0.604861111111 0.03046875 0.0791666666667
0 0.805078125 0.5375 0.02265625 0.0527777777778
1 0.45625 0.538888888889 0.025 0.05
0 0.8140625 0.496527777778 0.01875 0.0402777777778
0 0.765234375 0.46875 0.01328125 0.0319444444444
1 0.537109375 0.496527777778 0.02109375 0.0402777777778
1 0.5609375 0.475 0.0140625 0.0305555555556
