0 0.84921875 0.910416666667 0.0921875 0.179166666667
0 0.599609375 0.649305555556 0.04296875 0.0902777777778
0 0.554296875 0.559027777778 0.02421875 0.0597222222222
1 0.09453125 0.647222222222 0.034375 0.075
1 0.190625 0.570138888889 0.0234375 0.0541666666667
0 0.545703125 0.506944444444 0.01796875 0.0416666666667
0 0.448046875 0.489583333333 0.01640625 0.0319444444444
1 0.284375 0.527083333333 0.0171875 0.0402777777778
1 0.00546875 0.548611111111 0.009375 0.0416666666667
1 0.24453125 0.498611111111 0.0109375 0.0305555555556
1 0.1953125 0.494444444444 0.0109375 0.0277777777778
0 0.377734375 0.475 0.01171875 0.0277777777778
