0 0.79609375 0.845138888889 0.08125 0.168055555556
0 0.583984375 0.630555555556 0.03984375 0.0861111111111
0 0.544140625 0.551388888889 0.02421875 0.0555555555556
1 0.1125 0.630555555556 0.03125 0.0694444444444
1 0.197265625 0.561805555556 0.02265625 0.0486111111111
1 0.007421875 0.608333333333 0.01328125 0.0694444444444
0 0.5375 0.502777777778 0.015625 0.0388888888889
0 0.44296875 0.486111111111 0.0140625 0.0305555555556
1 0.28515625 0.521527777778 0.0171875 0.0375
1 0.012109375 0.54375 0.01484375 0.0347222222222
1 0.24609375 0.494444444444 0.0109375 0.0277777777778
