0 0.716796875 0.792361111111 0.06796875 0.145833333333
0 0.582421875 0.589583333333 0.03828125 0.0708333333333
0 0.49609375 0.536111111111 0.0234375 0.05
1 0.030078125 0.608333333333 0.02734375 0.0583333333333
1 0.143359375 0.615277777778 0.02890625 0.0666666666667
1 0.06640625 0.5125 0.0125 0.0305555555556
1 0.10703125 0.545138888889 0.015625 0.0402777777778
1 0.198046875 0.545833333333 0.01796875 0.0444444444444
1 0.2296875 0.515972222222 0.0140625 0.0347222222222
1 0.282421875 0.49375 0.01171875 0.0291666666667
0 0.473828125 0.504166666667 0.01484375 0.0361111111111
0 0.47109375 0.479166666667 0.0125 0.0305555555556
