1 0.2359375 0.795138888889 0.0625 0.134722222222
1 0.528515625 0.588194444444 0.02734375 0.0597222222222
0 0.926953125 0.602083333333 0.03046875 0.0708333333333
0 0.94765625 0.549305555556 0.0203125 0.0513888888889
0 0.01328125 0.538194444444 0.0125 0.0319444444444
1 0.085546875 0.573611111111 0.02109375 0.0444444444444
1 0.18671875 0.534722222222 0.015625 0.0333333333333
1 0.678515625 0.528472222222 0.01640625 0.0402777777778
1 0.820703125 0.499305555556 0.01171875 0.0319444444444
1 0.934375 0.488888888889 0.0109375 0.0277777777778
