0 0.1796875 0.766666666667 0.05625 0.127777777778
1 0.118359375 0.611111111111 0.03359375 0.0638888888889
3 0.4875 0.523611111111 0.03125 0.0805555555556
3 0.7890625 0.557638888889 0.0390625 0.104166666667
1 0.0109375 0.547222222222 0.01875 0.0388888888889
1 0.30546875 0.509722222222 0.0171875 0.0333333333333
1 0.661328125 0.511111111111 0.01796875 0.0388888888889
1 0.798828125 0.490972222222 0.01484375 0.0319444444444
0 0.90625 0.524305555556 0.01875 0.0430555555556
0 0.970703125 0.502777777778 0.01484375 0.0333333333333
0 0.19140625 0.498611111111 0.0125 0.0305555555556
1 0.476171875 0.488194444444 0.01171875 0.0291666666667
