1 0.084765625 0.704861111111 0.04140625 0.0986111111111
1 0.0828125 0.569444444444 0.01875 0.05
1 0.18515625 0.572916666667 0.021875 0.0541666666667
0 0.617578125 0.654861111111 0.04140625 0.0958333333333
0 0.5390625 0.547916666667 0.028125 0.0569444444444
0 0.469921875 0.513194444444 0.01640625 0.0402777777778
0 0.451171875 0.488888888889 0.01484375 0.0333333333333
1 0.131640625 0.525 0.01484375 0.0333333333333
1 0.2140625 0.523611111111 0.015625 0.0388888888889
1 0.234375 0.500694444444 0.0125 0.0319444444444
1 0.277734375 0.483333333333 0.01015625 0.0277777777778
