1 0.09140625 0.736111111111 0.046875 0.113888888889
1 0.284375 0.613888888889 0.03125 0.075
0 0.837890625 0.756944444444 0.05390625 0.138888888889
0 0.79609375 0.608333333333 0.0328125 0.0833333333333
0 0.808203125 0.539583333333 0.02265625 0.0541666666667
1 0.45546875 0.540277777778 0.0296875 0.0527777777778
0 0.816015625 0.495833333333 0.01640625 0.0388888888889
0 0.765625 0.469444444444 0.0125 0.0333333333333
1 0.53671875 0.497916666667 0.021875 0.0402777777778
1 0.560546875 0.475 0.01328125 0.0305555555556
