0 0.15703125 0.791666666667 0.0578125 0.130555555556
1 0.103515625 0.617361111111 0.03203125 0.0680555555556
3 0.486328125 0.527083333333 0.03359375 0.0819444444444
3 0.798046875 0.563888888889 0.03828125 0.108333333333
0 0.914453125 0.526388888889 0.01640625 0.0444444444444
0 0.976953125 0.503472222222 0.01484375 0.0347222222222
1 0.664453125 0.5125 0.01640625 0.0388888888889
1 0.300390625 0.510416666667 0.01484375 0.0347222222222
0 0.18515625 0.5 0.0125 0.0277777777778
1 0.803125 0.491666666667 0.0140625 0.0305555555556
1 0.474609375 0.489583333333 0.01328125 0.0291666666667
