0 0.651953125 0.695138888889 0.04921875 0.1125
0 0.55546875 0.559027777778 0.0296875 0.0625
1 0.037890625 0.746527777778 0.04765625 0.115277777778
1 0.17109375 0.581944444444 0.0234375 0.0583333333333
1 0.0640625 0.579166666667 0.0203125 0.0555555555556
0 0.48046875 0.517361111111 0.0203125 0.0430555555556
0 0.460546875 0.490972222222 0.01328125 0.0347222222222
1 0.209375 0.526388888889 0.015625 0.0388888888889
1 0.1234375 0.527777777778 0.0140625 0.0361111111111
1 0.233984375 0.501388888889 0.01328125 0.0305555555556
