1 0.037109375 0.799305555556 0.06328125 0.129166666667
1 0.369921875 0.607638888889 0.03515625 0.0736111111111
0 0.967578125 0.859722222222 0.06328125 0.172222222222
0 0.858203125 0.624305555556 0.03203125 0.0819444444444
0 0.8484375 0.529861111111 0.0203125 0.0486111111111
1 0.559375 0.515277777778 0.01875 0.0416666666667
1 0.631640625 0.492361111111 0.01484375 0.0347222222222
0 0.880859375 0.502083333333 0.01640625 0.0402777777778
0 0.92265625 0.482638888889 0.0125 0.0319444444444
1 0.723046875 0.472916666667 0.01328125 0.0291666666667
0 0.95546875 0.466666666667 0.0109375 0.0277777777778
