3 0.103125 0.745833333333 0.075 0.205555555556
1 0.4796875 0.624305555556 0.0359375 0.0763888888889
0 0.965625 0.639583333333 0.034375 0.0847222222222
0 0.95625 0.555555555556 0.0203125 0.0527777777778
1 0.166796875 0.559722222222 0.02265625 0.0444444444444
1 0.6671875 0.541666666667 0.0203125 0.0444444444444
1 0.79453125 0.511111111111 0.0140625 0.0305555555556
0 0.9953125 0.525694444444 0.009375 0.0402777777778
1 0.312890625 0.529861111111 0.01484375 0.0347222222222
0 0.123828125 0.527083333333 0.01328125 0.0319444444444
