3 0.38046875 0.605555555556 0.0515625 0.125
3 0.9140625 0.696527777778 0.059375 0.190277777778
0 0.9828125 0.579861111111 0.025 0.0652777777778
1 0.630859375 0.559722222222 0.02578125 0.0555555555556
1 0.78828125 0.514583333333 0.0125 0.0375
1 0.904296875 0.496527777778 0.01171875 0.0291666666667
1 0.147265625 0.557638888889 0.02265625 0.0458333333333
0 0.026171875 0.5375 0.01484375 0.0388888888889
1 0.375 0.520833333333 0.0171875 0.0388888888889
0 0.208203125 0.5125 0.01328125 0.0333333333333
1 0.494921875 0.502777777778 0.01328125 0.0305555555556
0 0.324609375 0.498611111111 0.01328125 0.0277777777778
