1 0.134765625 0.625 0.02734375 0.0694444444444
1 0.01953125 0.614583333333 0.025 0.0625
0 0.740625 0.826388888889 0.0734375 0.161111111111
0 0.591015625 0.597222222222 0.03671875 0.075
0 0.501171875 0.539583333333 0.02265625 0.0513888888889
0 0.479296875 0.504861111111 0.01484375 0.0375
0 0.476171875 0.478472222222 0.01171875 0.0291666666667
1 0.284375 0.494444444444 0.0109375 0.0305555555556
1 0.229296875 0.517361111111 0.01328125 0.0347222222222
1 0.194921875 0.548611111111 0.01796875 0.0444444444444
1 0.103125 0.547916666667 0.015625 0.0402777777778
1 0.064453125 0.514583333333 0.01171875 0.0291666666667
