1 0.203125 0.647222222222 0.0390625 0.0805555555556
0 0.687890625 0.6 0.03515625 0.075
0 0.505859375 0.529861111111 0.02265625 0.0458333333333
0 0.402734375 0.504861111111 0.01640625 0.0347222222222
0 0.364453125 0.4875 0.01171875 0.0277777777778
1 0.205859375 0.560416666667 0.02421875 0.0486111111111
1 0.059765625 0.54375 0.01484375 0.0375
1 0.200390625 0.527777777778 0.01484375 0.0361111111111
1 0.183203125 0.504861111111 0.01328125 0.0291666666667
1 0.119921875 0.509722222222 0.01015625 0.0277777777778
