0 0.829296875 0.892361111111 0.08671875 0.184722222222
0 0.593359375 0.645138888889 0.04140625 0.0902777777778
0 0.55 0.558333333333 0.0234375 0.0555555555556
1 0.101953125 0.641666666667 0.03046875 0.075
1 0.19375 0.569444444444 0.0234375 0.05
1 0.28515625 0.527083333333 0.01875 0.0402777777778
1 0.0078125 0.549305555556 0.0140625 0.0402777777778
0 0.542578125 0.508333333333 0.01796875 0.0388888888889
0 0.446484375 0.490277777778 0.01484375 0.0333333333333
0 0.376953125 0.477777777778 0.01171875 0.0277777777778
1 0.2453125 0.499305555556 0.0125 0.0291666666667
1 0.195703125 0.495833333333 0.01171875 0.0305555555556
