1 0.2375 0.669444444444 0.04375 0.0888888888889
1 0.381640625 0.565972222222 0.03046875 0.0569444444444
0 0.93046875 0.905555555556 0.08125 0.186111111111
0 0.82265625 0.649305555556 0.040625 0.0930555555556
0 0.78046875 0.553472222222 0.0296875 0.0597222222222
1 0.417578125 0.521527777778 0.01640625 0.0402777777778
1 0.06484375 0.513888888889 0.0109375 0.0277777777778
1 0.394921875 0.4875 0.01328125 0.0305555555556
0 0.688671875 0.50625 0.01796875 0.0402777777778
0 0.594140625 0.473611111111 0.01328125 0.0305555555556
