0 0.75234375 0.845138888889 0.0765625 0.168055555556
0 0.59453125 0.602777777778 0.0375 0.0777777777778
0 0.502734375 0.542361111111 0.02265625 0.0486111111111
1 0.1296875 0.630555555556 0.028125 0.0694444444444
1 0.0140625 0.620138888889 0.025 0.0625
0 0.48046875 0.506944444444 0.015625 0.0388888888889
0 0.476953125 0.479861111111 0.01171875 0.0291666666667
1 0.192578125 0.552083333333 0.01796875 0.0430555555556
1 0.100390625 0.549305555556 0.01640625 0.0402777777778
1 0.062109375 0.515972222222 0.01015625 0.0291666666667
1 0.227734375 0.51875 0.01484375 0.0347222222222
1 0.28359375 0.497222222222 0.0125 0.0305555555556
