1 0.39921875 0.663194444444 0.0390625 0.0930555555556
0 0.970703125 0.679166666667 0.04140625 0.1
0 0.93046875 0.56875 0.021875 0.0597222222222
1 0.61015625 0.553472222222 0.0203125 0.0513888888889
0 0.966015625 0.531944444444 0.01796875 0.0444444444444
1 0.74296875 0.514583333333 0.0140625 0.0347222222222
1 0.875390625 0.49375 0.01015625 0.0291666666667
1 0.067578125 0.577777777778 0.02421875 0.0472222222222
1 0.2265625 0.540972222222 0.0171875 0.0375
1 0.309765625 0.5125 0.01328125 0.0305555555556
0 0.14453125 0.513888888889 0.0109375 0.0277777777778
0 0.0328125 0.538888888889 0.015625 0.0333333333333
