0 0.767578125 0.634027777778 0.03671875 0.0902777777778
1 0.248828125 0.620138888889 0.03671875 0.0763888888889
1 0.375 0.552777777778 0.025 0.0555555555556
0 0.76953125 0.554166666667 0.0265625 0.0638888888889
1 0.50703125 0.50625 0.0234375 0.0430555555556
0 0.796875 0.509722222222 0.01875 0.0444444444444
0 0.816796875 0.479861111111 0.01640625 0.0347222222222
1 0.576171875 0.477083333333 0.01796875 0.0347222222222
0 0.780859375 0.457638888889 0.01328125 0.0291666666667
1 0.598828125 0.459027777778 0.01328125 0.0291666666667
