1 0.126953125 0.744444444444 0.05390625 0.108333333333
1 0.416796875 0.590972222222 0.03203125 0.0680555555556
0 0.9390625 0.790277777778 0.0625 0.147222222222
0 0.86328125 0.604861111111 0.028125 0.0763888888889
0 0.866015625 0.523611111111 0.02109375 0.05
1 0.59453125 0.508333333333 0.01875 0.0416666666667
1 0.66328125 0.488194444444 0.0140625 0.0319444444444
1 0.751953125 0.470833333333 0.01171875 0.0277777777778
0 0.900390625 0.498611111111 0.01484375 0.0388888888889
0 0.94296875 0.48125 0.0140625 0.0319444444444
0 0.976953125 0.466666666667 0.01015625 0.0277777777778
