3 0.454296875 0.5625 0.03984375 0.105555555556
3 0.86796875 0.621527777778 0.0453125 0.148611111111
0 0.967578125 0.552083333333 0.01953125 0.0569444444444
1 0.243359375 0.53125 0.01953125 0.0402777777778
0 0.121484375 0.517361111111 0.01484375 0.0347222222222
0 0.287890625 0.497222222222 0.01171875 0.0277777777778
1 0.44296875 0.504166666667 0.0140625 0.0333333333333
1 0.55234375 0.490277777778 0.0109375 0.0277777777778
1 0.6671875 0.535416666667 0.0203125 0.0458333333333
1 0.816015625 0.502777777778 0.01171875 0.0333333333333
1 0.928125 0.488888888889 0.0125 0.0277777777778
