1 0.083984375 0.788194444444 0.06171875 0.131944444444
1 0.308984375 0.603472222222 0.04140625 0.0736111111111
1 0.3625 0.535416666667 0.0265625 0.0486111111111
0 0.918359375 0.757638888889 0.05859375 0.134722222222
0 0.811328125 0.585416666667 0.03515625 0.0763888888889
0 0.684375 0.516666666667 0.021875 0.0527777777778
0 0.568359375 0.472916666667 0.01484375 0.0347222222222
0 0.47890625 0.455555555556 0.0125 0.0277777777778
1 0.342578125 0.489583333333 0.01640625 0.0347222222222
1 0.128125 0.488888888889 0.0109375 0.0277777777778
