0 0.272265625 0.665972222222 0.04296875 0.0958333333333
1 0.188671875 0.573611111111 0.02890625 0.0555555555556
3 0.49921875 0.506944444444 0.028125 0.0694444444444
3 0.750390625 0.53125 0.03046875 0.0847222222222
0 0.868359375 0.509722222222 0.01640625 0.0416666666667
0 0.937890625 0.492361111111 0.01171875 0.0319444444444
1 0.067578125 0.530555555556 0.01640625 0.0333333333333
0 0.0421875 0.510416666667 0.0140625 0.0291666666667
1 0.334765625 0.497222222222 0.01328125 0.0305555555556
1 0.653125 0.499305555556 0.0140625 0.0347222222222
