0 0.857421875 0.715972222222 0.05234375 0.1125
1 0.123046875 0.785416666667 0.06015625 0.120833333333
1 0.1921875 0.607638888889 0.03125 0.0597222222222
0 0.578515625 0.575694444444 0.02890625 0.0597222222222
0 0.448046875 0.532638888889 0.01796875 0.0430555555556
0 0.4078125 0.505555555556 0.0140625 0.0333333333333
1 0.0390625 0.570833333333 0.0171875 0.0416666666667
1 0.20390625 0.55625 0.0171875 0.0430555555556
1 0.126953125 0.527083333333 0.01171875 0.0291666666667
1 0.19765625 0.522222222222 0.0109375 0.0305555555556
