1 0.110546875 0.676388888889 0.03671875 0.0861111111111
1 0.189453125 0.565277777778 0.02109375 0.05
0 0.965625 0.904861111111 0.0703125 0.190277777778
0 0.5921875 0.629166666667 0.0390625 0.0861111111111
0 0.520703125 0.540277777778 0.02734375 0.0527777777778
1 0.091796875 0.565277777778 0.01953125 0.0472222222222
1 0.131640625 0.525 0.01328125 0.0333333333333
1 0.212109375 0.521527777778 0.01484375 0.0375
0 0.455859375 0.508333333333 0.01796875 0.0388888888889
0 0.437109375 0.4875 0.01328125 0.0305555555556
1 0.229296875 0.502083333333 0.01328125 0.0291666666667
