3 0.3140625 0.634027777778 0.0578125 0.145833333333
3 0.933203125 0.749305555556 0.06484375 0.226388888889
0 0.976171875 0.594444444444 0.02578125 0.0722222222222
1 0.59140625 0.573611111111 0.028125 0.0583333333333
1 0.0765625 0.570138888889 0.025 0.0513888888889
0 0.995703125 0.536805555556 0.01015625 0.0430555555556
0 0.148046875 0.520833333333 0.01640625 0.0333333333333
0 0.269140625 0.503472222222 0.01171875 0.0291666666667
1 0.319921875 0.528472222222 0.01796875 0.0375
1 0.446484375 0.508333333333 0.01484375 0.0333333333333
1 0.75625 0.520138888889 0.015625 0.0402777777778
1 0.87421875 0.5 0.0140625 0.0333333333333
