0 0.7265625 0.80625 0.0703125 0.151388888889
0 0.585546875 0.59375 0.03828125 0.0736111111111
0 0.498828125 0.538888888889 0.02421875 0.05
1 0.1390625 0.61875 0.028125 0.0680555555556
1 0.02578125 0.611805555556 0.028125 0.0569444444444
1 0.065625 0.513194444444 0.0109375 0.0291666666667
1 0.105078125 0.545138888889 0.01484375 0.0402777777778
1 0.197265625 0.546527777778 0.01796875 0.0430555555556
1 0.2296875 0.516666666667 0.0140625 0.0333333333333
1 0.283203125 0.49375 0.01171875 0.0291666666667
0 0.476953125 0.504861111111 0.01640625 0.0375
0 0.473046875 0.48125 0.01171875 0.0291666666667
