0 0.846875 0.7231481481481481 0.025 0.09444444444444444
0 0.8065104166666667 0.5888888888888889 0.018229166666666668 0.06296296296296296
0 0.8169270833333333 0.5370370370370371 0.0140625 0.04259259259259259
0 0.85546875 0.5115740740740741 0.009895833333333333 0.028703703703703703
0 0.8953125 0.5037037037037037 0.009375 0.025925925925925925
0 0.9473958333333333 0.49907407407407406 0.007291666666666667 0.022222222222222223
0 0.9934895833333334 0.5027777777777778 0.0067708333333333336 0.022222222222222223
3 0.31979166666666664 0.7393518518518518 0.028125 0.11018518518518519
3 0.46640625 0.5953703703703703 0.0203125 0.06851851851851852
3 0.5591145833333333 0.5324074074074074 0.0140625 0.046296296296296294
3 0.6231770833333333 0.5041666666666667 0.0109375 0.03611111111111111
2 0.6924479166666667 0.47962962962962963 0.0078125 0.02962962962962963
2 0.7661458333333333 0.4699074074074074 0.007291666666666667 0.025
2 0.8252604166666667 0.4675925925925926 0.0067708333333333336 0.022222222222222223
2 0.8794270833333333 0.46944444444444444 0.005729166666666666 0.020370370370370372
2 0.9903645833333333 0.48148148148148145 0.005729166666666666 0.022222222222222223
