2 0.21901041666666668 0.5277777777777778 0.0109375 0.037037037037037035
2 0.18359375 0.5203703703703704 0.008854166666666666 0.03333333333333333
2 0.11640625 0.5180555555555556 0.008854166666666666 0.028703703703703703
2 0.07239583333333334 0.5199074074074074 0.008333333333333333 0.025
2 0.025260416666666667 0.5277777777777778 0.0078125 0.024074074074074074
0 0.026302083333333334 0.8347222222222223 0.028645833333333332 0.11574074074074074
0 0.0703125 0.6810185185185185 0.01875 0.07314814814814814
0 0.05703125 0.6074074074074074 0.013020833333333334 0.04814814814814815
0 0.016145833333333335 0.5782407407407407 0.008333333333333333 0.03796296296296296
0 0.88359375 0.9055555555555556 0.0390625 0.14629629629629629
0 0.7486979166666666 0.6203703703703703 0.0203125 0.07037037037037037
0 0.7635416666666667 0.5208333333333334 0.0125 0.041666666666666664
0 0.8169270833333333 0.49074074074074076 0.009895833333333333 0.03148148148148148
0 0.8747395833333333 0.4837962962962963 0.0078125 0.026851851851851852
0 0.91796875 0.47962962962962963 0.0078125 0.022222222222222223
0 0.9604166666666667 0.4842592592592593 0.007291666666666667 0.024074074074074074
3 0.26979166666666665 0.5472222222222223 0.013541666666666667 0.046296296296296294
3 0.29973958333333334 0.5074074074074074 0.0109375 0.03518518518518519
3 0.31354166666666666 0.48333333333333334 0.009375 0.02962962962962963
3 0.3223958333333333 0.4736111111111111 0.008333333333333333 0.026851851851851852
3 0.3341145833333333 0.4625 0.0078125 0.025
3 0.5018229166666667 0.5268518518518519 0.015104166666666667 0.046296296296296294
3 0.4744791666666667 0.4861111111111111 0.011458333333333333 0.03148148148148148
3 0.4591145833333333 0.4708333333333333 0.008854166666666666 0.025
3 0.44635416666666666 0.45185185185185184 0.008333333333333333 0.024074074074074074
3 0.5739583333333333 0.49212962962962964 0.013541666666666667 0.03611111111111111
3 0.6671875 0.4685185185185185 0.011458333333333333 0.027777777777777776
3 0.7434895833333334 0.45694444444444443 0.008854166666666666 0.023148148148148147
3 0.8140625 0.4546296296296296 0.00625 0.022222222222222223
3 0.8760416666666667 0.45787037037037037 0.007291666666666667 0.023148148148148147
3 0.9265625 0.462037037037037 0.00625 0.020370370370370372
3 0.9677083333333333 0.4675925925925926 0.00625 0.020370370370370372
