2 0.36839430894308944 0.23559806508355322 0.08434959349593496 0.09872471416007036
2 0.6490514905149052 0.17689094107299913 0.042682926829268296 0.04727352682497801
2 0.5599593495934959 0.16732629727352683 0.036585365853658534 0.0395778364116095
2 0.4244579945799458 0.18568601583113456 0.052845528455284556 0.05826737027264732
2 0.27625338753387535 0.1600703605980651 0.03421409214092141 0.036499560246262094
2 0.1619241192411924 0.15314423922603343 0.025745257452574527 0.02836411609498681
2 0.7232384823848238 0.16083992963940194 0.029132791327913278 0.02924362357080035
1 0.06690379403794038 0.1424802110817942 0.023373983739837397 0.021108179419525065
1 0.23357046070460705 0.1502858399296394 0.0247289972899729 0.02308707124010554
1 0.38228319783197834 0.1392919964819701 0.019986449864498646 0.02264731750219877
1 0.614159891598916 0.13698328935795953 0.018970189701897018 0.024186455584872472
1 0.7022357723577236 0.12576956904133685 0.018292682926829267 0.020668425681618294
1 0.7298441734417345 0.1284080914687775 0.019308943089430895 0.025065963060686015
1 0.6388888888888888 0.14478891820580475 0.01964769647696477 0.02264731750219877
