2 0.3741319444444444 0.8764467592592593 0.0623070987654321 0.17881944444444445
2 0.48900462962962965 0.8802083333333334 0.06018518518518518 0.17766203703703703
2 0.6024305555555556 0.8784722222222222 0.06095679012345679 0.17650462962962962
2 0.12403549382716049 0.5674189814814815 0.026234567901234566 0.07118055555555555
2 0.16724537037037038 0.5036168981481481 0.017361111111111112 0.05063657407407408
2 0.05700231481481482 0.5837673611111112 0.026813271604938273 0.07725694444444445
2 0.03115354938271605 0.5993923611111112 0.027199074074074073 0.08188657407407407
2 0.5050154320987654 0.4402488425925926 0.008101851851851851 0.026331018518518517
3 0.1875 0.5419560185185185 0.02199074074074074 0.06076388888888889
3 0.8699845679012346 0.4526909722222222 0.010416666666666666 0.026909722222222224
3 0.4974922839506173 0.4437210648148148 0.008101851851851851 0.028645833333333332
1 0.18913966049382716 0.47410300925925924 0.01832561728395062 0.048900462962962965
1 0.22646604938271606 0.5280671296296297 0.019290123456790122 0.056712962962962965
1 0.26253858024691357 0.5175057870370371 0.01890432098765432 0.05295138888888889
1 0.2934992283950617 0.5078125 0.01678240740740741 0.046296296296296294
1 0.3194444444444444 0.5002893518518519 0.015432098765432098 0.045717592592592594
1 0.3462577160493827 0.4933449074074074 0.015432098765432098 0.04398148148148148
1 0.36593364197530864 0.48582175925925924 0.01427469135802469 0.041087962962962965
1 0.3872492283950617 0.4791666666666667 0.013310185185185185 0.03819444444444445
1 0.4089506172839506 0.47280092592592593 0.013117283950617283 0.03587962962962963
1 0.42255015432098764 0.4670138888888889 0.011381172839506173 0.03530092592592592
1 0.4382716049382716 0.4620949074074074 0.011188271604938271 0.03414351851851852
1 0.44753086419753085 0.4581886574074074 0.009645061728395061 0.02922453703703704
1 0.9914158950617284 0.5269097222222222 0.016396604938271605 0.052083333333333336
1 0.9767554012345679 0.5183738425925926 0.016396604938271605 0.049479166666666664
1 0.8794367283950617 0.4552951388888889 0.007716049382716049 0.027488425925925927
1 0.8898533950617284 0.45949074074074076 0.0073302469135802465 0.028356481481481483
1 0.9169560185185185 0.4791666666666667 0.011381172839506173 0.03587962962962963
1 0.9294945987654321 0.4861111111111111 0.010609567901234568 0.03877314814814815
1 0.9385609567901234 0.49363425925925924 0.013695987654320988 0.04050925925925926
1 0.9516782407407407 0.4995659722222222 0.013310185185185185 0.04311342592592592
1 0.964891975308642 0.5082465277777778 0.01427469135802469 0.042534722222222224
1 0.904320987654321 0.46629050925925924 0.008873456790123456 0.02980324074074074
1 0.4798418209876543 0.4522569444444444 0.010223765432098766 0.031828703703703706
1 0.46315586419753085 0.45413773148148145 0.009259259259259259 0.028645833333333332
2 0.7640817901234568 0.9580439814814815 0.048996913580246916 0.0763888888888889
1 0.47858796296296297 0.4006076388888889 0.008487654320987654 0.02980324074074074
