3 0.044444444444444446 0.6046641791044776 0.011458333333333333 0.05037313432835821
3 0.03125 0.6026119402985075 0.010069444444444445 0.050746268656716415
4 0.9427083333333334 0.49701492537313435 0.008333333333333333 0.04776119402985075
4 0.9810763888888889 0.49850746268656715 0.00798611111111111 0.04701492537313433
2 0.16762152777777778 0.6561567164179104 0.0171875 0.06977611940298507
2 0.2947916666666667 0.6944029850746268 0.020833333333333332 0.08507462686567165
2 0.7612847222222222 0.6533582089552239 0.016319444444444445 0.07164179104477612
2 0.7884548611111111 0.5634328358208955 0.011284722222222222 0.04402985074626865
2 0.6340277777777777 0.5873134328358209 0.012152777777777778 0.048507462686567165
2 0.5938368055555555 0.5458955223880597 0.009548611111111112 0.03805970149253731
2 0.6144965277777777 0.6078358208955223 0.011979166666666667 0.05447761194029851
2 0.5727430555555556 0.5753731343283582 0.010069444444444445 0.049253731343283584
2 0.0890625 0.5595149253731343 0.007638888888888889 0.03917910447761194
2 0.11996527777777778 0.5417910447761194 0.009027777777777777 0.03582089552238806
2 0.9216145833333333 0.6151119402985075 0.013020833333333334 0.05858208955223881
2 0.9056423611111111 0.5832089552238806 0.012326388888888888 0.04701492537313433
1 0.121875 0.7953358208955223 0.02673611111111111 0.11156716417910448
1 0.45703125 0.8720149253731343 0.03315972222222222 0.13432835820895522
1 0.8766493055555555 0.9106343283582089 0.03836805555555556 0.1541044776119403
1 0.8654513888888888 0.5042910447761194 0.005902777777777778 0.028731343283582088
1 0.7381076388888889 0.4988805970149254 0.005381944444444444 0.026119402985074626
1 0.6078993055555556 0.4936567164179104 0.005729166666666666 0.023880597014925373
1 0.3450520833333333 0.48582089552238805 0.005729166666666666 0.022388059701492536
1 0.08567708333333333 0.47126865671641793 0.0046875 0.020149253731343283
1 0.14157986111111112 0.4746268656716418 0.004340277777777778 0.020895522388059702
2 0.2652777777777778 0.5565298507462687 0.009375 0.04067164179104477
2 0.3506076388888889 0.5388059701492537 0.008506944444444444 0.03656716417910448
