1 0.04657061688311688 0.873015873015873 0.052556818181818184 0.17316017316017315
1 0.8615056818181818 0.5180375180375181 0.022930194805194804 0.08874458874458875
1 0.9314123376623377 0.503968253968254 0.023944805194805196 0.08658008658008658
1 0.8322849025974026 0.5111832611832612 0.02130681818181818 0.08225108225108226
1 0.773234577922078 0.4662698412698413 0.020495129870129872 0.07683982683982683
1 0.9836647727272727 0.4301948051948052 0.016842532467532468 0.06385281385281386
1 0.25304383116883117 0.4871933621933622 0.022321428571428572 0.07828282828282829
1 0.01278409090909091 0.4586940836940837 0.019074675324675324 0.06962481962481963
2 0.10825892857142858 0.7848124098124099 0.04200487012987013 0.1453823953823954
2 0.07142857142857142 0.6076839826839827 0.03125 0.11002886002886003
2 0.9004667207792207 0.6286075036075036 0.031047077922077924 0.11796536796536797
2 0.2664366883116883 0.5533910533910534 0.023944805194805196 0.09307359307359307
2 0.958299512987013 0.7476551226551227 0.049310064935064936 0.1525974025974026
2 0.1939935064935065 0.6518759018759018 0.03125 0.11327561327561328
2 0.8822037337662337 0.5348124098124099 0.025771103896103896 0.09199134199134198
1 0.32792207792207795 0.5303030303030303 0.023944805194805196 0.08585858585858586
1 0.28662743506493504 0.536976911976912 0.021712662337662336 0.09054834054834054
