3 0.22113111474813602 0.6700955180014695 0.005819239861793053 0.02645113886847906
3 0.2182214948172395 0.6695444526083761 0.00436442989634479 0.02387950036737693
2 0.8060556464811784 0.8085966201322556 0.02564102564102564 0.09478324761204997
2 0.6556646663029642 0.7735121234386481 0.019458083287870524 0.07384276267450404
2 0.550009092562284 0.75 0.017275868339698127 0.06282145481263776
2 0.47663211492998725 0.7323659074210139 0.014548099654482633 0.054739162380602495
2 0.8911620294599017 0.6853416605437178 0.012547735951991271 0.04812637766348273
2 0.7958719767230406 0.6779941219691403 0.010729223495180943 0.04224834680382072
2 0.7196763047826877 0.6724834680382072 0.01000181851245681 0.03783982365907421
2 0.6589379887252228 0.667340191036003 0.008910711038370612 0.0334313005143277
2 0.6032915075468267 0.6623806024981631 0.007819603564284416 0.03159441587068332
2 0.5591925804691762 0.661462160176341 0.006546644844517185 0.02902277736958119
2 0.5230951082014912 0.659808963997061 0.006728496090198217 0.02718589272593681
2 0.42116748499727225 0.7187729610580456 0.012365884706310238 0.04592211609110948
2 0.3789779959992726 0.7077516531961793 0.010911074740861976 0.04224834680382072
2 0.3446081105655574 0.6981998530492285 0.01054737224949991 0.03783982365907421
2 0.3161483906164757 0.6910360029390155 0.008547008547008548 0.03526818515797208
2 0.2924168030551009 0.6851579720793534 0.008365157301327515 0.03159441587068332
2 0.2710492816875796 0.6805657604702424 0.00745590107292235 0.02828802351212344
2 0.2530460083651573 0.675789860396767 0.0070921985815602835 0.027553269654665688
2 0.2369521731223859 0.6722997795738428 0.006546644844517185 0.025716385011021307
1 0.18812511365702855 0.6653196179279941 0.006001091107474086 0.02204261572373255
1 0.39470812875068195 0.6533798677443057 0.004909983633387889 0.02094048493754592
