2 0.1572488584474886 0.8523116438356164 0.06621004566210045 0.1952054794520548
2 0.6145833333333334 0.7592037671232876 0.05108447488584475 0.15111301369863014
2 0.7495719178082192 0.695847602739726 0.0442351598173516 0.12970890410958905
2 0.8721461187214612 0.6352739726027398 0.03995433789954338 0.10616438356164383
2 0.8144977168949772 0.5706335616438356 0.02968036529680365 0.08476027397260275
2 0.017265981735159818 0.584332191780822 0.031107305936073058 0.10616438356164383
2 0.009417808219178082 0.4871575342465753 0.017123287671232876 0.0761986301369863
2 0.018978310502283106 0.4289383561643836 0.019121004566210045 0.05736301369863014
2 0.3164954337899543 0.4708904109589041 0.02226027397260274 0.06164383561643835
2 0.11686643835616438 0.5353167808219178 0.031678082191780824 0.08861301369863013
1 0.9546232876712328 0.4661815068493151 0.0182648401826484 0.053082191780821915
1 0.935074200913242 0.4017551369863014 0.013984018264840182 0.03981164383561644
1 0.747574200913242 0.4227311643835616 0.014554794520547944 0.04409246575342466
1 0.7531392694063926 0.3807791095890411 0.01141552511415525 0.03638698630136986
1 0.6643835616438356 0.4017551369863014 0.011986301369863013 0.041523972602739725
1 0.3952625570776256 0.4362157534246575 0.017123287671232876 0.0547945205479452
1 0.15011415525114155 0.3998287671232877 0.017123287671232876 0.04965753424657534
1 0.2360159817351598 0.3488869863013699 0.011986301369863013 0.039383561643835614
1 0.1987728310502283 0.3210616438356164 0.009988584474885844 0.03595890410958904
1 0.3765696347031963 0.3411815068493151 0.01113013698630137 0.0351027397260274
1 0.4123858447488584 0.3683647260273973 0.01141552511415525 0.040667808219178085
1 0.049942922374429224 0.328125 0.01141552511415525 0.03981164383561644
1 0.6255707762557078 0.4214469178082192 0.0136986301369863 0.047517123287671235
1 0.0389554794520548 0.3058647260273973 0.005422374429223744 0.03210616438356165
