2 0.4725609756097561 0.9090759618546531 0.06707317073170732 0.17921736270963498
2 0.1399172473867596 0.6116409075961855 0.05117595818815331 0.15389674449194343
2 0.007295296167247387 0.5476816836566919 0.014155052264808362 0.13712594541269318
2 0.29322735191637633 0.4524827359421243 0.03331881533101045 0.10588622163761921
2 0.0313588850174216 0.29316014468924695 0.024390243902439025 0.08122328181519237
2 0.36890243902439024 0.35859914501808615 0.02221254355400697 0.07925024662939822
2 0.9161585365853658 0.6456757645511345 0.043989547038327526 0.1246300559026636
1 0.07153745644599303 0.2704702400526143 0.024172473867595818 0.0785925682341335
1 0.018183797909407665 0.2880631371259454 0.022430313588850174 0.07826372903650115
1 0.3487587108013937 0.35613285103584347 0.022865853658536585 0.07431765866491286
1 0.405161149825784 0.3301545544228872 0.023301393728222996 0.07760605064123643
1 0.8487587108013938 0.3947714567576455 0.02112369337979094 0.07793488983886879
