3 0.8468567251461988 0.7105263157894737 0.03252923976608187 0.09539473684210527
3 0.7800621345029239 0.5844298245614035 0.02905701754385965 0.08826754385964912
3 0.6481176900584795 0.4317434210526316 0.012609649122807017 0.039473684210526314
3 0.4390533625730994 0.38747258771929827 0.009685672514619883 0.032072368421052634
3 0.3348866959064328 0.36225328947368424 0.008223684210526315 0.030975877192982455
3 0.19709429824561403 0.3333333333333333 0.006396198830409356 0.027412280701754384
2 0.6316703216374269 0.46203399122807015 0.012609649122807017 0.04358552631578947
2 0.5269554093567251 0.4682017543859649 0.014071637426900584 0.049342105263157895
2 0.5325292397660819 0.40707236842105265 0.011695906432748537 0.03399122807017544
2 0.5302448830409356 0.37404057017543857 0.009685672514619883 0.02768640350877193
2 0.6637426900584795 0.4024122807017544 0.010964912280701754 0.03344298245614035
2 0.6163194444444444 0.3730811403508772 0.010051169590643274 0.02850877192982456
2 0.6419042397660819 0.3500548245614035 0.007492690058479532 0.023026315789473683
2 0.5755665204678363 0.3501918859649123 0.007492690058479532 0.023300438596491228
2 0.7552997076023392 0.4491502192982456 0.013157894736842105 0.033717105263157895
2 0.7519188596491229 0.3998081140350877 0.008223684210526315 0.029331140350877194
2 0.7605080409356725 0.37417763157894735 0.007858187134502924 0.025767543859649123
2 0.4598866959064328 0.40844298245614036 0.01114766081871345 0.03728070175438596
2 0.4788011695906433 0.3490953947368421 0.006578947368421052 0.02768640350877193
2 0.39455409356725146 0.3745888157894737 0.009502923976608187 0.033168859649122806
2 0.39126461988304095 0.34882127192982454 0.0062134502923976605 0.026041666666666668
2 0.41849415204678364 0.3246984649122807 0.004751461988304093 0.021107456140350877
2 0.326937134502924 0.37719298245614036 0.010599415204678362 0.03508771929824561
2 0.3262061403508772 0.32195723684210525 0.005116959064327485 0.023300438596491228
2 0.3199926900584795 0.32387609649122806 0.005116959064327485 0.021655701754385966
2 0.2749451754385965 0.3503289473684211 0.008223684210526315 0.027960526315789474
2 0.2382127192982456 0.3208607456140351 0.00712719298245614 0.023848684210526317
2 0.21217105263157895 0.3510142543859649 0.008406432748538011 0.029331140350877194
2 0.1513157894736842 0.3229166666666667 0.006578947368421052 0.025219298245614034
2 0.08808479532163743 0.3242872807017544 0.009137426900584795 0.02412280701754386
2 0.03033625730994152 0.32634320175438597 0.008771929824561403 0.027138157894736843
1 0.014985380116959063 0.3241502192982456 0.009502923976608187 0.029331140350877194
1 0.07593201754385964 0.3236019736842105 0.00932017543859649 0.026041666666666668
1 0.10635964912280702 0.2798793859649123 0.006578947368421052 0.022478070175438597
1 0.14610745614035087 0.3207236842105263 0.006030701754385965 0.025219298245614034
1 0.19828216374269006 0.3503289473684211 0.008406432748538011 0.029605263157894735
1 0.15615862573099415 0.28207236842105265 0.006396198830409356 0.022478070175438597
1 0.2564875730994152 0.3204495614035088 0.006396198830409356 0.02631578947368421
1 0.2772295321637427 0.28536184210526316 0.005482456140350877 0.020833333333333332
1 0.31186038011695905 0.3770559210526316 0.008954678362573099 0.033168859649122806
1 0.31140350877192985 0.3209978070175439 0.005847953216374269 0.022478070175438597
1 0.37015716374269003 0.3216831140350877 0.006761695906432748 0.02055921052631579
1 0.694078947368421 0.6251370614035088 0.0266812865497076 0.08415570175438597
1 0.5854349415204678 0.5884046052631579 0.026133040935672515 0.07648026315789473
1 0.5200109649122807 0.5515350877192983 0.022112573099415205 0.06853070175438597
1 0.47231359649122806 0.5164473684210527 0.019554093567251463 0.06030701754385965
1 0.4639985380116959 0.4897203947368421 0.014619883040935672 0.05345394736842105
1 0.5100511695906432 0.46970942982456143 0.01608187134502924 0.05016447368421053
1 0.6419042397660819 0.4668311403508772 0.014802631578947368 0.046052631578947366
1 0.4440789473684211 0.4074835526315789 0.01206140350877193 0.0381030701754386
1 0.7719298245614035 0.4498355263157895 0.011330409356725146 0.03234649122807018
1 0.7552997076023392 0.34347587719298245 0.0062134502923976605 0.022478070175438597
1 0.6583516081871345 0.32456140350877194 0.005665204678362573 0.020285087719298246
1 0.6500365497076024 0.33497807017543857 0.004751461988304093 0.020833333333333332
1 0.625 0.32538377192982454 0.005482456140350877 0.020833333333333332
1 0.6195175438596491 0.3003015350877193 0.005116959064327485 0.021107456140350877
1 0.5994152046783626 0.32497258771929827 0.005116959064327485 0.0200109649122807
1 0.5843384502923976 0.33031798245614036 0.004934210526315789 0.02138157894736842
1 0.5135233918128655 0.3236019736842105 0.005116959064327485 0.021655701754385966
1 0.4913194444444444 0.3223684210526316 0.004934210526315789 0.020833333333333332
1 0.4940606725146199 0.29262609649122806 0.004568713450292397 0.02055921052631579
1 0.4222404970760234 0.2885142543859649 0.005299707602339181 0.02055921052631579
1 0.41136695906432746 0.3218201754385965 0.005482456140350877 0.021929824561403508
2 0.8056469298245614 0.37143640350877194 0.00932017543859649 0.027412280701754384
3 0.9274488304093568 0.7387609649122807 0.03983918128654971 0.10307017543859649
2 0.47249634502923976 0.32510964912280704 0.006030701754385965 0.021929824561403508
