2 0.6000959385992964 0.8429972287358772 0.059801726894787334 0.08335109784694095
2 0.24688199552286536 0.7276700063952249 0.04860889031020147 0.06075463653805159
2 0.7208186760473297 0.6377105094862503 0.03773584905660377 0.04668514176081859
2 0.830028781579789 0.5848433169899808 0.029740965781899584 0.03943722020891068
2 0.2021106491845219 0.5370923044127052 0.0236648544931244 0.029204860370923045
2 0.22721458266709307 0.516201236410147 0.021426287176207228 0.02536772543167768
2 0.4692996482251359 0.4771903645278192 0.01566997121842021 0.023662332125346408
2 0.6096897985289415 0.5461522063525901 0.022065877838183562 0.031976124493711365
2 0.5348576910777103 0.5371988914943508 0.021426287176207228 0.031976124493711365
2 0.1034537895746722 0.5924109997868259 0.028461784457946913 0.04007674269878491
2 0.09705788295490886 0.5326156469835855 0.0227054685001599 0.032615646983585586
2 0.060601215222257754 0.48198678320187593 0.01694915254237288 0.021743764655723728
2 0.25807483210745125 0.4927520784480921 0.01854812919731372 0.023662332125346408
2 0.6064918452190599 0.4884885951822639 0.020147105852254557 0.024941377105094864
2 0.6680524464342821 0.4957365167341718 0.0236648544931244 0.02536772543167768
2 0.6941157659098177 0.49030057557024087 0.018228333866325552 0.02558089959496909
2 0.8493763991045731 0.5085269665316564 0.028141989126958745 0.03005755702408868
2 0.8979852894147745 0.5152419526753358 0.029421170450911416 0.03240247282029418
2 0.9889670610809083 0.4957365167341718 0.022065877838183562 0.027499467064591773
