1 0.10554029304029304 0.5420673076923077 0.01098901098901099 0.02918956043956044
1 0.13278388278388278 0.5910027472527473 0.013278388278388278 0.03983516483516483
1 0.3141025641025641 0.5540865384615384 0.01098901098901099 0.033997252747252744
1 0.3206272893772894 0.5278159340659341 0.009386446886446886 0.028846153846153848
1 0.44574175824175827 0.5400068681318682 0.009615384615384616 0.031936813186813184
1 0.6615155677655677 0.5250686813186813 0.010302197802197802 0.03021978021978022
2 0.08825549450549451 0.6749656593406593 0.021291208791208792 0.057348901098901096
2 0.16288919413919414 0.6057692307692307 0.016254578754578756 0.04326923076923077
2 0.3768315018315018 0.7117101648351648 0.02564102564102564 0.06833791208791208
2 0.6357600732600732 0.8073489010989011 0.033424908424908424 0.09271978021978022
2 0.7616758241758241 0.9447115384615384 0.04212454212454213 0.10851648351648352
2 0.9267399267399268 0.664320054945055 0.022435897435897436 0.06215659340659341
2 0.8213141025641025 0.5539148351648352 0.011217948717948718 0.030906593406593408
3 0.8500457875457875 0.5417239010989011 0.01510989010989011 0.04017857142857143
3 0.8692765567765568 0.5437843406593407 0.010073260073260074 0.030563186813186812
