2 0.022206959706959708 0.41603708791208793 0.010073260073260074 0.03125
2 0.05872252747252747 0.4256524725274725 0.012133699633699634 0.034684065934065936
2 0.04544413919413919 0.4168956043956044 0.009386446886446886 0.027472527472527472
1 0.004006410256410256 0.4167239010989011 0.007097069597069597 0.02712912087912088
1 0.15144230769230768 0.5942651098901099 0.03594322344322344 0.0985576923076923
1 0.538804945054945 0.6153846153846154 0.037316849816849816 0.10714285714285714
1 0.6430860805860806 0.5740041208791209 0.029304029304029304 0.08070054945054946
2 0.45054945054945056 0.5602678571428571 0.027472527472527472 0.07657967032967034
2 0.5494505494505495 0.5487637362637363 0.024725274725274724 0.06799450549450549
2 0.6179029304029304 0.5382898351648352 0.02197802197802198 0.061469780219780217
2 0.6363324175824175 0.5331387362637363 0.017170329670329672 0.05872252747252747
2 0.7574404761904762 0.5032623626373627 0.014423076923076924 0.042925824175824176
2 0.795558608058608 0.4893543956043956 0.013736263736263736 0.042582417582417584
2 0.7772435897435898 0.46583104395604397 0.011904761904761904 0.02918956043956044
2 0.5397206959706959 0.4478021978021978 0.01076007326007326 0.03296703296703297
2 0.48179945054945056 0.46686126373626374 0.013965201465201466 0.03811813186813187
2 0.4380723443223443 0.45535714285714285 0.012133699633699634 0.03365384615384615
2 0.4188415750915751 0.43440934065934067 0.00847069597069597 0.027472527472527472
2 0.3685897435897436 0.4337225274725275 0.009157509157509158 0.030906593406593408
2 0.357257326007326 0.42754120879120877 0.00847069597069597 0.026785714285714284
1 0.7788461538461539 0.5290178571428571 0.018772893772893772 0.05460164835164835
1 0.7704899267399268 0.5115041208791209 0.01488095238095238 0.04567307692307692
1 0.985691391941392 0.5916895604395604 0.0277014652014652 0.09203296703296704
