2 0.37241735537190085 0.7952249770431589 0.0490702479338843 0.16437098255280075
2 0.42458677685950413 0.6111111111111112 0.031508264462809916 0.10835629017447199
2 0.08135330578512397 0.9038108356290174 0.057334710743801656 0.18686868686868688
2 0.18478822314049587 0.7027089072543617 0.04106404958677686 0.14279155188246098
2 0.09633264462809918 0.6512855831037649 0.03305785123966942 0.11891643709825528
2 0.0371900826446281 0.5422405876951332 0.023760330578512397 0.0707070707070707
2 0.5211776859504132 0.5328282828282829 0.02324380165289256 0.07851239669421488
2 0.9452479338842975 0.5757575757575758 0.02634297520661157 0.09550045913682277
1 0.5539772727272727 0.533287419651056 0.022727272727272728 0.08585858585858586
1 0.35201446280991733 0.529384756657484 0.02221074380165289 0.0743801652892562
1 0.047908057851239666 0.4674012855831038 0.017303719008264464 0.06336088154269973
