2 0.25925925925925924 0.7119502314814815 0.03125 0.09809027777777778
2 0.02806712962962963 0.6888020833333334 0.031057098765432098 0.0842013888888889
2 0.12037037037037036 0.6451099537037037 0.024691358024691357 0.07667824074074074
2 0.07860725308641975 0.5564236111111112 0.01871141975308642 0.056712962962962965
2 0.05478395061728395 0.5406539351851852 0.018132716049382717 0.04832175925925926
2 0.017939814814814815 0.47583912037037035 0.01273148148148148 0.037905092592592594
2 0.17447916666666666 0.44675925925925924 0.01099537037037037 0.037037037037037035
2 0.18798225308641975 0.4683159722222222 0.011381172839506173 0.035590277777777776
2 0.21672453703703703 0.4665798611111111 0.013310185185185185 0.035590277777777776
2 0.26572145061728397 0.5185185185185185 0.016010802469135804 0.047453703703703706
2 0.35185185185185186 0.5643807870370371 0.019290123456790122 0.05758101851851852
2 0.2581983024691358 0.4470486111111111 0.00945216049382716 0.027777777777777776
2 0.2943672839506173 0.4479166666666667 0.010802469135802469 0.030671296296296297
2 0.5438850308641975 0.6074942129629629 0.024498456790123458 0.0703125
2 0.5865162037037037 0.5270543981481481 0.01678240740740741 0.05179398148148148
2 0.6201774691358025 0.5337094907407407 0.019290123456790122 0.055266203703703706
2 0.8125 0.7245370370370371 0.03433641975308642 0.09895833333333333
2 0.6984953703703703 0.5668402777777778 0.021219135802469136 0.0625
2 0.7889660493827161 0.5850694444444444 0.02353395061728395 0.06539351851851852
2 0.8306327160493827 0.5707465277777778 0.023148148148148147 0.06452546296296297
2 0.7452739197530864 0.5070891203703703 0.017939814814814815 0.05063657407407408
2 0.8092206790123457 0.5379050925925926 0.020833333333333332 0.05555555555555555
2 0.8524305555555556 0.49074074074074076 0.018132716049382717 0.046296296296296294
2 0.9700038580246914 0.6358506944444444 0.02797067901234568 0.08130787037037036
2 0.5282600308641975 0.4361979166666667 0.009837962962962963 0.026331018518518517
2 0.5390625 0.43460648148148145 0.009066358024691358 0.027199074074074073
2 0.5418595679012346 0.4660011574074074 0.010802469135802469 0.038483796296296294
2 0.5671296296296297 0.45500578703703703 0.012345679012345678 0.03501157407407408
2 0.5776427469135802 0.4474826388888889 0.010223765432098766 0.03269675925925926
2 0.5827546296296297 0.4347511574074074 0.008487654320987654 0.02980324074074074
2 0.5933641975308642 0.4419849537037037 0.011188271604938271 0.03153935185185185
2 0.6086033950617284 0.43677662037037035 0.010802469135802469 0.02980324074074074
2 0.7265625 0.4285300925925926 0.009066358024691358 0.027777777777777776
2 0.04398148148148148 0.45109953703703703 0.008101851851851851 0.026041666666666668
2 0.9532214506172839 0.4778645833333333 0.016396604938271605 0.044270833333333336
2 0.9498456790123457 0.46469907407407407 0.012345679012345678 0.04050925925925926
2 0.9406828703703703 0.4535590277777778 0.012924382716049383 0.037905092592592594
2 0.9328703703703703 0.44328703703703703 0.010030864197530864 0.034722222222222224
2 0.9263117283950617 0.4366319444444444 0.009645061728395061 0.032407407407407406
2 0.9232253086419753 0.42997685185185186 0.007716049382716049 0.030671296296296297
2 0.9200424382716049 0.42563657407407407 0.007137345679012345 0.028356481481481483
2 0.9168595679012346 0.4223090277777778 0.006172839506172839 0.027488425925925927
2 0.8909143518518519 0.4246238425925926 0.009837962962962963 0.028645833333333332
2 0.39197530864197533 0.44155092592592593 0.008487654320987654 0.028935185185185185
