3 0.45244984567901236 0.6219618055555556 0.030285493827160493 0.0865162037037037
3 0.39602623456790126 0.5302372685185185 0.022376543209876542 0.06684027777777778
3 0.36574074074074076 0.47366898148148145 0.018518518518518517 0.05324074074074074
3 0.3523341049382716 0.4185474537037037 0.015239197530864198 0.04369212962962963
2 0.0234375 0.39597800925925924 0.014853395061728395 0.04195601851851852
2 0.025559413580246913 0.3621238425925926 0.009837962962962963 0.02922453703703704
2 0.14149305555555555 0.35532407407407407 0.00945216049382716 0.02662037037037037
2 0.14486882716049382 0.3917824074074074 0.013117283950617283 0.03761574074074074
2 0.1644483024691358 0.3815104166666667 0.01253858024691358 0.03501157407407408
2 0.23640046296296297 0.3784722222222222 0.012152777777777778 0.03530092592592592
2 0.2682291666666667 0.3658854166666667 0.00945216049382716 0.02806712962962963
2 0.32272376543209874 0.37702546296296297 0.011574074074074073 0.03125
2 0.34780092592592593 0.3624131944444444 0.008873456790123456 0.026331018518518517
2 0.4652777777777778 0.3677662037037037 0.008873456790123456 0.027777777777777776
2 0.509741512345679 0.40552662037037035 0.012152777777777778 0.03674768518518518
2 0.503954475308642 0.3933738425925926 0.010223765432098766 0.03501157407407408
2 0.5146604938271605 0.36791087962962965 0.006944444444444444 0.025752314814814815
2 0.6755401234567902 0.42563657407407407 0.013503086419753086 0.04224537037037037
2 0.7243441358024691 0.39134837962962965 0.010416666666666666 0.030381944444444444
2 0.7553047839506173 0.38266782407407407 0.00945216049382716 0.02922453703703704
2 0.7424768518518519 0.36400462962962965 0.008873456790123456 0.02546296296296296
2 0.7648533950617284 0.4464699074074074 0.015817901234567902 0.04513888888888889
2 0.8423996913580247 0.4693287037037037 0.017361111111111112 0.048032407407407406
2 0.9305555555555556 0.4978298611111111 0.01890432098765432 0.054108796296296294
2 0.8898533950617284 0.39554398148148145 0.009645061728395061 0.03009259259259259
2 0.9116512345679012 0.3765914351851852 0.009259259259259259 0.025752314814814815
2 0.35966435185185186 0.8378182870370371 0.04610339506172839 0.1316550925925926
