1 0.14621913580246915 0.46875 0.016589506172839507 0.048032407407407406
1 0.2647569444444444 0.46079282407407407 0.014853395061728395 0.04600694444444445
1 0.6149691358024691 0.46513310185185186 0.014660493827160493 0.04600694444444445
1 0.7058256172839507 0.4444444444444444 0.01273148148148148 0.03993055555555555
1 0.7390046296296297 0.45630787037037035 0.013888888888888888 0.04224537037037037
1 0.9161844135802469 0.4500868055555556 0.014853395061728395 0.044270833333333336
1 0.9538966049382716 0.4422743055555556 0.013117283950617283 0.04079861111111111
2 0.08072916666666667 0.6801215277777778 0.04224537037037037 0.12239583333333333
2 0.11554783950617284 0.5141782407407407 0.019290123456790122 0.06018518518518518
2 0.021219135802469136 0.4615162037037037 0.016203703703703703 0.04861111111111111
2 0.23977623456790123 0.5387731481481481 0.02546296296296296 0.07060185185185185
2 0.29041280864197533 0.5271990740740741 0.01716820987654321 0.0625
2 0.7194251543209876 0.5753761574074074 0.027584876543209878 0.0853587962962963
2 0.7969714506172839 0.6164641203703703 0.03530092592592592 0.09114583333333333
2 0.7913773148148148 0.5625 0.027584876543209878 0.0775462962962963
2 0.8872492283950617 0.5199652777777778 0.02141203703703704 0.061921296296296294
3 0.8964120370370371 0.5494791666666666 0.02662037037037037 0.07349537037037036
2 0.5973186728395061 0.5004340277777778 0.01832561728395062 0.05700231481481482
1 0.5252700617283951 0.47757523148148145 0.017746913580246913 0.05295138888888889
