3 0.5902777777777778 0.6492598684210527 0.03764619883040936 0.109375
3 0.7107090643274854 0.47491776315789475 0.01206140350877193 0.04523026315789474
0 0.22989766081871346 0.6909265350877193 0.04422514619883041 0.13075657894736842
0 0.025584795321637425 0.5771655701754386 0.03289473684210526 0.09786184210526316
0 0.10800438596491228 0.5439967105263158 0.02887426900584795 0.08415570175438597
0 0.07693713450292397 0.4662828947368421 0.021198830409356724 0.06195175438596491
0 0.007401315789473684 0.4993146929824561 0.014802631578947368 0.07099780701754387
0 0.5271381578947368 0.48739035087719296 0.020650584795321638 0.0581140350877193
0 0.6813779239766082 0.5686677631578947 0.027960526315789474 0.08196271929824561
0 0.689327485380117 0.5375548245614035 0.017909356725146198 0.07072368421052631
0 0.8761878654970761 0.6070449561403509 0.031980994152046784 0.09073464912280702
0 0.88578216374269 0.5216557017543859 0.021564327485380116 0.06469298245614036
0 0.9243421052631579 0.4925986842105263 0.017909356725146198 0.054276315789473686
1 0.8525219298245614 0.46189692982456143 0.01425438596491228 0.04111842105263158
1 0.8821271929824561 0.44942434210526316 0.009868421052631578 0.02823464912280702
1 0.7514619883040936 0.4399671052631579 0.013157894736842105 0.03728070175438596
1 0.385233918128655 0.8212719298245614 0.05884502923976608 0.17434210526315788
1 0.40899122807017546 0.46573464912280704 0.016812865497076022 0.048793859649122806
1 0.5279605263157895 0.4512061403508772 0.015716374269005847 0.0400219298245614
1 0.5177266081871345 0.4270833333333333 0.01206140350877193 0.03782894736842105
1 0.40917397660818716 0.46655701754385964 0.01608187134502924 0.04824561403508772
1 0.3715277777777778 0.42420504385964913 0.013523391812865496 0.03919956140350877
1 0.052448830409356724 0.45230263157894735 0.01608187134502924 0.049890350877192985
4 0.792671783625731 0.4217379385964912 0.01699561403508772 0.07648026315789473
0 0.7240497076023392 0.45874451754385964 0.014985380116959063 0.04797149122807018
