0 0.870796783625731 0.8530701754385965 0.07017543859649122 0.19298245614035087
0 0.9059758771929824 0.6735197368421053 0.04842836257309942 0.1337719298245614
0 0.9689327485380117 0.6133497807017544 0.03983918128654971 0.11430921052631579
0 0.7440606725146199 0.5275493421052632 0.027595029239766082 0.07757675438596491
0 0.72359283625731 0.5124725877192983 0.01918859649122807 0.07428728070175439
0 0.6938961988304093 0.30825109649122806 0.0062134502923976605 0.021107456140350877
0 0.6695906432748538 0.390625 0.01206140350877193 0.03782894736842105
0 0.6336805555555556 0.38445723684210525 0.01114766081871345 0.036458333333333336
0 0.6504934210526315 0.31551535087719296 0.006030701754385965 0.022478070175438597
0 0.6125730994152047 0.3227796052631579 0.006578947368421052 0.021655701754385966
0 0.5754751461988304 0.40981359649122806 0.01206140350877193 0.0400219298245614
0 0.5744700292397661 0.47765899122807015 0.01663011695906433 0.060581140350877194
0 0.041666666666666664 0.8270285087719298 0.05701754385964912 0.16173245614035087
0 0.03782894736842105 0.4901315789473684 0.015716374269005847 0.05317982456140351
0 0.022021198830409358 0.4550438596491228 0.0133406432748538 0.042214912280701754
0 0.07072368421052631 0.41228070175438597 0.01023391812865497 0.03289473684210526
0 0.05345394736842105 0.40707236842105265 0.008589181286549707 0.03125
0 0.0626827485380117 0.4028234649122807 0.00804093567251462 0.031524122807017545
0 0.0062134502923976605 0.3595120614035088 0.006944444444444444 0.0200109649122807
0 0.04093567251461988 0.35841557017543857 0.006578947368421052 0.021107456140350877
0 0.13916301169590642 0.38898026315789475 0.009685672514619883 0.030153508771929825
0 0.16374269005847952 0.41310307017543857 0.011695906432748537 0.0356359649122807
0 0.21354166666666666 0.37582236842105265 0.007858187134502924 0.027412280701754384
0 0.26571637426900585 0.4897203947368421 0.019005847953216373 0.057839912280701754
0 0.24406067251461988 0.42612390350877194 0.012244152046783625 0.038651315789473686
0 0.25484283625730997 0.4096765350877193 0.010782163742690058 0.034265350877192985
0 0.31953581871345027 0.43928179824561403 0.014437134502923976 0.04358552631578947
0 0.32474415204678364 0.4107730263157895 0.01023391812865497 0.03481359649122807
0 0.3165204678362573 0.39089912280701755 0.007309941520467836 0.03070175438596491
0 0.32538377192982454 0.38253837719298245 0.008954678362573099 0.031524122807017545
0 0.27786915204678364 0.36499451754385964 0.008589181286549707 0.026589912280701754
0 0.3272112573099415 0.33429276315789475 0.005299707602339181 0.0200109649122807
0 0.3963815789473684 0.3900767543859649 0.009502923976608187 0.03125
0 0.40561038011695905 0.36252741228070173 0.007858187134502924 0.027138157894736843
0 0.34667397660818716 0.35128837719298245 0.003654970760233918 0.024396929824561403
