0 0.919499269005848 0.7223135964912281 0.0356359649122807 0.10800438596491228
0 0.7561220760233918 0.5746984649122807 0.026133040935672515 0.07209429824561403
0 0.7307200292397661 0.5267269736842105 0.022112573099415205 0.06387061403508772
0 0.865953947368421 0.47560307017543857 0.017361111111111112 0.05317982456140351
0 0.9071637426900585 0.4387335526315789 0.015716374269005847 0.04632675438596491
0 0.8176169590643275 0.41502192982456143 0.012792397660818713 0.04057017543859649
0 0.6446454678362573 0.40254934210526316 0.011878654970760233 0.036458333333333336
0 0.5036549707602339 0.4439418859649123 0.014619883040935672 0.04468201754385965
0 0.4769736842105263 0.4298245614035088 0.013523391812865496 0.041666666666666664
0 0.3805738304093567 0.6722861842105263 0.030884502923976608 0.09292763157894737
0 0.1453764619883041 0.6030701754385965 0.026498538011695907 0.0756578947368421
0 0.15561038011695907 0.5227521929824561 0.019919590643274854 0.0581140350877193
0 0.006030701754385965 0.37088815789473684 0.009137426900584795 0.027412280701754384
0 0.022203947368421052 0.3843201754385965 0.010051169590643274 0.030153508771929825
0 0.1648391812865497 0.39240679824561403 0.01023391812865497 0.03262061403508772
0 0.1541483918128655 0.3530701754385965 0.007858187134502924 0.024671052631578948
0 0.13404605263157895 0.33114035087719296 0.00712719298245614 0.023026315789473683
0 0.09703947368421052 0.34059758771929827 0.007309941520467836 0.022203947368421052
0 0.09119152046783625 0.3279879385964912 0.006578947368421052 0.0200109649122807
0 0.23866959064327486 0.31935307017543857 0.005847953216374269 0.020285087719298246
0 0.2897478070175439 0.3399122807017544 0.007858187134502924 0.023574561403508772
0 0.353983918128655 0.4232456140350877 0.013157894736842105 0.03892543859649123
