1 0.6182142857142857 0.7523544520547946 0.08214285714285714 0.2538527397260274
1 0.3588571428571429 0.626070205479452 0.062 0.1797945205479452
1 0.2495 0.5450556506849316 0.04557142857142857 0.13591609589041095
1 0.18114285714285713 0.5079195205479452 0.036 0.1091609589041096
1 0.16442857142857142 0.4799871575342466 0.022 0.09439212328767123
1 0.18407142857142858 0.4417808219178082 0.019 0.07448630136986302
1 0.2732857142857143 0.4312928082191781 0.02085714285714286 0.061215753424657536
1 0.3482857142857143 0.4220890410958904 0.02 0.06078767123287671
1 0.3842857142857143 0.4238013698630137 0.017142857142857144 0.05650684931506849
1 0.44457142857142856 0.4223030821917808 0.016 0.0586472602739726
1 0.40785714285714286 0.3882705479452055 0.011714285714285714 0.039383561643835614
1 0.08164285714285714 0.3778895547945205 0.012142857142857143 0.03788527397260274
1 0.1692857142857143 0.3804580479452055 0.010285714285714285 0.04173801369863014
4 0.12878571428571428 0.3421446917808219 0.015 0.0798373287671233
3 0.010357142857142856 0.3631207191780822 0.007571428571428572 0.03360445205479452
3 0.04007142857142857 0.3652611301369863 0.009 0.03403253424657534
3 0.027642857142857143 0.3472816780821918 0.007285714285714286 0.029751712328767124
3 0.14835714285714285 0.3678296232876712 0.00842857142857143 0.03403253424657534
3 0.11557142857142857 0.3676155821917808 0.008 0.03446061643835616
3 0.15285714285714286 0.4741010273972603 0.022857142857142857 0.09375
3 0.21607142857142858 0.4570847602739726 0.027285714285714285 0.08497431506849315
4 0.6978571428571428 0.3741438356164384 0.02457142857142857 0.09289383561643835
4 0.4575 0.3522046232876712 0.018714285714285715 0.07512842465753425
3 0.8385714285714285 0.4227311643835616 0.014857142857142857 0.05393835616438356
3 0.1875 0.3660102739726027 0.011 0.039383561643835614
3 0.20892857142857144 0.3699700342465753 0.009285714285714286 0.036601027397260275
3 0.22835714285714287 0.3715753424657534 0.010714285714285714 0.03553082191780822
3 0.25785714285714284 0.3695419520547945 0.012 0.03446061643835616
3 0.2973571428571429 0.3747859589041096 0.011571428571428571 0.03809931506849315
1 0.2759285714285714 0.3836686643835616 0.014428571428571428 0.04259417808219178
3 0.3319285714285714 0.3746789383561644 0.011571428571428571 0.03146404109589041
3 0.37214285714285716 0.3742508561643836 0.011142857142857144 0.03446061643835616
