1 0.04375 0.7403298045602605 0.033967391304347824 0.09507328990228013
1 0.11915760869565217 0.7009364820846905 0.027717391304347826 0.07939739413680781
1 0.15686141304347825 0.6728420195439739 0.015081521739130434 0.06596091205211727
1 0.013926630434782608 0.5763436482084691 0.010733695652173914 0.029723127035830618
1 0.11841032608695652 0.5764454397394136 0.010733695652173914 0.029112377850162866
1 0.18614130434782608 0.5786848534201955 0.009510869565217392 0.030741042345276873
1 0.21528532608695652 0.5764454397394136 0.010733695652173914 0.030741042345276873
1 0.2247282608695652 0.5751221498371335 0.009782608695652175 0.029315960912052116
1 0.5591032608695652 0.6054560260586319 0.012228260869565218 0.037866449511400654
1 0.5530570652173913 0.6005700325732899 0.008559782608695651 0.03460912052117264
1 0.647554347826087 0.612785016286645 0.013043478260869565 0.04030944625407166
1 0.6425271739130435 0.7054153094462541 0.02391304347826087 0.07532573289902281
1 0.625 0.6783387622149837 0.01983695652173913 0.06433224755700326
1 0.8287364130434782 0.8484324104234527 0.04769021739130435 0.1361970684039088
1 0.7751358695652174 0.7980456026058632 0.04076086956521739 0.11685667752442996
1 0.7127717391304348 0.7468444625407166 0.03288043478260869 0.09588762214983713
1 0.9287364130434783 0.6138029315960912 0.012907608695652174 0.038273615635179156
1 0.8780570652173914 0.6329397394136808 0.015625 0.044381107491856676
1 0.7428668478260869 0.6215390879478827 0.01345108695652174 0.04071661237785016
1 0.7309103260869565 0.588049674267101 0.010190217391304348 0.029519543973941367
3 0.9168478260869565 0.8754071661237784 0.049728260869565215 0.1494299674267101
3 0.8257472826086957 0.6806799674267101 0.021331521739130433 0.06779315960912052
