0 0.6495796783625731 0.8752741228070176 0.06195175438596491 0.20010964912280702
0 0.0447733918128655 0.8138706140350878 0.04751461988304093 0.13980263157894737
0 0.21929824561403508 0.7243695175438597 0.04312865497076023 0.12911184210526316
0 0.17982456140350878 0.6959978070175439 0.0402046783625731 0.1206140350877193
0 0.01471125730994152 0.6966831140350878 0.028691520467836257 0.10773026315789473
0 0.008863304093567252 0.4486019736842105 0.01699561403508772 0.06112938596491228
0 0.05546418128654971 0.40446820175438597 0.02101608187134503 0.05838815789473684
0 0.08945540935672515 0.46984649122807015 0.023940058479532164 0.07017543859649122
0 0.062134502923976605 0.32442434210526316 0.012792397660818713 0.04358552631578947
0 0.12755847953216373 0.26247258771929827 0.011330409356725146 0.036458333333333336
0 0.14601608187134502 0.2593201754385965 0.009502923976608187 0.03453947368421053
0 0.17443347953216373 0.2807017543859649 0.012609649122807017 0.043859649122807015
0 0.14894005847953215 0.3940515350877193 0.016812865497076022 0.05893640350877193
0 0.18393640350877194 0.34018640350877194 0.014802631578947368 0.052083333333333336
0 0.2052266081871345 0.32003837719298245 0.01608187134502924 0.0512609649122807
0 0.26571637426900585 0.29125548245614036 0.015350877192982455 0.04906798245614035
0 0.29294590643274854 0.32579495614035087 0.017543859649122806 0.05071271929824561
0 0.2987938596491228 0.23327850877192982 0.012792397660818713 0.041666666666666664
0 0.3190789473684211 0.18201754385964913 0.011330409356725146 0.03179824561403509
0 0.3359831871345029 0.17722039473684212 0.010416666666666666 0.03262061403508772
0 0.3846856725146199 0.19736842105263158 0.011330409356725146 0.027412280701754384
0 0.47496345029239767 0.14391447368421054 0.01206140350877193 0.03618421052631579
0 0.5004568713450293 0.13199013157894737 0.009685672514619883 0.02987938596491228
0 0.488578216374269 0.16474780701754385 0.010416666666666666 0.03453947368421053
0 0.5556469298245614 0.13939144736842105 0.010051169590643274 0.033168859649122806
0 0.5752923976608187 0.16543311403508773 0.01206140350877193 0.04029605263157895
0 0.6264619883040936 0.10512609649122807 0.009502923976608187 0.03042763157894737
0 0.6446454678362573 0.10800438596491228 0.00932017543859649 0.029605263157894735
0 0.6564327485380117 0.13555372807017543 0.009502923976608187 0.04084429824561404
0 0.6850328947368421 0.08675986842105263 0.011513157894736841 0.03042763157894737
0 0.7076937134502924 0.08675986842105263 0.010416666666666666 0.032072368421052634
0 0.7289839181286549 0.10649671052631579 0.010964912280701754 0.036458333333333336
0 0.6374269005847953 0.26795504385964913 0.01864035087719298 0.05838815789473684
0 0.6762609649122807 0.27809758771929827 0.02101608187134503 0.06112938596491228
0 0.7977887426900585 0.07881030701754387 0.009685672514619883 0.03755482456140351
0 0.8107638888888888 0.05646929824561404 0.010051169590643274 0.03125
0 0.8766447368421053 0.05071271929824561 0.009868421052631578 0.03344298245614035
0 0.9037828947368421 0.02987938596491228 0.008223684210526315 0.0268640350877193
0 0.9404239766081871 0.026589912280701754 0.005482456140350877 0.03234649122807018
0 0.9480080409356725 0.02275219298245614 0.007858187134502924 0.03289473684210526
