0 0.045920692798541475 0.7444444444444445 0.028486782133090246 0.08102564102564103
0 0.7657247037374658 0.9205128205128205 0.03828623518687329 0.11931623931623932
0 0.7192342752962625 0.7150427350427351 0.02643573381950775 0.07555555555555556
0 0.5632406563354604 0.6247863247863248 0.014357338195077484 0.044786324786324785
0 0.49430264357338194 0.5512820512820513 0.010027347310847767 0.03111111111111111
0 0.39767547857793983 0.4788034188034188 0.006381039197812215 0.020854700854700856
0 0.47652689152233363 0.46615384615384614 0.006381039197812215 0.02017094017094017
0 0.5926390154968095 0.48324786324786323 0.007064721969006381 0.022222222222222223
0 0.6215815861440291 0.5422222222222223 0.008432087511394713 0.02735042735042735
0 0.6539425706472197 0.5899145299145299 0.01162260711030082 0.037264957264957266
0 0.7621923427529627 0.5712820512820512 0.011166818596171376 0.03282051282051282
0 0.8138103919781221 0.5374358974358975 0.009115770282588878 0.028034188034188036
0 0.8713536918869644 0.4835897435897436 0.007976298997265268 0.02017094017094017
0 0.9231996353691887 0.5601709401709402 0.010027347310847767 0.031794871794871796
0 0.12727894257064723 0.614017094017094 0.013445761166818596 0.041025641025641026
