0 0.6087101063829787 0.787101593625498 0.030585106382978722 0.08914342629482072
0 0.20719747340425532 0.7453934262948207 0.026097074468085107 0.07644422310756972
0 0.12940492021276595 0.6932270916334662 0.022440159574468085 0.0647410358565737
0 0.19689162234042554 0.583914342629482 0.015126329787234043 0.04282868525896414
0 0.1124501329787234 0.4788346613545817 0.010139627659574468 0.03336653386454183
0 0.15799534574468085 0.4529382470119522 0.008809840425531915 0.027888446215139442
0 0.37632978723404253 0.43264442231075695 0.008643617021276596 0.02963147410358566
0 0.5548537234042553 0.42006972111553786 0.007313829787234043 0.027390438247011952
0 0.7051196808510638 0.6703187250996016 0.021941489361702128 0.06573705179282868
0 0.899185505319149 0.6997011952191236 0.024434840425531915 0.07370517928286853
0 0.933843085106383 0.6372011952191236 0.020279255319148936 0.061752988047808766
0 0.8837267287234043 0.5197958167330677 0.014128989361702128 0.04058764940239044
0 0.8387632978723404 0.5061005976095617 0.01163563829787234 0.03859561752988048
0 0.956532579787234 0.48306772908366535 0.00980718085106383 0.03436254980079681
0 0.944813829787234 0.4073705179282869 0.006981382978723404 0.029382470119521914
0 0.9782247340425532 0.3940488047808765 0.007978723404255319 0.02564741035856574
0 0.8494847074468085 0.4098605577689243 0.0078125 0.025398406374501994
0 0.8206449468085106 0.3999003984063745 0.008311170212765957 0.025896414342629483
0 0.7057014627659575 0.47260956175298807 0.009142287234042553 0.03386454183266932
0 0.7289727393617021 0.4709910358565737 0.010139627659574468 0.034113545816733065
0 0.753158244680851 0.41994521912350596 0.006981382978723404 0.028137450199203187
0 0.692154255319149 0.40836653386454186 0.006648936170212766 0.02888446215139442
