0 0.10578959755236526 0.7550300035298271 0.057660626029654036 0.1687257324391105
0 0.9379854083313721 0.5342393222732086 0.040715462461755704 0.11966113660430638
0 0.9402212285243586 0.13942816801976704 0.017415862555895504 0.043063889869396396
0 0.9598729112732408 0.12266148958701023 0.01576841609790539 0.03847511471937875
0 0.9828194869381031 0.0661842569714084 0.011767474699929396 0.02717966819625838
0 0.9710520122381737 0.03653370984821744 0.011767474699929396 0.027885633603953405
0 0.9005648387855966 0.05947758559830568 0.010590727229936456 0.027885633603953405
0 0.8296069663450224 0.09442287327920931 0.013179571663920923 0.032121426050123546
0 0.7900682513532596 0.10695375926579598 0.01459166862791245 0.033180374161666075
0 0.7366439162155801 0.03847511471937875 0.01129677571193222 0.02894458171549594
0 0.6841609790538951 0.033709848217437346 0.013650270651918098 0.025061771973173313
0 0.6945163567898329 0.023826332509707025 0.008001882795951988 0.020825979527003175
0 0.6579195104730525 0.07165548888104482 0.012002824193927984 0.02894458171549594
0 0.629677571193222 0.1399576420755383 0.016239115085902565 0.04482880338863396
0 0.520828430218875 0.12372043769855277 0.01459166862791245 0.04129897635015884
0 0.5062367615909625 0.08983409812919167 0.013179571663920923 0.03494528768090364
0 0.516827488820899 0.06477232615601836 0.012238173687926571 0.030709495234733496
0 0.44104495175335373 0.041475467702082595 0.010826076723935044 0.027885633603953405
0 0.46434455165921396 0.03671020120014119 0.010826076723935044 0.027532650900105895
0 0.41539185690750763 0.07871514295799506 0.009884678747940691 0.03106247793858101
0 0.38244292774770533 0.0972467349099894 0.012238173687926571 0.03847511471937875
0 0.283831489762297 0.2777973879279915 0.024476347375853143 0.06424285210024709
0 0.19381030830783713 0.2260854218143311 0.0214168039538715 0.0554182845040593
0 0.14332784184514002 0.2026120720084716 0.020240056483878558 0.0522414401694317
0 0.10637797128736173 0.1821390751853159 0.016945163567898328 0.04871161313095658
0 0.13697340550717815 0.161842569714084 0.010826076723935044 0.039887045534768795
0 0.19180983760884915 0.1291916696081892 0.015062367615909626 0.040240028238616304
0 0.31607437044010356 0.14684080480056477 0.016003765591903977 0.04376985527709142
0 0.26759237467639446 0.0801270737733851 0.010355377735937867 0.030356512530885987
0 0.24758766768651447 0.07783268619837629 0.01129677571193222 0.02929756441934345
0 0.23087785361261473 0.06953759265795977 0.010355377735937867 0.027532650900105895
0 0.2725347140503648 0.0370631839039887 0.009884678747940691 0.02400282386163078
0 0.3096022593551424 0.019590540063536888 0.009178630265944928 0.021531944934698198
0 0.18216050835490705 0.04376985527709142 0.009884678747940691 0.027532650900105895
0 0.10049423393739704 0.08683374514648783 0.013179571663920923 0.0338863395693611
0 0.011767474699929396 0.07342040240028239 0.010355377735937867 0.028238616307800918
