0 0.27114280055456524 0.8285799168152109 0.05783323430382254 0.17231134878193702
0 0.08189740542681719 0.7520796197266786 0.05327787680728857 0.15537730243612596
0 0.07823331352743118 0.6715686274509803 0.045949693008516534 0.12626262626262627
0 0.05397108338284809 0.6166072489601901 0.0374331550802139 0.11081402257872847
0 0.043870073281837986 0.5138146167557932 0.028718558130322838 0.08704693998811645
0 0.1265597147950089 0.4829174093879976 0.030897207367795602 0.08288770053475936
0 0.04377104377104377 0.33095662507427215 0.018221429986135868 0.052881758764111705
0 0.16825113883937412 0.37329174093879974 0.019211725094078036 0.05912061794414736
0 0.2807486631016043 0.46108140225787286 0.02594573182808477 0.0748663101604278
0 0.9704892057833234 0.5714497920380274 0.033273915626856804 0.10011883541295306
0 0.8494751435927906 0.5359477124183006 0.030501089324618737 0.08793820558526441
0 0.7899584076054664 0.4891562685680333 0.028718558130322838 0.08288770053475936
0 0.8480887304416717 0.4692513368983957 0.026143790849673203 0.08051099227569816
0 0.7879778173895821 0.4035947712418301 0.02238066943949297 0.06565656565656566
0 0.5985343632402456 0.36081402257872847 0.018221429986135868 0.05674390968508616
0 0.5686274509803921 0.4506833036244801 0.019013666072489603 0.0766488413547237
