4 0.1907741074407741 0.5570570570570571 0.03620286953620287 0.12612612612612611
4 0.20203536870203537 0.5482982982982983 0.024024024024024024 0.12412412412412413
4 0.7927927927927928 0.5616866866866866 0.03570236903570237 0.12837837837837837
4 0.7755255255255256 0.5520520520520521 0.026526526526526525 0.12312312312312312
1 0.2772772772772773 0.49011511511511513 0.019352686019352687 0.053803803803803806
1 0.32841174507841175 0.44156656656656657 0.01384718051384718 0.04079079079079079
1 0.3611111111111111 0.4112862862862863 0.01284617951284618 0.03328328328328328
1 0.39622956289622957 0.3758758758758759 0.009009009009009009 0.024024024024024024
1 0.40949282615949284 0.3663663663663664 0.008174841508174841 0.023523523523523524
1 0.41766766766766766 0.357982982982983 0.00850850850850851 0.02127127127127127
0 0.6361361361361362 0.4423173173173173 0.014014014014014014 0.041791791791791794
0 0.5729062395729062 0.3755005005005005 0.007340674007340674 0.02177177177177177
0 0.5644811478144811 0.36761761761761763 0.00850850850850851 0.023523523523523524
