0 0.142998417721519 0.749925838030258 0.02531645569620253 0.07178878671017502
0 0.24584651898734178 0.6541085731237022 0.019382911392405063 0.05458320973005043
0 0.3158623417721519 0.5965588846039751 0.015427215189873418 0.04331059032927915
0 0.3571004746835443 0.5572530406407594 0.013251582278481012 0.03411450608128152
0 0.3909216772151899 0.5324829427469594 0.010482594936708861 0.0308513794126372
0 0.4125791139240506 0.5143874221299318 0.010284810126582278 0.027291604865025215
0 0.4284018987341772 0.4994067042420647 0.00870253164556962 0.024028478196380897
0 0.4416534810126582 0.4881340848412934 0.007515822784810127 0.022841886680510234
0 0.45352056962025317 0.4784930287748443 0.007911392405063292 0.021358647285671908
0 0.4612341772151899 0.4697419163452981 0.007120253164556962 0.02106199940670424
1 0.09572784810126582 0.5713438148917235 0.012658227848101266 0.03737763274992584
1 0.1685126582278481 0.5436072382082469 0.010680379746835443 0.031148027291604864
1 0.21677215189873417 0.5240284781963809 0.009889240506329115 0.02818154850192821
1 0.2560324367088608 0.5084544645505784 0.009691455696202531 0.024918421833283893
1 0.2884691455696203 0.4945120142390982 0.008109177215189873 0.0231385345594779
1 0.31408227848101267 0.4841293384752299 0.007120253164556962 0.020765351527736578
1 0.33554193037974683 0.47656481756155444 0.007713607594936709 0.02106199940670424
1 0.35433148734177217 0.468110353010976 0.007318037974683544 0.0231385345594779
1 0.36758306962025317 0.46262236725007416 0.007713607594936709 0.02046870364876891
1 0.38093354430379744 0.45743102936814 0.007120253164556962 0.020172055769801245
3 0.892306170886076 0.5081578166716108 0.007713607594936709 0.026698309107089886
