1 0.3002901353965184 0.9455930359085963 0.049806576402321084 0.09938338774029742
1 0.3086315280464217 0.8875589408777657 0.05536750483558994 0.11389191149800508
1 0.316610251450677 0.8322451940515052 0.03795938104448743 0.09394269133115705
1 0.3328094777562863 0.8050417120058034 0.030705996131528045 0.08886470801595937
1 0.3359526112185687 0.7705839680812477 0.02925531914893617 0.06492564381574174
0 0.6576402321083172 0.6701124410591223 0.013056092843326886 0.035183170112441056
4 0.6664651837524178 0.6581429089590134 0.022001934235976787 0.06347479143997098
0 0.6803675048355899 0.6750090678273486 0.01644100580270793 0.03917301414581066
0 0.7076885880077369 0.6824446862531738 0.014990328820116054 0.04388828436706565
0 0.7387572533849129 0.6927820094305405 0.01958413926499033 0.05077983315197679
0 0.9893617021276596 0.7865433442147262 0.020793036750483558 0.08523757707653247
0 0.9192456479690522 0.7595212187159956 0.022243713733075435 0.07254261878853827
0 0.8549323017408124 0.7373957199854915 0.024177949709864602 0.06383750453391368
0 0.8064555125725339 0.7207109176641276 0.022969052224371372 0.06166122597025753
0 0.7738152804642167 0.7060210373594487 0.02441972920696325 0.05404425099746101
3 0.6420454545454546 0.6643090315560392 0.014264990328820115 0.03735944867609721
3 0.625362669245648 0.6605005440696409 0.0152321083172147 0.033369604642727604
3 0.6149661508704062 0.6548784911135292 0.012330754352030947 0.03228146536089953
