1 0.09496527777777777 0.5645833333333333 0.02361111111111111 0.059375
1 0.3233506944444444 0.5872395833333334 0.021354166666666667 0.06666666666666667
1 0.04079861111111111 0.9141927083333333 0.05451388888888889 0.16953125
1 0.8962673611111112 0.7854166666666667 0.04982638888888889 0.128125
1 0.940625 0.63828125 0.029166666666666667 0.08072916666666667
0 0.022569444444444444 0.7083333333333334 0.03576388888888889 0.11145833333333334
0 0.054253472222222224 0.59140625 0.027604166666666666 0.06770833333333333
0 0.1915798611111111 0.6697916666666667 0.04114583333333333 0.0984375
0 0.23428819444444443 0.6424479166666667 0.03315972222222222 0.09375
0 0.27743055555555557 0.6234375 0.034027777777777775 0.0796875
