0 0.923253052917232 0.7386192342478143 0.03544776119402985 0.11757612300271329
0 0.07369402985074627 0.7218872475128127 0.03612618724559023 0.102803738317757
0 0.07259158751696065 0.6650587880615013 0.018656716417910446 0.061501356647573106
0 0.03239484396200814 0.6290322580645161 0.01797829036635007 0.053361471208923726
0 0.1451831750339213 0.6302381670183901 0.01662143826322931 0.04552306300874284
0 0.07488127544097693 0.5613506180283389 0.011363636363636364 0.030750678323786553
0 0.15078018995929443 0.5580343684051854 0.00983717774762551 0.02411817907747965
0 0.5077170963364993 0.6724449804039795 0.018147896879240163 0.06542056074766354
1 0.248219131614654 0.6397347000301478 0.015094979647218454 0.050648176062707266
1 0.22795115332428764 0.6395839614109134 0.013568521031207599 0.053361471208923726
1 0.37762890094979645 0.7646970153753392 0.0405359565807327 0.14561350618028338
1 0.574966078697422 0.6356647573108231 0.014246947082767978 0.042508290624057886
1 0.873219131614654 0.6457642447995177 0.016451831750339214 0.05486885740126621
1 0.7382123473541384 0.6344588483569491 0.011363636363636364 0.040096472716309915
1 0.9045115332428765 0.6329514621646066 0.014246947082767978 0.04552306300874284
0 0.5558853459972863 0.6249623153451914 0.012042062415196744 0.045221585770274346
0 0.7044606512890095 0.6261682242990654 0.015773405698778834 0.04280976786252638
0 0.9420793758480326 0.6208923726258667 0.015773405698778834 0.040096472716309915
0 0.8104647218453188 0.5492915284895991 0.008989145183175035 0.02472113355441664
0 0.8878900949796472 0.5532107325896894 0.008480325644504749 0.02411817907747965
0 0.7145522388059702 0.5491407898703647 0.00983717774762551 0.029243292131444075
0 0.6385685210312076 0.5492915284895991 0.01051560379918589 0.02894181489297558
0 0.5256953867028494 0.5446186312933373 0.008989145183175035 0.02683147422369611
1 0.5608887381275441 0.5384383479047332 0.008819538670284939 0.02351522460054266
1 0.6768995929443691 0.5408501658124811 0.009158751696065129 0.02411817907747965
1 0.7835820895522388 0.5425082906240579 0.007462686567164179 0.022610792885137173
0 0.7880766621438263 0.5144709074464878 0.0066146540027137045 0.020198974977389206
0 0.8599898236092266 0.5093457943925234 0.004918588873812755 0.020198974977389206
0 0.2753561736770692 0.5461260174856798 0.012042062415196744 0.029243292131444075
1 0.14654002713704206 0.537684654808562 0.009158751696065129 0.02683147422369611
1 0.23736431478968792 0.5372324389508593 0.007971506105834464 0.027132951462164608
1 0.06563772048846676 0.5422068133855894 0.008480325644504749 0.024419656315948148
1 0.34260515603799185 0.5348206210431112 0.009497964721845319 0.02472113355441664
1 0.44386024423337855 0.5369309617123907 0.008819538670284939 0.02472113355441664
0 0.4375 0.5411516430509496 0.009667571234735413 0.02411817907747965
1 0.8953527815468114 0.5467289719626168 0.007801899592944369 0.027434428700633104
1 0.9913500678426052 0.5494422671088333 0.007462686567164179 0.028037383177570093
0 0.9644674355495251 0.5562255049743744 0.010685210312075984 0.02894181489297558
