0 0.3438390313390313 0.5430021367521367 0.02849002849002849 0.09455128205128205
0 0.21866096866096865 0.4596688034188034 0.017094017094017096 0.05502136752136752
0 0.19034900284900286 0.391025641025641 0.00819088319088319 0.029914529914529916
0 0.20592948717948717 0.37727029914529914 0.0073005698005698 0.02590811965811966
0 0.13470441595441596 0.3839476495726496 0.006944444444444444 0.030181623931623932
0 0.3738425925925926 0.3954326923076923 0.008012820512820512 0.030715811965811964
0 0.30475427350427353 0.3729967948717949 0.006588319088319089 0.024305555555555556
0 0.4379451566951567 0.3768696581196581 0.005163817663817663 0.024572649572649572
0 0.6348824786324786 0.41225961538461536 0.008725071225071225 0.033386752136752136
0 0.6504629629629629 0.38247863247863245 0.006054131054131054 0.0219017094017094
0 0.7644230769230769 0.38514957264957267 0.005341880341880342 0.021367521367521368
0 0.8827457264957265 0.3926282051282051 0.005163817663817663 0.02403846153846154
0 0.9604700854700855 0.5200320512820513 0.023504273504273504 0.07318376068376069
1 0.1396011396011396 0.5944177350427351 0.04344729344729345 0.1284722222222222
1 0.14610042735042736 0.4428418803418803 0.015491452991452992 0.04700854700854701
1 0.017361111111111112 0.40371260683760685 0.011574074074074073 0.03445512820512821
1 0.1172542735042735 0.3719284188034188 0.007656695156695157 0.025373931623931624
1 0.2150997150997151 0.41038995726495725 0.011396011396011397 0.03498931623931624
1 0.25195868945868943 0.36538461538461536 0.006766381766381766 0.023504273504273504
1 0.31009615384615385 0.42975427350427353 0.011574074074074073 0.04326923076923077
1 0.34090099715099714 0.42080662393162394 0.012642450142450143 0.04193376068376068
1 0.3856837606837607 0.36952457264957267 0.00641025641025641 0.02377136752136752
1 0.5380163817663818 0.374732905982906 0.005163817663817663 0.022970085470085472
1 0.8538995726495726 0.38461538461538464 0.00551994301994302 0.0202991452991453
1 0.9875356125356125 0.5747863247863247 0.02386039886039886 0.11378205128205128
1 0.9983974358974359 0.3860844017094017 0.002849002849002849 0.021634615384615384
4 0.44542378917378916 0.34588675213675213 0.009437321937321937 0.03579059829059829
4 0.45450498575498577 0.34628739316239315 0.009081196581196582 0.03552350427350427
