1 0.31953125 0.6345052083333333 0.01545138888888889 0.04453125
1 0.33958333333333335 0.6322916666666667 0.013541666666666667 0.0453125
1 0.3540798611111111 0.62890625 0.011979166666666667 0.03958333333333333
1 0.41414930555555557 0.6247395833333333 0.016493055555555556 0.051041666666666666
1 0.4365451388888889 0.60625 0.011284722222222222 0.033854166666666664
1 0.46640625 0.5940104166666667 0.010243055555555556 0.03177083333333333
1 0.49713541666666666 0.5830729166666667 0.009895833333333333 0.030208333333333334
1 0.5337673611111111 0.575390625 0.009548611111111112 0.028385416666666666
1 0.5599826388888889 0.570703125 0.009548611111111112 0.026822916666666665
1 0.5910590277777777 0.5651041666666666 0.008506944444444444 0.026041666666666668
1 0.6121527777777778 0.5578125 0.005555555555555556 0.025520833333333333
1 0.5380208333333333 0.6178385416666666 0.016319444444444445 0.05182291666666667
1 0.7080729166666667 0.6127604166666667 0.017881944444444443 0.05625
1 0.7664930555555556 0.5395833333333333 0.007638888888888889 0.0234375
4 0.3987847222222222 0.6057291666666667 0.014930555555555556 0.06041666666666667
4 0.4050347222222222 0.602734375 0.009027777777777777 0.05651041666666667
0 0.9138888888888889 0.6088541666666667 0.017013888888888887 0.04895833333333333
0 0.80078125 0.6130208333333333 0.01579861111111111 0.046875
0 0.7430555555555556 0.615625 0.014930555555555556 0.04114583333333333
0 0.7223958333333333 0.6010416666666667 0.009375 0.034375
0 0.7171875 0.6127604166666667 0.009027777777777777 0.04114583333333333
0 0.7318576388888889 0.590625 0.010590277777777778 0.0296875
0 0.7443576388888888 0.579296875 0.009548611111111112 0.029427083333333333
0 0.7677083333333333 0.5696614583333334 0.009027777777777777 0.027864583333333335
0 0.7794270833333333 0.5669270833333333 0.008854166666666666 0.027083333333333334
0 0.7973958333333333 0.5614583333333333 0.007638888888888889 0.025520833333333333
0 0.8152777777777778 0.55546875 0.00798611111111111 0.025
0 0.8862847222222222 0.5444010416666667 0.007638888888888889 0.023697916666666666
0 0.7006076388888889 0.6095052083333333 0.013020833333333334 0.04192708333333333
4 0.70390625 0.5944010416666666 0.016493055555555556 0.06432291666666666
