0 0.061371527777777775 0.8884114583333333 0.052256944444444446 0.18151041666666667
0 0.4856770833333333 0.69609375 0.02621527777777778 0.08854166666666667
0 0.06510416666666667 0.5453125 0.011805555555555555 0.0375
0 0.15 0.5424479166666667 0.009722222222222222 0.03125
0 0.25859375 0.54453125 0.008854166666666666 0.0359375
0 0.321875 0.5404947916666667 0.010416666666666666 0.03359375
0 0.46085069444444443 0.54375 0.008854166666666666 0.036458333333333336
0 0.45546875 0.53984375 0.007465277777777778 0.0328125
0 0.8920138888888889 0.6768229166666667 0.02326388888888889 0.08385416666666666
0 0.9055555555555556 0.6016927083333333 0.018055555555555554 0.055989583333333336
0 0.9590277777777778 0.556640625 0.011458333333333333 0.04192708333333333
0 0.8434895833333333 0.5364583333333334 0.0109375 0.034895833333333334
1 0.21727430555555555 0.6809895833333334 0.024131944444444445 0.07760416666666667
1 0.35659722222222223 0.6188802083333333 0.018055555555555554 0.055989583333333336
1 0.42074652777777777 0.628515625 0.01857638888888889 0.06015625
1 0.41215277777777776 0.60234375 0.013541666666666667 0.050520833333333334
1 0.4657118055555556 0.6384114583333333 0.017534722222222222 0.06588541666666667
1 0.4822048611111111 0.6541666666666667 0.02309027777777778 0.06979166666666667
1 0.46727430555555555 0.566015625 0.013368055555555555 0.04088541666666667
1 0.48758680555555556 0.5333333333333333 0.00920138888888889 0.03333333333333333
1 0.33315972222222223 0.532421875 0.008680555555555556 0.030989583333333334
1 0.25008680555555557 0.5583333333333333 0.011284722222222222 0.03854166666666667
1 0.03064236111111111 0.5553385416666666 0.011979166666666667 0.039322916666666666
1 0.09244791666666667 0.5315104166666667 0.008854166666666666 0.030729166666666665
1 0.8078993055555556 0.5337239583333333 0.0078125 0.03307291666666667
1 0.9963541666666667 0.53046875 0.006597222222222222 0.03229166666666667
0 0.9973090277777777 0.5881510416666667 0.0046875 0.04296875
