4 0.9727430555555555 0.6389322916666667 0.040625 0.14869791666666668
0 0.975 0.7165364583333333 0.03680555555555556 0.10651041666666666
0 0.9928819444444444 0.6404947916666667 0.013888888888888888 0.08098958333333334
1 0.4584201388888889 0.5799479166666667 0.021701388888888888 0.06666666666666667
1 0.5414930555555556 0.5479166666666667 0.01875 0.058854166666666666
1 0.6266493055555555 0.52578125 0.01579861111111111 0.050520833333333334
1 0.6809027777777777 0.515625 0.01597222222222222 0.0484375
1 0.7419270833333333 0.5005208333333333 0.013020833333333334 0.04635416666666667
1 0.7815972222222223 0.48684895833333336 0.013194444444444444 0.04401041666666667
1 0.8184027777777778 0.47161458333333334 0.012152777777777778 0.042708333333333334
1 0.9120659722222222 0.4641927083333333 0.011631944444444445 0.037760416666666664
0 0.12821180555555556 0.38828125 0.02378472222222222 0.07604166666666666
0 0.17274305555555555 0.41315104166666666 0.02638888888888889 0.08046875
0 0.18663194444444445 0.39427083333333335 0.021875 0.07291666666666667
0 0.23237847222222222 0.3795572916666667 0.019618055555555555 0.07421875
0 0.14869791666666668 0.4002604166666667 0.0203125 0.07239583333333334
0 0.20225694444444445 0.4046875 0.017708333333333333 0.06510416666666667
1 0.3644965277777778 0.586328125 0.027256944444444445 0.06588541666666667
