0 0.4087293055256934 0.7842631409222831 0.05547194151795313 0.17155756207674944
0 0.35626746936142767 0.6871976781683328 0.04558159535583745 0.13866494679135763
0 0.9548484196946894 0.6601096420509514 0.03870135454740916 0.11673653660109642
0 0.8845409589335627 0.6020638503708481 0.028811008385293484 0.08964850048371494
0 0.7019995699849495 0.48113511770396644 0.011610406364222748 0.04127700741696227
0 0.9794667813373468 0.5029022895840052 0.0122554289400129 0.04417929700096743
0 0.8216512577940228 0.354563044179297 0.00666523328316491 0.0254756530151564
0 0.5867555364437755 0.4932279909706546 0.012900451515803053 0.0454692034827475
0 0.6483551924317351 0.40986778458561757 0.0070952483336916795 0.03031280232183167
0 0.6306170715975059 0.4003547242824895 0.005160180606321221 0.027410512737826506
0 0.6520103203612126 0.34843598839084167 0.006235218232638142 0.024830699774266364
0 0.4814018490647173 0.4253466623669784 0.0081702859600086 0.03031280232183167
0 0.4496882390883681 0.3939051918735892 0.0070952483336916795 0.024830699774266364
0 0.4634487207052247 0.3466623669783941 0.005805203182111374 0.023218316672041276
0 0.4496882390883681 0.3495646565623992 0.0070952483336916795 0.024508223153821347
0 0.034831219092668245 0.3984198645598194 0.008600301010535369 0.028055465978716543
0 0.20479466781337347 0.49048693969687196 0.019995699849494734 0.05482102547565301
0 0.2355407439260374 0.43937439535633666 0.013115459041066438 0.037729764592067075
