1 0.5756967670011148 0.9163879598662207 0.04147157190635452 0.12709030100334448
1 0.6418060200668896 0.8013377926421404 0.02519509476031215 0.07959866220735785
1 0.9034559643255295 0.8195652173913044 0.032107023411371234 0.08996655518394649
1 0.8797101449275362 0.7205685618729097 0.014938684503901895 0.045819397993311035
1 0.015384615384615385 0.9078595317725753 0.02987736900780379 0.11739130434782609
1 0.11304347826086956 0.6583612040133779 0.007134894091415831 0.022408026755852843
3 0.7073578595317725 0.775418060200669 0.022073578595317726 0.06588628762541807
3 0.7989966555183946 0.7720735785953178 0.023411371237458192 0.06588628762541807
3 0.8198439241917502 0.7663879598662208 0.02140468227424749 0.059197324414715716
3 0.8860646599777035 0.7672240802675585 0.020958751393534 0.06488294314381271
3 0.9905239687848384 0.7612040133779264 0.01850613154960981 0.06688963210702341
0 0.5939799331103679 0.7889632107023411 0.024526198439241916 0.07224080267558529
0 0.6627647714604237 0.775752508361204 0.022519509476031215 0.06588628762541807
0 0.7245261984392419 0.7545150501672241 0.013600891861761426 0.05819397993311037
0 0.7784838350055742 0.7209030100334448 0.014492753623188406 0.04381270903010034
0 0.6215161649944259 0.6709030100334448 0.008695652173913044 0.031438127090301006
0 0.5940914158305463 0.7899665551839465 0.02519509476031215 0.07090301003344482
0 0.0677814938684504 0.7971571906354515 0.022296544035674472 0.06521739130434782
0 0.06220735785953177 0.65685618729097 0.0084726867335563 0.025418060200668897
0 0.07413600891861762 0.6683946488294314 0.010033444816053512 0.030434782608695653
0 0.0782608695652174 0.6607023411371238 0.0084726867335563 0.02709030100334448
0 0.10245261984392419 0.6563545150501672 0.007803790412486065 0.025752508361204015
0 0.4758082497212932 0.6615384615384615 0.0084726867335563 0.022073578595317726
0 0.6915273132664437 0.6859531772575251 0.01137123745819398 0.034782608695652174
