0 0.27852287341539594 0.7714246348856434 0.03527466470696307 0.11490768806833838
0 0.7789821789454345 0.7260953430697161 0.028293220650376632 0.08762744557729402
0 0.5414293588094801 0.6434279415817029 0.01653499908138894 0.040231468724166435
0 0.6801396288811318 0.6273077982915404 0.01506522138526548 0.03609809864976578
0 0.739665625574132 0.6222099751997796 0.013962888113172882 0.032515844585285204
0 0.8210545654969685 0.6452190686139432 0.014697776961234614 0.03995591071920639
0 0.8703839794231123 0.6183521631303389 0.011941943781003123 0.029760264535684762
0 0.9855778063567885 0.6153210250757785 0.012676832629064855 0.028658032515844586
0 0.9621532243248209 0.5744006613392119 0.008818666176740767 0.020666850372003307
0 0.747106375160757 0.5738495453292918 0.00973727723681793 0.021769082391843483
0 0.6979606834466286 0.5727473133094516 0.008818666176740767 0.020115734362083217
0 0.536928164615102 0.5738495453292918 0.010104721660848796 0.020666850372003307
0 0.48089288995039503 0.575227335354092 0.00826749954069447 0.020115734362083217
0 0.398952783391512 0.5737117663268118 0.008634943964725335 0.022595756406723615
0 0.07477494029028109 0.6795260402314687 0.018739665625574133 0.06337834114081015
0 0.08873782840345398 0.6715348580876275 0.021311776593790188 0.06833838523009093
0 0.034264192540878195 0.6295122623312207 0.017453610141466104 0.042160374758886746
