1 0.9548961969502113 0.9516395701295123 0.04097005327944148 0.09672085974097548
1 0.5435421642476576 0.9158170294847066 0.03178394267866985 0.10774317993937724
1 0.34512217527099026 0.8568476164232571 0.025169943046114276 0.08018737944337283
1 0.7629983465000919 0.7773491319922844 0.012493110417049421 0.04408928079360706
1 0.8406209810766122 0.7572333976302011 0.010839610508910528 0.03692477266464591
3 0.4525996693000184 0.8174428217139708 0.02002572110968216 0.06255166712593001
3 0.4824545287525262 0.8106916505924497 0.018372221201543266 0.060071645081289614
3 0.5298548594525078 0.8178561587214108 0.018372221201543266 0.061724993111049876
3 0.5546573580745913 0.8115183246073299 0.018739665625574133 0.060071645081289614
3 0.6046297997427889 0.819371727748691 0.018739665625574133 0.06365389914577019
3 0.6982362667646519 0.8170294847065307 0.01929083226162043 0.062276109120969966
0 0.331618592687856 0.8325985119867733 0.01984199889766673 0.07026729126481124
0 0.41585522689693183 0.8152383576742904 0.018923387837589564 0.06200055111600992
0 0.4977953334558148 0.7920914852576467 0.01598383244534264 0.052080462937448335
0 0.5732133014881499 0.7566822816202811 0.012125665993018555 0.037475888674566
0 0.5559434135586993 0.7367043262606778 0.009920999448833364 0.030586938550564893
0 0.5361014146610326 0.7203086249655553 0.008451221752709903 0.028106916505924496
0 0.4949476391695756 0.7074951777349132 0.007716332904648172 0.025075778451364012
0 0.3986772000734889 0.6989528795811518 0.007348888480617307 0.021217966381923394
0 0.23020393165533712 0.7609534306971617 0.012860554841080287 0.04050702672912648
0 0.25583318023149 0.7455221824193993 0.011941943781003123 0.03720033066960595
0 0.3004776777512401 0.7282998071093966 0.009002388388756201 0.031964728575365114
0 0.31297078816828955 0.712593000826674 0.009002388388756201 0.02700468448608432
0 0.2908322616204299 0.7019840176357123 0.007716332904648172 0.025075778451364012
0 0.3171963990446445 0.6909616974373105 0.006062832996509278 0.021217966381923394
0 0.9853022230387654 0.7008817856158721 0.009920999448833364 0.02617801047120419
0 0.9361565313246372 0.7324331771837972 0.009002388388756201 0.02369798842656379
1 0.6468859085063384 0.7584734086525213 0.01102333272092596 0.032791402590245246
