3 0.528125 0.7270833333333333 0.07326388888888889 0.21927083333333333
3 0.67734375 0.6325520833333333 0.05434027777777778 0.15885416666666666
3 0.6469618055555556 0.596875 0.044270833333333336 0.13333333333333333
3 0.34765625 0.6682291666666667 0.06510416666666667 0.18385416666666668
3 0.35399305555555555 0.6330729166666667 0.05 0.17083333333333334
3 0.3590277777777778 0.6014322916666667 0.044444444444444446 0.14765625
3 0.3638888888888889 0.4744791666666667 0.01875 0.06822916666666666
3 0.3578125 0.4546875 0.016319444444444445 0.0609375
3 0.35737847222222224 0.43893229166666664 0.015104166666666667 0.05286458333333333
3 0.3511284722222222 0.4259114583333333 0.01545138888888889 0.04921875
3 0.44522569444444443 0.426171875 0.014756944444444444 0.04921875
3 0.3971354166666667 0.391015625 0.0171875 0.05182291666666667
3 0.3890625 0.41848958333333336 0.015625 0.04895833333333333
0 0.40286458333333336 0.5877604166666667 0.0390625 0.1421875
0 0.378125 0.490234375 0.024652777777777777 0.07630208333333334
