1 0.9262575717671846 0.8544053733702094 0.06268106399789307 0.19320426708810748
1 0.4431129839346853 0.7749901224812327 0.04872267579668159 0.14895298301066773
1 0.30247563866210164 0.6912287633346503 0.03344745851988412 0.10707230343737653
1 0.9088754279694495 0.5448439352034768 0.01790887542796945 0.04899249308573686
1 0.5339741901501185 0.4577242196760174 0.006584145377929945 0.020940339786645595
1 0.5100079009744535 0.4579217700513631 0.0076376086383987355 0.022915843540102725
1 0.18856992362391362 0.4610825760568945 0.007900974453515933 0.020545239035954167
1 0.03436923887279431 0.4596997234294745 0.008691071898867527 0.024101145792177005
3 0.5347642875954701 0.6321612011062822 0.02607321569660258 0.08218095614381667
3 0.5894126942322887 0.6210983800869222 0.0237029233605478 0.07822994863690241
3 0.6377403213062944 0.6305807981035164 0.024493020805899393 0.08139075464243382
3 0.6852778509349486 0.6207032793362307 0.024229654990782196 0.08297115764519952
3 0.7380826968659469 0.6313709996048993 0.029233605478008955 0.08692216515211379
3 0.8706873847774559 0.6246542868431451 0.026863313141954174 0.08534176214934808
0 0.33855675533315777 0.6596207032793362 0.029233605478008955 0.09442907941525089
0 0.4889386357650777 0.6315685499802449 0.02501975243613379 0.08178585539312525
0 0.6485383197260995 0.5940339786645594 0.01922570450355544 0.0675622283682339
0 0.8173558072162234 0.5436586329514026 0.01553858309191467 0.050572896088502566
0 0.8239399525941533 0.5175819834057684 0.011324730050039505 0.04188067957329119
0 0.8123518567289966 0.49585144211774 0.012904924940742692 0.040300276570525484
0 0.7712667895707137 0.4818253654681944 0.010271266789570714 0.03200316080600553
0 0.6511719778772715 0.47530620308178584 0.011324730050039505 0.029237455551165546
0 0.35212009481169343 0.561240616357171 0.015801948907031866 0.04780719083366258
0 0.4032130629444298 0.5420782299486369 0.015801948907031866 0.047412090082971155
0 0.48314458783249936 0.5169893322797313 0.0118514616802739 0.04227578032398262
0 0.5181722412430867 0.4954563413670486 0.012378193310508295 0.03713947056499407
0 0.5011851461680273 0.4838008692216515 0.012114827495391098 0.03516396681153694
0 0.5478008954437714 0.46562623468984593 0.011061364234922308 0.030422757803239827
0 0.5280484593099816 0.4579217700513631 0.008954437713984725 0.026076649545634135
0 0.5833552804845931 0.4604899249308574 0.012114827495391098 0.02805215329909127
0 0.5988938635765078 0.4593046226787831 0.010534632604687911 0.02805215329909127
0 0.3777982617856202 0.46147767680758595 0.008691071898867527 0.022915843540102725
0 0.308928101132473 0.474516001580403 0.011588095865156703 0.026076649545634135
0 0.13352646826441927 0.4604899249308574 0.007900974453515933 0.024101145792177005
0 0.07677113510666315 0.4604899249308574 0.008164340268633132 0.023310944290794153
