1 0.4361979166666667 0.9074074074074074 0.05572916666666667 0.18518518518518517
1 0.16770833333333332 0.7847222222222222 0.04479166666666667 0.15648148148148147
1 0.03125 0.6884259259259259 0.034375 0.1287037037037037
1 0.9708333333333333 0.7083333333333334 0.0375 0.14629629629629629
1 0.68046875 0.6296296296296297 0.030729166666666665 0.12037037037037036
1 0.88359375 0.22037037037037038 0.0109375 0.03518518518518519
1 0.7729166666666667 0.22361111111111112 0.011458333333333333 0.03611111111111111
1 0.7161458333333334 0.2689814814814815 0.0125 0.04351851851851852
1 0.7130208333333333 0.2490740740740741 0.011458333333333333 0.044444444444444446
1 0.6583333333333333 0.2273148148148148 0.0125 0.03796296296296296
1 0.45677083333333335 0.27824074074074073 0.011458333333333333 0.04537037037037037
1 0.5125 0.23287037037037037 0.010416666666666666 0.03796296296296296
1 0.42578125 0.25833333333333336 0.0109375 0.03888888888888889
2 0.7080729166666667 0.475 0.025520833333333333 0.08518518518518518
2 0.7953125 0.31805555555555554 0.01875 0.062037037037037036
2 0.6763020833333333 0.29907407407407405 0.0140625 0.05185185185185185
2 0.4127604166666667 0.4041666666666667 0.022395833333333334 0.0824074074074074
2 0.51171875 0.3375 0.0171875 0.06018518518518518
2 0.42135416666666664 0.29583333333333334 0.015625 0.049074074074074076
2 0.18046875 0.3972222222222222 0.018229166666666668 0.07407407407407407
2 0.020052083333333335 0.3592592592592593 0.018229166666666668 0.05740740740740741
