0 0.030799475753604193 0.924956369982548 0.061598951507208385 0.15008726003490402
0 0.38794233289646135 0.5933682373472949 0.04456094364351245 0.11867364746945899
0 0.44233289646133683 0.5191972076788831 0.0327653997378768 0.07853403141361257
0 0.4475753604193971 0.4860383944153578 0.02490170380078637 0.05410122164048865
0 0.38794233289646135 0.47033158813263526 0.01834862385321101 0.04712041884816754
0 0.30996068152031453 0.4668411867364747 0.019659239842726082 0.04712041884816754
1 0.8145478374836173 0.5645724258289704 0.035386631716906945 0.0924956369982548
1 0.7024901703800787 0.4895287958115183 0.023591087811271297 0.05759162303664921
1 0.6264744429882044 0.462478184991274 0.01834862385321101 0.04886561954624782
1 0.5032765399737876 0.44851657940663175 0.015727391874180863 0.041884816753926704
