0 0.983497191011236 0.6822971548998946 0.03300561797752809 0.1464699683877766
0 0.754564606741573 0.5800842992623815 0.030196629213483147 0.07481559536354057
0 0.7650983146067416 0.5474183350895679 0.018960674157303372 0.04741833508956796
0 0.8395365168539326 0.5374077976817703 0.0175561797752809 0.04214963119072708
0 0.9483848314606742 0.5326659641728135 0.014747191011235955 0.03898840885142255
0 0.5249297752808989 0.5194942044257113 0.013342696629213483 0.03161222339304531
0 0.48139044943820225 0.5036880927291886 0.010533707865168539 0.023182297154899896
0 0.4575140449438202 0.49894625922023184 0.007724719101123595 0.020021074815595362
3 0.31706460674157305 0.553213909378293 0.023174157303370788 0.06322444678609063
3 0.2988061797752809 0.5168598524762908 0.011938202247191011 0.0368809272918862
3 0.32935393258426965 0.5026343519494204 0.008426966292134831 0.023182297154899896
3 0.4940308988764045 0.5284510010537408 0.013342696629213483 0.04320337197049526
3 0.6425561797752809 0.5210748155953635 0.011235955056179775 0.032665964172813484
3 0.7893258426966292 0.523709167544784 0.012640449438202247 0.0273972602739726
3 0.956811797752809 0.5068493150684932 0.010533707865168539 0.02528977871443625
