3 0.7109375 0.6688073394495413 0.01875 0.06422018348623854
3 0.6033854166666667 0.6995412844036697 0.024479166666666666 0.0779816513761468
1 0.7606770833333333 0.6454128440366973 0.015104166666666667 0.05779816513761468
1 0.67109375 0.6830275229357798 0.019270833333333334 0.06880733944954129
1 0.50546875 0.7142201834862385 0.021354166666666667 0.081651376146789
1 0.375 0.7004587155963303 0.021875 0.0798165137614679
1 0.29244791666666664 0.6619266055045872 0.019270833333333334 0.06330275229357799
1 0.28541666666666665 0.6261467889908257 0.014583333333333334 0.05045871559633028
1 0.3104166666666667 0.6110091743119266 0.014583333333333334 0.045871559633027525
0 0.1734375 0.5779816513761468 0.011458333333333333 0.03669724770642202
0 0.11041666666666666 0.5848623853211009 0.0125 0.03577981651376147
0 0.051041666666666666 0.5944954128440367 0.0125 0.04036697247706422
0 0.0026041666666666665 0.6032110091743119 0.005208333333333333 0.03211009174311927
