1 0.052083333333333336 0.7623853211009174 0.020833333333333332 0.09174311926605505
1 0.1546875 0.6633027522935779 0.014583333333333334 0.05321100917431193
1 0.2171875 0.618348623853211 0.009375 0.03486238532110092
1 0.24140625 0.5963302752293578 0.008854166666666666 0.025688073394495414
1 0.22734375 0.5825688073394495 0.0067708333333333336 0.02018348623853211
0 0.5520833333333334 0.7545871559633027 0.028125 0.0926605504587156
0 0.46458333333333335 0.653211009174312 0.013541666666666667 0.047706422018348627
0 0.42942708333333335 0.6137614678899083 0.009895833333333333 0.03302752293577982
0 0.38828125 0.5958715596330275 0.0067708333333333336 0.024770642201834864
0 0.34427083333333336 0.5839449541284404 0.007291666666666667 0.02110091743119266
