0 0.56171875 0.7665137614678899 0.027604166666666666 0.0908256880733945
0 0.590625 0.6211009174311927 0.010416666666666666 0.03669724770642202
0 0.4171875 0.6614678899082569 0.015625 0.047706422018348627
0 0.3645833333333333 0.6311926605504588 0.010416666666666666 0.03669724770642202
0 0.29270833333333335 0.6059633027522936 0.009375 0.028440366972477066
3 0.22447916666666667 0.5889908256880734 0.008333333333333333 0.025688073394495414
3 0.16067708333333333 0.5834862385321101 0.0067708333333333336 0.02018348623853211
3 0.1453125 0.5977064220183487 0.008333333333333333 0.026605504587155965
3 0.08619791666666667 0.5899082568807339 0.0067708333333333336 0.023853211009174313
1 0.09427083333333333 0.6848623853211009 0.014583333333333334 0.05779816513761468
1 0.16119791666666666 0.6325688073394495 0.009895833333333333 0.03761467889908257
