1 0.11640625 0.6963302752293578 0.0140625 0.060550458715596334
1 0.27265625 0.6266055045871559 0.009895833333333333 0.03486238532110092
1 0.3763020833333333 0.5977064220183487 0.008854166666666666 0.028440366972477066
1 0.44140625 0.5834862385321101 0.0067708333333333336 0.023853211009174313
1 0.4864583333333333 0.573394495412844 0.00625 0.022018348623853212
0 0.8544270833333333 0.9270642201834862 0.0421875 0.14587155963302753
0 0.5388020833333333 0.7201834862385321 0.024479166666666666 0.07889908256880734
0 0.5174479166666667 0.6362385321100917 0.011979166666666667 0.04128440366972477
0 0.5578125 0.6027522935779817 0.009375 0.03302752293577982
0 0.5854166666666667 0.5857798165137614 0.007291666666666667 0.024770642201834864
0 0.5950520833333334 0.5788990825688073 0.005729166666666666 0.022018348623853212
