0 0.8114583333333333 0.9279816513761467 0.042708333333333334 0.14220183486238533
0 0.6494791666666667 0.9197247706422018 0.03958333333333333 0.15321100917431194
0 0.403125 0.9036697247706422 0.0375 0.13944954128440368
0 0.0125 0.6697247706422018 0.011458333333333333 0.05137614678899083
0 0.053125 0.6564220183486239 0.0125 0.04128440366972477
0 0.08567708333333333 0.6389908256880734 0.011979166666666667 0.03394495412844037
0 0.09453125 0.6261467889908257 0.009895833333333333 0.03211009174311927
1 0.26510416666666664 0.6802752293577982 0.014583333333333334 0.05412844036697248
1 0.275 0.6559633027522935 0.011458333333333333 0.044036697247706424
1 0.26223958333333336 0.6334862385321101 0.0109375 0.03394495412844037
1 0.25286458333333334 0.6243119266055046 0.008854166666666666 0.030275229357798167
