2 0.3132595486111111 0.8028067129629629 0.017578125 0.05005787037037037
2 0.2700737847222222 0.5933159722222222 0.013237847222222222 0.03153935185185185
2 0.24088541666666666 0.5054976851851852 0.009114583333333334 0.02199074074074074
0 0.6815321180555556 0.7152777777777778 0.015842013888888888 0.04282407407407408
0 0.4986979166666667 0.5536747685185185 0.009548611111111112 0.026909722222222224
0 0.4171006944444444 0.48408564814814814 0.0078125 0.02025462962962963
1 0.9818793402777778 0.6490162037037037 0.016276041666666668 0.03761574074074074
1 0.7086588541666666 0.5224247685185185 0.009765625 0.0234375
3 0.8664279513888888 0.49754050925925924 0.009331597222222222 0.0234375
4 0.9849175347222222 0.7177372685185185 0.030164930555555556 0.1171875
