1 0.33932291666666664 0.9798165137614679 0.019270833333333334 0.04036697247706422
1 0.5015625 0.8045871559633028 0.023958333333333335 0.08256880733944955
1 0.54765625 0.7233944954128441 0.016145833333333335 0.05963302752293578
1 0.5776041666666667 0.6802752293577982 0.0125 0.046788990825688076
1 0.59609375 0.6518348623853211 0.0109375 0.03761467889908257
1 0.6127604166666667 0.6266055045871559 0.008854166666666666 0.029357798165137616
1 0.6231770833333333 0.6091743119266055 0.008854166666666666 0.023853211009174313
0 0.8950520833333333 0.6022935779816514 0.0140625 0.043119266055045874
0 0.85078125 0.5756880733944955 0.009895833333333333 0.030275229357798167
0 0.8109375 0.5623853211009174 0.007291666666666667 0.023853211009174313
0 0.7963541666666667 0.5555045871559633 0.007291666666666667 0.02110091743119266
0 0.7815104166666667 0.5536697247706422 0.0078125 0.02110091743119266
