1 0.479296875 0.6728515625 0.03359375 0.048828125
1 0.311328125 0.61669921875 0.01796875 0.0302734375
1 0.327734375 0.57666015625 0.01015625 0.0205078125
1 0.90546875 0.67431640625 0.0359375 0.0517578125
0 0.491015625 0.57861328125 0.01328125 0.0224609375
0 0.52109375 0.59765625 0.01875 0.029296875
0 0.64453125 0.609375 0.01875 0.033203125
0 0.7890625 0.60302734375 0.01875 0.0322265625
0 0.86328125 0.583984375 0.0171875 0.029296875
0 0.93125 0.55322265625 0.0125 0.0205078125
0 0.55390625 0.56396484375 0.0125 0.0205078125
