0 0.780078125 0.720703125 0.04140625 0.0703125
0 0.89375 0.576171875 0.0171875 0.029296875
0 0.4140625 0.68505859375 0.0375 0.0576171875
0 0.30078125 0.630859375 0.0265625 0.0390625
0 0.23984375 0.58984375 0.015625 0.025390625
0 0.732421875 0.5556640625 0.01171875 0.021484375
1 0.742578125 0.5947265625 0.01484375 0.03125
1 0.7359375 0.62109375 0.0234375 0.0390625
1 0.601171875 0.62353515625 0.02265625 0.0380859375
1 0.612890625 0.5703125 0.01328125 0.0234375
1 0.48359375 0.6025390625 0.0171875 0.03125
1 0.3953125 0.57373046875 0.0125 0.0224609375
1 0.510546875 0.556640625 0.01015625 0.01953125
