0 0.81953125 0.8349609375 0.0625 0.107421875
0 0.18671875 0.66845703125 0.0328125 0.0517578125
0 0.53828125 0.59716796875 0.01875 0.0322265625
0 0.6421875 0.57958984375 0.0171875 0.0283203125
0 0.765625 0.576171875 0.0171875 0.02734375
0 0.906640625 0.580078125 0.01796875 0.03125
1 0.9921875 0.55908203125 0.0140625 0.0224609375
1 0.7953125 0.55126953125 0.0125 0.0205078125
1 0.61796875 0.5537109375 0.0125 0.021484375
1 0.519921875 0.56396484375 0.01328125 0.0224609375
1 0.3734375 0.580078125 0.015625 0.025390625
1 0.083203125 0.6181640625 0.01953125 0.03515625
