1 0.574609375 0.69970703125 0.03828125 0.0595703125
1 0.979296875 0.64501953125 0.03046875 0.0478515625
1 0.95546875 0.564453125 0.015625 0.025390625
1 0.870703125 0.546875 0.01171875 0.01953125
1 0.137109375 0.64892578125 0.02265625 0.0400390625
1 0.2203125 0.58349609375 0.0125 0.0244140625
0 0.375 0.583984375 0.0140625 0.029296875
0 0.40859375 0.6083984375 0.0203125 0.03125
0 0.592578125 0.6142578125 0.02109375 0.037109375
0 0.73515625 0.59619140625 0.0203125 0.0322265625
0 0.783984375 0.57568359375 0.01640625 0.0263671875
0 0.7421875 0.56005859375 0.0125 0.0244140625
