1 0.475390625 0.67626953125 0.03359375 0.0498046875
1 0.289453125 0.62255859375 0.01796875 0.0322265625
1 0.297265625 0.58154296875 0.01328125 0.0205078125
1 0.895703125 0.66943359375 0.03203125 0.0517578125
0 0.464453125 0.58154296875 0.01484375 0.0224609375
0 0.52421875 0.56640625 0.0125 0.01953125
0 0.49921875 0.60009765625 0.0203125 0.0283203125
0 0.62578125 0.60888671875 0.01875 0.0322265625
0 0.76796875 0.6025390625 0.01875 0.03125
0 0.8359375 0.58203125 0.015625 0.02734375
0 0.8953125 0.55224609375 0.0125 0.0205078125
