0 0.73984375 0.66064453125 0.0328125 0.0517578125
0 0.18515625 0.6982421875 0.034375 0.056640625
0 0.038671875 0.61767578125 0.01796875 0.0302734375
0 0.173046875 0.59423828125 0.01484375 0.0244140625
0 0.308203125 0.58447265625 0.01328125 0.0244140625
0 0.54296875 0.58984375 0.0171875 0.02734375
0 0.855859375 0.58251953125 0.01953125 0.0283203125
1 0.7734375 0.56396484375 0.0125 0.0224609375
1 0.566015625 0.5673828125 0.01171875 0.021484375
1 0.13515625 0.5751953125 0.0109375 0.01953125
1 0.362109375 0.56640625 0.01015625 0.021484375
