0 0.56328125 0.7177734375 0.0359375 0.060546875
0 0.362109375 0.6787109375 0.03046875 0.048828125
0 0.357421875 0.6357421875 0.02265625 0.037109375
0 0.427734375 0.60791015625 0.01953125 0.0302734375
0 0.559375 0.59130859375 0.0140625 0.0244140625
0 0.69921875 0.58935546875 0.0140625 0.0263671875
0 0.97109375 0.60791015625 0.021875 0.0341796875
1 0.992578125 0.58056640625 0.01328125 0.0244140625
1 0.756640625 0.56982421875 0.01171875 0.0205078125
1 0.317578125 0.58984375 0.01328125 0.0234375
1 0.1359375 0.62255859375 0.015625 0.0302734375
