1 0.0640625 0.78955078125 0.05 0.0810546875
1 0.459765625 0.7666015625 0.05234375 0.076171875
1 0.821484375 0.68017578125 0.03671875 0.0537109375
1 0.98671875 0.5966796875 0.021875 0.033203125
0 0.946484375 0.5576171875 0.01328125 0.021484375
0 0.776171875 0.58056640625 0.01953125 0.0263671875
0 0.543359375 0.62841796875 0.02734375 0.0400390625
0 0.361328125 0.65185546875 0.03203125 0.0439453125
0 0.215625 0.63818359375 0.0265625 0.0380859375
0 0.1703125 0.6142578125 0.01875 0.03125
0 0.230859375 0.58984375 0.01640625 0.025390625
0 0.33984375 0.57666015625 0.0140625 0.0224609375
0 0.548828125 0.56591796875 0.01328125 0.0205078125
1 0.11640625 0.57958984375 0.0109375 0.0205078125
