1 0.319921875 0.71044921875 0.03828125 0.0595703125
1 0.714453125 0.63232421875 0.02578125 0.0419921875
1 0.883984375 0.603515625 0.02109375 0.033203125
0 0.896875 0.57080078125 0.0140625 0.0224609375
0 0.753515625 0.5810546875 0.01640625 0.025390625
0 0.5390625 0.60400390625 0.0234375 0.0322265625
0 0.183984375 0.64111328125 0.02421875 0.0400390625
0 0.070703125 0.59716796875 0.01484375 0.0244140625
1 0.108203125 0.57861328125 0.01171875 0.0205078125
1 0.296875 0.5703125 0.0109375 0.01953125
0 0.345703125 0.5830078125 0.01640625 0.025390625
0 0.549609375 0.56201171875 0.01171875 0.0205078125
