1 0.429296875 0.8232421875 0.05390625 0.09375
1 0.107421875 0.7197265625 0.03828125 0.056640625
1 0.029296875 0.669921875 0.02890625 0.041015625
1 0.130078125 0.61328125 0.01640625 0.02734375
1 0.280859375 0.58349609375 0.01171875 0.0205078125
0 0.3890625 0.59326171875 0.015625 0.0263671875
0 0.341015625 0.61474609375 0.01796875 0.0302734375
0 0.3640625 0.64208984375 0.021875 0.0380859375
0 0.533984375 0.658203125 0.02734375 0.046875
0 0.49921875 0.578125 0.0140625 0.0234375
0 0.620703125 0.5732421875 0.01328125 0.021484375
0 0.844140625 0.58056640625 0.01640625 0.0283203125
1 0.86796875 0.560546875 0.0125 0.021484375
