1 0.03203125 0.791015625 0.0609375 0.09765625
1 0.1765625 0.615234375 0.028125 0.044921875
1 0.56796875 0.68994140625 0.040625 0.0634765625
1 0.469140625 0.58642578125 0.02109375 0.0361328125
1 0.416015625 0.56298828125 0.01796875 0.0263671875
1 0.34140625 0.5537109375 0.015625 0.0234375
1 0.257421875 0.56396484375 0.01953125 0.0283203125
0 0.101171875 0.55517578125 0.01796875 0.0283203125
0 0.268359375 0.5380859375 0.01484375 0.021484375
0 0.4421875 0.53759765625 0.0140625 0.0224609375
0 0.55 0.55029296875 0.015625 0.0244140625
0 0.633984375 0.57177734375 0.02109375 0.0302734375
0 0.847265625 0.63916015625 0.03046875 0.0478515625
