0 0.363671875 0.7568359375 0.05703125 0.087890625
0 0.318359375 0.5810546875 0.02265625 0.037109375
0 0.368359375 0.537109375 0.01328125 0.0234375
1 0.7734375 0.6767578125 0.04375 0.05859375
1 0.558984375 0.57861328125 0.01953125 0.0341796875
1 0.535546875 0.5390625 0.01484375 0.0234375
1 0.53125 0.52099609375 0.0125 0.0205078125
1 0.762109375 0.568359375 0.01796875 0.029296875
1 0.976171875 0.60595703125 0.02578125 0.0400390625
1 0.6859375 0.53515625 0.0140625 0.021484375
0 0.81171875 0.53466796875 0.0140625 0.0205078125
