0 0.616015625 0.74658203125 0.05546875 0.0791015625
0 0.42421875 0.61572265625 0.0234375 0.0361328125
0 0.305078125 0.57861328125 0.01484375 0.0244140625
0 0.290234375 0.568359375 0.01328125 0.021484375
0 0.65234375 0.56982421875 0.015625 0.0244140625
0 0.853515625 0.61279296875 0.02734375 0.0400390625
0 0.58125 0.548828125 0.009375 0.01953125
1 0.787109375 0.55615234375 0.01328125 0.0224609375
1 0.958984375 0.58056640625 0.01640625 0.0283203125
1 0.152734375 0.65673828125 0.02421875 0.0439453125
1 0.119140625 0.599609375 0.01640625 0.02734375
1 0.141015625 0.57861328125 0.01328125 0.0205078125
