1 0.1859375 0.78759765625 0.0453125 0.0830078125
1 0.5609375 0.73681640625 0.05 0.0712890625
1 0.84921875 0.65185546875 0.0328125 0.0498046875
1 0.97109375 0.5771484375 0.0171875 0.029296875
0 0.92265625 0.54541015625 0.0109375 0.0205078125
0 0.7734375 0.5693359375 0.0171875 0.02734375
0 0.571875 0.6181640625 0.025 0.037109375
0 0.406640625 0.64404296875 0.02890625 0.0419921875
0 0.2515625 0.63818359375 0.025 0.0380859375
0 0.18984375 0.61767578125 0.01875 0.0302734375
0 0.237890625 0.59228515625 0.01640625 0.0263671875
0 0.3421875 0.57568359375 0.0125 0.0224609375
0 0.54609375 0.5615234375 0.0125 0.021484375
1 0.11171875 0.5859375 0.0109375 0.021484375
