0 0.379340 0.674107 0.080605 0.151124
1 0.923239 0.501323 0.058780 0.089286
0 0.494792 0.452546 0.028274 0.054563
2 0.415179 0.374008 0.016865 0.044974
1 0.421255 0.344577 0.007192 0.013228
3 0.411954 0.340608 0.006944 0.011243
3 0.285218 0.415344 0.025298 0.037698
0 0.555556 0.360615 0.011905 0.022156
3 0.564856 0.349868 0.011161 0.019180
3 0.510789 0.346065 0.007192 0.016204
2 0.518105 0.343750 0.010417 0.027447
0 0.485987 0.336640 0.005208 0.011243
0 0.459449 0.345569 0.007192 0.013889
3 0.444320 0.335648 0.006200 0.010582
