2 0.257440 0.435020 0.071429 0.137897
2 0.365327 0.339616 0.037202 0.085979
3 0.318204 0.399967 0.034722 0.067791
3 0.498016 0.354332 0.032738 0.056548
3 0.570064 0.423942 0.047867 0.079365
3 0.671751 0.304067 0.027530 0.045966
3 0.751488 0.341601 0.033234 0.059524
0 0.481399 0.323578 0.022817 0.047950
0 0.467758 0.397817 0.040675 0.068783
0 0.394593 0.529597 0.071925 0.114087
0 0.775422 0.517526 0.083581 0.119709
0 0.725818 0.387731 0.049355 0.071098
1 0.598214 0.343419 0.029762 0.055225
1 0.522569 0.549438 0.067460 0.120701
