0 0.030859375 0.48779296875 0.01015625 0.0166015625
1 0.0265625 0.49560546875 0.0125 0.0185546875
1 0.146484375 0.490234375 0.01171875 0.015625
0 0.162890625 0.4794921875 0.01015625 0.015625
1 0.25 0.4853515625 0.0140625 0.017578125
0 0.320703125 0.47509765625 0.01171875 0.0205078125
0 0.428125 0.47705078125 0.0109375 0.0205078125
1 0.446484375 0.50048828125 0.01328125 0.0224609375
1 0.359375 0.4892578125 0.009375 0.021484375
1 0.334765625 0.62841796875 0.03828125 0.0517578125
1 0.47421875 0.54736328125 0.021875 0.0341796875
1 0.99453125 0.47802734375 0.00625 0.0166015625
0 0.9671875 0.49072265625 0.0140625 0.0244140625
0 0.871484375 0.49951171875 0.01640625 0.0244140625
1 0.859375 0.4794921875 0.0125 0.0234375
0 0.800390625 0.5166015625 0.01796875 0.03515625
0 0.781640625 0.55224609375 0.01953125 0.0380859375
0 0.9703125 0.69384765625 0.0390625 0.0810546875
2 0.594921875 0.4599609375 0.00390625 0.01171875
2 0.58671875 0.46484375 0.00625 0.013671875
2 0.580859375 0.47119140625 0.00546875 0.0146484375
2 0.570703125 0.47900390625 0.00703125 0.0166015625
0 0.5625 0.48779296875 0.015625 0.0224609375
2 0.623828125 0.458984375 0.00390625 0.015625
2 0.6515625 0.4599609375 0.009375 0.015625
2 0.68125 0.45947265625 0.00625 0.0146484375
2 0.6921875 0.46484375 0.00625 0.017578125
2 0.703515625 0.47216796875 0.00703125 0.0166015625
2 0.708984375 0.4794921875 0.00546875 0.015625
1 0.718359375 0.48876953125 0.00859375 0.0244140625
3 0.45078125 0.56201171875 0.0359375 0.0615234375
3 0.487890625 0.52490234375 0.02109375 0.0517578125
3 0.821875 0.5673828125 0.028125 0.076171875
3 0.772265625 0.5205078125 0.02109375 0.0546875
