1 0.08203125 0.50732421875 0.0109375 0.0185546875
0 0.115234375 0.494140625 0.01015625 0.015625
1 0.1953125 0.5048828125 0.0109375 0.01953125
0 0.2875 0.49072265625 0.0125 0.0185546875
1 0.3109375 0.5126953125 0.01875 0.0234375
0 0.407421875 0.494140625 0.01171875 0.021484375
1 0.403125 0.53076171875 0.015625 0.0283203125
1 0.38671875 0.63525390625 0.03125 0.0576171875
1 0.433203125 0.56982421875 0.02265625 0.0439453125
1 0.91953125 0.50537109375 0.0109375 0.0205078125
0 0.9578125 0.54248046875 0.028125 0.0322265625
0 0.8734375 0.57275390625 0.025 0.0458984375
0 0.878515625 0.6533203125 0.04296875 0.072265625
2 0.60390625 0.474609375 0.0078125 0.01171875
2 0.594921875 0.47998046875 0.00703125 0.0146484375
2 0.585546875 0.4873046875 0.00703125 0.013671875
2 0.571484375 0.49658203125 0.01015625 0.0205078125
2 0.63828125 0.47412109375 0.00625 0.0126953125
2 0.670703125 0.47412109375 0.00703125 0.0126953125
2 0.702734375 0.4736328125 0.00703125 0.013671875
2 0.716015625 0.4794921875 0.00859375 0.015625
2 0.728125 0.48681640625 0.0078125 0.0146484375
2 0.737890625 0.4970703125 0.01015625 0.01953125
1 0.75234375 0.517578125 0.0140625 0.02734375
0 0.55546875 0.509765625 0.0140625 0.02734375
3 0.308984375 0.67236328125 0.06484375 0.1259765625
3 0.41484375 0.5908203125 0.034375 0.0859375
3 0.8515625 0.5966796875 0.0375 0.08984375
3 0.9640625 0.71044921875 0.06875 0.1455078125
