3 0.696875 0.4775390625 0.015625 0.0390625
3 0.716796875 0.48974609375 0.02109375 0.0458984375
0 0.70234375 0.48486328125 0.0140625 0.0419921875
0 0.774609375 0.470703125 0.01328125 0.025390625
0 0.763671875 0.52490234375 0.02265625 0.0380859375
0 0.905078125 0.568359375 0.03671875 0.052734375
0 0.937890625 0.462890625 0.01328125 0.02734375
0 0.853515625 0.4658203125 0.01328125 0.021484375
0 0.45 0.46533203125 0.0140625 0.0224609375
0 0.359375 0.46435546875 0.0109375 0.0244140625
0 0.11328125 0.4775390625 0.009375 0.017578125
0 0.2578125 0.7080078125 0.059375 0.087890625
0 0.016796875 0.484375 0.01171875 0.01953125
1 0.033203125 0.48779296875 0.01484375 0.0224609375
1 0.0125 0.58642578125 0.0234375 0.0517578125
1 0.126953125 0.47900390625 0.01015625 0.0244140625
1 0.225390625 0.470703125 0.01484375 0.025390625
1 0.31171875 0.47314453125 0.0125 0.0244140625
1 0.403125 0.47119140625 0.0109375 0.0224609375
1 0.479296875 0.4716796875 0.01328125 0.021484375
1 0.329296875 0.556640625 0.03046875 0.046875
1 0.968359375 0.7470703125 0.05703125 0.103515625
1 0.890625 0.45751953125 0.0125 0.0185546875
2 0.601171875 0.45263671875 0.01015625 0.0224609375
2 0.623046875 0.45361328125 0.01015625 0.0146484375
2 0.64609375 0.453125 0.009375 0.01953125
2 0.575390625 0.45458984375 0.01484375 0.0166015625
2 0.6640625 0.462890625 0.0078125 0.021484375
0 0.558203125 0.46630859375 0.01171875 0.0224609375
1 0.671484375 0.46923828125 0.01328125 0.0224609375
1 0.519921875 0.4873046875 0.01328125 0.041015625
3 0.521484375 0.484375 0.01796875 0.041015625
3 0.508984375 0.49365234375 0.01640625 0.0439453125
1 0.47265625 0.5166015625 0.0203125 0.033203125
1 0.778125 0.46240234375 0.0125 0.0224609375
