0 0.162109375 0.50439453125 0.02265625 0.0302734375
0 0.294921875 0.51220703125 0.02890625 0.0341796875
0 0.46796875 0.5498046875 0.0375 0.048828125
1 0.01875 0.5302734375 0.025 0.037109375
1 0.76171875 0.5634765625 0.03125 0.052734375
1 0.138671875 0.7470703125 0.07578125 0.1171875
1 0.141796875 0.546875 0.03359375 0.0390625
1 0.978125 0.525390625 0.025 0.04296875
1 0.20703125 0.59765625 0.046875 0.068359375
2 0.505078125 0.51611328125 0.02578125 0.0341796875
2 0.53359375 0.494140625 0.01875 0.02734375
2 0.544921875 0.48291015625 0.01484375 0.0224609375
2 0.56171875 0.47314453125 0.0140625 0.0205078125
2 0.60390625 0.47314453125 0.015625 0.0244140625
2 0.641015625 0.47314453125 0.01328125 0.0283203125
2 0.68046875 0.47216796875 0.0125 0.0205078125
2 0.73203125 0.515625 0.0203125 0.037109375
2 0.7140625 0.49462890625 0.0140625 0.0283203125
2 0.69765625 0.4814453125 0.0140625 0.02734375
