3 0.02890625 0.92724609375 0.0546875 0.1064453125
0 0.468359375 0.54931640625 0.03671875 0.0458984375
0 0.298828125 0.515625 0.02734375 0.033203125
0 0.163671875 0.50634765625 0.02578125 0.0283203125
1 0.021875 0.53076171875 0.0265625 0.0380859375
1 0.7625 0.56494140625 0.0328125 0.0517578125
1 0.150390625 0.74072265625 0.08359375 0.1064453125
1 0.14453125 0.5478515625 0.0296875 0.041015625
1 0.97734375 0.52734375 0.0265625 0.0390625
1 0.2140625 0.59912109375 0.04375 0.0654296875
2 0.50859375 0.5185546875 0.025 0.03515625
2 0.53515625 0.4951171875 0.0203125 0.02734375
2 0.550390625 0.486328125 0.01484375 0.02734375
2 0.56484375 0.4755859375 0.0125 0.021484375
2 0.60546875 0.47509765625 0.015625 0.0244140625
2 0.642578125 0.4755859375 0.01328125 0.025390625
2 0.682421875 0.47509765625 0.01328125 0.0205078125
2 0.698828125 0.4833984375 0.01328125 0.0234375
2 0.716796875 0.4970703125 0.01796875 0.03125
2 0.733203125 0.5166015625 0.01796875 0.033203125
