0 0.113671875 0.4912109375 0.00859375 0.01953125
0 0.271484375 0.4873046875 0.01015625 0.017578125
0 0.37734375 0.4853515625 0.0078125 0.021484375
1 0.101171875 0.49755859375 0.01015625 0.0185546875
1 0.20390625 0.49462890625 0.009375 0.0185546875
1 0.309765625 0.4951171875 0.01328125 0.01953125
1 0.398046875 0.501953125 0.01484375 0.017578125
1 0.4328125 0.54296875 0.0171875 0.03515625
1 0.318359375 0.60595703125 0.03046875 0.0478515625
0 0.977734375 0.484375 0.01640625 0.0234375
0 0.880078125 0.48974609375 0.01484375 0.0263671875
1 0.778515625 0.48193359375 0.01328125 0.0205078125
1 0.908203125 0.47607421875 0.01328125 0.0166015625
0 0.790625 0.4990234375 0.0171875 0.029296875
0 0.719140625 0.5126953125 0.01953125 0.033203125
0 0.703515625 0.53955078125 0.02578125 0.0380859375
0 0.8421875 0.62939453125 0.040625 0.0693359375
2 0.533203125 0.46728515625 0.00859375 0.0146484375
2 0.526171875 0.4736328125 0.01015625 0.015625
2 0.519921875 0.4775390625 0.00859375 0.015625
2 0.51171875 0.482421875 0.00625 0.017578125
2 0.5625 0.466796875 0.0078125 0.017578125
2 0.589453125 0.466796875 0.00703125 0.013671875
2 0.615625 0.46533203125 0.0078125 0.0126953125
2 0.62734375 0.46875 0.00625 0.015625
2 0.63671875 0.47314453125 0.0078125 0.0146484375
2 0.642578125 0.4814453125 0.00546875 0.013671875
0 0.503515625 0.49267578125 0.01328125 0.0205078125
1 0.65 0.4912109375 0.0140625 0.021484375
3 0.41015625 0.5498046875 0.0265625 0.060546875
3 0.440625 0.52734375 0.0265625 0.05078125
3 0.696875 0.5205078125 0.021875 0.046875
3 0.733984375 0.54443359375 0.02578125 0.0673828125
