1 0.064453125 0.4951171875 0.01015625 0.01171875
0 0.071484375 0.48583984375 0.00859375 0.0146484375
1 0.1828125 0.48388671875 0.0078125 0.0146484375
0 0.201953125 0.4775390625 0.01171875 0.017578125
1 0.286328125 0.4853515625 0.00703125 0.01953125
0 0.3609375 0.4765625 0.009375 0.017578125
0 0.470703125 0.47802734375 0.01015625 0.0146484375
1 0.396875 0.490234375 0.0171875 0.015625
1 0.48359375 0.50048828125 0.0109375 0.0224609375
1 0.5078125 0.55712890625 0.015625 0.0400390625
1 0.34296875 0.6484375 0.0375 0.056640625
1 0.913671875 0.486328125 0.00859375 0.017578125
0 0.854296875 0.5234375 0.01015625 0.029296875
0 0.838671875 0.56640625 0.02109375 0.0390625
0 0.931640625 0.509765625 0.01015625 0.0234375
2 0.640234375 0.4619140625 0.00546875 0.01171875
2 0.632421875 0.46875 0.00703125 0.013671875
2 0.62578125 0.47265625 0.00625 0.015625
2 0.614453125 0.47998046875 0.00546875 0.0146484375
0 0.60546875 0.49267578125 0.0109375 0.0185546875
2 0.67109375 0.46240234375 0.0078125 0.0126953125
2 0.699609375 0.46240234375 0.00859375 0.0107421875
2 0.729296875 0.462890625 0.00546875 0.01171875
2 0.741015625 0.46875 0.00859375 0.01171875
2 0.75234375 0.4736328125 0.00625 0.01171875
2 0.759375 0.48291015625 0.009375 0.0107421875
1 0.76875 0.494140625 0.0140625 0.021484375
3 0.887890625 0.5830078125 0.03515625 0.076171875
3 0.8296875 0.53857421875 0.01875 0.0576171875
3 0.525 0.53271484375 0.0234375 0.0498046875
3 0.473828125 0.56494140625 0.03359375 0.0732421875
