0 0.907421875 0.58935546875 0.03515625 0.0595703125
0 0.741796875 0.53515625 0.02421875 0.048828125
0 0.827734375 0.46875 0.01640625 0.029296875
0 0.9109375 0.462890625 0.0140625 0.02734375
0 0.996484375 0.46826171875 0.00390625 0.0244140625
0 0.748046875 0.47216796875 0.01953125 0.0322265625
0 0.406640625 0.46533203125 0.01171875 0.0224609375
0 0.31328125 0.47021484375 0.0140625 0.0224609375
0 0.052734375 0.48095703125 0.01015625 0.0205078125
0 0.096875 0.80859375 0.08125 0.1171875
1 0.170703125 0.47607421875 0.01640625 0.0302734375
1 0.065625 0.48779296875 0.009375 0.0244140625
1 0.26015625 0.474609375 0.015625 0.02734375
1 0.357421875 0.47314453125 0.01484375 0.0244140625
1 0.432421875 0.47314453125 0.01171875 0.0244140625
1 0.244921875 0.58056640625 0.03515625 0.0517578125
1 0.8625 0.45654296875 0.0140625 0.0244140625
2 0.563671875 0.455078125 0.01171875 0.0234375
2 0.58828125 0.4541015625 0.009375 0.01953125
2 0.611328125 0.45166015625 0.00703125 0.0205078125
2 0.622265625 0.45751953125 0.00703125 0.0166015625
2 0.538671875 0.4541015625 0.01015625 0.01953125
0 0.5171875 0.4697265625 0.0125 0.02734375
1 0.637890625 0.4677734375 0.01328125 0.02734375
3 0.66484375 0.482421875 0.0171875 0.04296875
3 0.6890625 0.4970703125 0.0234375 0.046875
0 0.66640625 0.49853515625 0.0203125 0.0341796875
3 0.477734375 0.48486328125 0.01640625 0.0458984375
3 0.46328125 0.4970703125 0.01875 0.05078125
1 0.475 0.50048828125 0.0171875 0.0302734375
1 0.419140625 0.52978515625 0.02734375 0.0341796875
1 0.992578125 0.462890625 0.01015625 0.02734375
