2 0.60234375 0.45458984375 0.0125 0.0283203125
2 0.624609375 0.4521484375 0.01015625 0.021484375
2 0.575390625 0.45361328125 0.01484375 0.0185546875
2 0.64765625 0.44921875 0.0125 0.017578125
1 0.939453125 0.71484375 0.06484375 0.08984375
1 0.34296875 0.548828125 0.025 0.046875
1 0.037109375 0.57958984375 0.02890625 0.0478515625
1 0.042578125 0.48388671875 0.01328125 0.0205078125
1 0.134375 0.474609375 0.0109375 0.021484375
1 0.229296875 0.4658203125 0.01328125 0.0234375
1 0.316015625 0.46533203125 0.01171875 0.0224609375
1 0.40859375 0.4658203125 0.0125 0.0234375
1 0.886328125 0.45751953125 0.01015625 0.0224609375
1 0.77890625 0.4560546875 0.0125 0.01953125
0 0.77265625 0.46728515625 0.01875 0.0302734375
0 0.849609375 0.4638671875 0.01484375 0.025390625
0 0.933984375 0.462890625 0.01328125 0.02734375
0 0.889453125 0.55322265625 0.03671875 0.0556640625
0 0.75859375 0.517578125 0.025 0.041015625
0 0.2875 0.6767578125 0.05625 0.083984375
0 0.02578125 0.4775390625 0.0109375 0.021484375
0 0.120703125 0.47021484375 0.01171875 0.0244140625
0 0.363671875 0.46142578125 0.01171875 0.0244140625
0 0.45390625 0.46142578125 0.015625 0.0244140625
0 0.717578125 0.47509765625 0.01328125 0.0302734375
3 0.695703125 0.4755859375 0.01953125 0.041015625
3 0.716015625 0.48681640625 0.02265625 0.0419921875
0 0.701171875 0.484375 0.02109375 0.037109375
0 0.559375 0.46484375 0.0140625 0.025390625
1 0.670703125 0.46337890625 0.01328125 0.0224609375
1 0.482421875 0.4716796875 0.01484375 0.0234375
1 0.4796875 0.51123046875 0.025 0.0341796875
1 0.522265625 0.48681640625 0.01328125 0.0322265625
3 0.51484375 0.48876953125 0.01875 0.0400390625
3 0.52578125 0.48046875 0.0171875 0.033203125
