0 0.841796875 0.5048828125 0.02421875 0.0390625
0 0.7640625 0.490234375 0.015625 0.0234375
2 0.92890625 0.6484375 0.053125 0.087890625
1 0.82890625 0.55810546875 0.0328125 0.0458984375
2 0.406640625 0.6357421875 0.04609375 0.087890625
0 0.51484375 0.5439453125 0.0296875 0.04296875
0 0.21953125 0.56689453125 0.03125 0.0419921875
1 0.293359375 0.51611328125 0.02265625 0.0302734375
1 0.490625 0.50439453125 0.0171875 0.0322265625
1 0.093359375 0.52001953125 0.02265625 0.0263671875
1 0.56875 0.486328125 0.015625 0.025390625
3 0.58828125 0.4755859375 0.01875 0.02734375
3 0.7390625 0.4736328125 0.015625 0.037109375
0 0.929296875 0.46337890625 0.01015625 0.0205078125
0 0.8546875 0.462890625 0.0125 0.017578125
1 0.892578125 0.4609375 0.01015625 0.009765625
1 0.55234375 0.4658203125 0.009375 0.015625
0 0.15 0.46923828125 0.015625 0.0185546875
0 0.23203125 0.46728515625 0.00625 0.0146484375
1 0.177734375 0.47314453125 0.01328125 0.0185546875
1 0.252734375 0.4677734375 0.01015625 0.017578125
1 0.4046875 0.4638671875 0.015625 0.021484375
1 0.03671875 0.4912109375 0.015625 0.0234375
1 0.3328125 0.46533203125 0.0109375 0.0205078125
0 0.444140625 0.46142578125 0.01796875 0.0185546875
0 0.51953125 0.45849609375 0.0171875 0.0224609375
1 0.48984375 0.462890625 0.0140625 0.01953125
