1 0.011328125 0.515625 0.01171875 0.01953125
0 0.055859375 0.5 0.01328125 0.021484375
1 0.1296875 0.51513671875 0.0140625 0.0224609375
0 0.241015625 0.50048828125 0.01328125 0.0185546875
1 0.24921875 0.52685546875 0.01875 0.0244140625
0 0.365234375 0.5068359375 0.01484375 0.01953125
1 0.337109375 0.55615234375 0.02265625 0.0380859375
1 0.346875 0.62255859375 0.03125 0.0556640625
1 0.23203125 0.74658203125 0.059375 0.0888671875
1 0.94140625 0.52001953125 0.015625 0.0263671875
0 0.925 0.62548828125 0.028125 0.0595703125
0 0.968359375 0.7998046875 0.05859375 0.111328125
2 0.58984375 0.47900390625 0.009375 0.0166015625
2 0.578515625 0.48681640625 0.00859375 0.0146484375
2 0.56796875 0.494140625 0.009375 0.01953125
2 0.548828125 0.50927734375 0.01328125 0.0205078125
2 0.626953125 0.48095703125 0.00859375 0.0126953125
2 0.661328125 0.47802734375 0.00859375 0.0146484375
2 0.695703125 0.478515625 0.01015625 0.017578125
2 0.7109375 0.48583984375 0.0078125 0.0166015625
2 0.72578125 0.49609375 0.0109375 0.017578125
2 0.73671875 0.5107421875 0.0125 0.021484375
1 0.75546875 0.54052734375 0.01875 0.0302734375
0 0.524609375 0.5302734375 0.01796875 0.029296875
3 0.298828125 0.66650390625 0.06015625 0.1142578125
3 0.06875 0.84033203125 0.103125 0.2060546875
3 0.91015625 0.6806640625 0.0734375 0.126953125
