1 0.09765625 0.50341796875 0.0125 0.0185546875
0 0.127734375 0.49072265625 0.01015625 0.0185546875
1 0.208984375 0.50244140625 0.01171875 0.0205078125
0 0.298046875 0.490234375 0.01171875 0.017578125
1 0.32265625 0.50732421875 0.0171875 0.0244140625
0 0.416015625 0.49462890625 0.01171875 0.0185546875
1 0.414453125 0.52783203125 0.01640625 0.0263671875
1 0.449609375 0.56298828125 0.01953125 0.0380859375
1 0.407421875 0.6201171875 0.03515625 0.052734375
1 0.0640625 0.83056640625 0.0859375 0.1142578125
1 0.916796875 0.501953125 0.01015625 0.021484375
0 0.95078125 0.53857421875 0.01875 0.0302734375
0 0.867578125 0.56298828125 0.02421875 0.0458984375
0 0.86640625 0.63525390625 0.0359375 0.0634765625
2 0.608984375 0.4736328125 0.00703125 0.013671875
2 0.5984375 0.47900390625 0.009375 0.0146484375
2 0.59140625 0.484375 0.0078125 0.015625
2 0.57734375 0.49365234375 0.009375 0.0205078125
2 0.642578125 0.47412109375 0.00703125 0.0146484375
2 0.6734375 0.47119140625 0.0046875 0.0146484375
0 0.562109375 0.509765625 0.01640625 0.025390625
2 0.7046875 0.47265625 0.00625 0.013671875
2 0.717578125 0.478515625 0.00703125 0.015625
2 0.7296875 0.4873046875 0.0109375 0.015625
2 0.73828125 0.4990234375 0.0109375 0.01953125
1 0.750390625 0.5146484375 0.01953125 0.02734375
3 0.4328125 0.58154296875 0.0390625 0.0751953125
3 0.3421875 0.64892578125 0.0546875 0.1103515625
3 0.839453125 0.58251953125 0.03984375 0.0830078125
3 0.94765625 0.6826171875 0.0671875 0.140625
