0 0.1203125 0.6162109375 0.0578125 0.07421875
0 0.977734375 0.6767578125 0.04140625 0.103515625
1 0.518359375 0.619140625 0.04765625 0.072265625
1 0.76796875 0.5390625 0.034375 0.052734375
1 0.94140625 0.50634765625 0.0265625 0.0380859375
2 0.202734375 0.55322265625 0.03046875 0.0439453125
2 0.252734375 0.5205078125 0.02265625 0.033203125
2 0.27578125 0.5048828125 0.0171875 0.03125
2 0.29921875 0.48876953125 0.015625 0.0244140625
2 0.346484375 0.48681640625 0.01484375 0.0302734375
2 0.387890625 0.48388671875 0.01484375 0.0283203125
2 0.43125 0.48291015625 0.0140625 0.0244140625
2 0.44921875 0.49658203125 0.0171875 0.0283203125
2 0.46640625 0.5126953125 0.0203125 0.03515625
2 0.4828125 0.5419921875 0.025 0.041015625
