1 0.07734375 0.82568359375 0.0859375 0.1201171875
0 0.12734375 0.4912109375 0.0078125 0.017578125
1 0.09765625 0.50146484375 0.0125 0.0185546875
1 0.20859375 0.50146484375 0.009375 0.0185546875
0 0.298046875 0.48779296875 0.01015625 0.0185546875
1 0.323828125 0.50537109375 0.01328125 0.0244140625
0 0.41484375 0.49072265625 0.0125 0.0185546875
1 0.4140625 0.52294921875 0.0171875 0.0302734375
1 0.450390625 0.55810546875 0.01953125 0.0380859375
1 0.406640625 0.61669921875 0.03359375 0.0517578125
1 0.9125 0.4970703125 0.0109375 0.021484375
0 0.94609375 0.53173828125 0.01875 0.0322265625
0 0.862890625 0.55712890625 0.02265625 0.0400390625
0 0.85859375 0.626953125 0.034375 0.064453125
2 0.60625 0.46875 0.00625 0.01171875
2 0.597265625 0.47509765625 0.00859375 0.0107421875
2 0.5890625 0.482421875 0.00625 0.013671875
2 0.575390625 0.49072265625 0.00859375 0.0166015625
2 0.640234375 0.46923828125 0.00703125 0.0126953125
2 0.671875 0.46923828125 0.00625 0.0107421875
2 0.703125 0.46923828125 0.00625 0.0107421875
2 0.71640625 0.47509765625 0.00625 0.0146484375
2 0.728125 0.482421875 0.0078125 0.015625
2 0.73671875 0.49267578125 0.0109375 0.0185546875
0 0.559375 0.50537109375 0.0171875 0.0263671875
1 0.748828125 0.509765625 0.01640625 0.02734375
3 0.434375 0.5712890625 0.0359375 0.08203125
3 0.345703125 0.6435546875 0.05703125 0.115234375
3 0.8359375 0.57763671875 0.0390625 0.0810546875
3 0.93984375 0.6826171875 0.071875 0.12109375
