0 0.794140625 0.50244140625 0.01640625 0.0322265625
0 0.7203125 0.48779296875 0.0171875 0.0244140625
2 0.855078125 0.61376953125 0.04296875 0.0693359375
1 0.776171875 0.54345703125 0.02578125 0.0380859375
2 0.135546875 0.8876953125 0.07890625 0.185546875
2 0.401171875 0.619140625 0.05390625 0.076171875
0 0.484375 0.5390625 0.028125 0.05078125
0 0.2078125 0.5595703125 0.0265625 0.044921875
1 0.272265625 0.51611328125 0.02265625 0.0361328125
1 0.4578125 0.50146484375 0.021875 0.0302734375
1 0.076171875 0.5234375 0.02578125 0.03125
1 0.5328125 0.48681640625 0.015625 0.0244140625
3 0.5515625 0.4716796875 0.015625 0.03125
3 0.69375 0.4736328125 0.0203125 0.029296875
0 0.880078125 0.45947265625 0.01328125 0.0224609375
0 0.808203125 0.46142578125 0.01484375 0.0205078125
1 0.84375 0.45751953125 0.0125 0.0166015625
1 0.51484375 0.46728515625 0.0140625 0.0166015625
0 0.1171875 0.474609375 0.0078125 0.0234375
0 0.197265625 0.4716796875 0.01171875 0.01953125
1 0.1453125 0.4755859375 0.0125 0.01953125
1 0.217578125 0.47021484375 0.01328125 0.0185546875
1 0.375 0.46630859375 0.021875 0.0361328125
1 0.0671875 0.48291015625 0.0125 0.0166015625
1 0.2984375 0.4658203125 0.0109375 0.015625
0 0.403515625 0.462890625 0.01328125 0.021484375
0 0.484375 0.46240234375 0.0140625 0.0205078125
1 0.453515625 0.4658203125 0.01640625 0.01953125
