2 0.64921875 0.4501953125 0.009375 0.013671875
2 0.655859375 0.45458984375 0.01015625 0.0146484375
2 0.6625 0.4560546875 0.0078125 0.01171875
2 0.666796875 0.4599609375 0.00703125 0.01171875
1 0.669140625 0.46435546875 0.01015625 0.0146484375
2 0.62734375 0.451171875 0.009375 0.01171875
2 0.60546875 0.45263671875 0.009375 0.0126953125
2 0.582421875 0.4521484375 0.00859375 0.01171875
2 0.578125 0.45556640625 0.009375 0.0126953125
2 0.574609375 0.458984375 0.01015625 0.015625
0 0.56796875 0.462890625 0.0125 0.015625
3 0.543359375 0.47216796875 0.01640625 0.0322265625
3 0.533984375 0.478515625 0.02109375 0.037109375
1 0.54296875 0.48193359375 0.0109375 0.0224609375
3 0.690625 0.46923828125 0.01875 0.0322265625
3 0.7046875 0.478515625 0.021875 0.04296875
0 0.712109375 0.4716796875 0.01484375 0.01953125
0 0.691796875 0.478515625 0.01640625 0.0234375
0 0.737890625 0.50146484375 0.02265625 0.0283203125
0 0.76015625 0.4658203125 0.015625 0.017578125
1 0.767578125 0.4599609375 0.01328125 0.017578125
0 0.83203125 0.462890625 0.0125 0.01953125
1 0.86953125 0.4580078125 0.0140625 0.015625
0 0.9109375 0.462890625 0.0140625 0.021484375
0 0.83828125 0.52734375 0.0328125 0.0390625
1 0.8375 0.60693359375 0.0515625 0.0615234375
0 0.9875 0.46142578125 0.0171875 0.0224609375
0 0.39609375 0.59228515625 0.0546875 0.0654296875
0 0.469921875 0.46044921875 0.01640625 0.0185546875
0 0.385546875 0.4609375 0.01328125 0.015625
1 0.428125 0.46435546875 0.0140625 0.0205078125
1 0.401953125 0.52294921875 0.02421875 0.0361328125
1 0.505859375 0.49755859375 0.01953125 0.0283203125
1 0.498828125 0.466796875 0.01484375 0.017578125
1 0.343359375 0.46630859375 0.01484375 0.0146484375
1 0.264453125 0.46728515625 0.01171875 0.0166015625
0 0.259375 0.46337890625 0.0140625 0.0185546875
1 0.175390625 0.47265625 0.01328125 0.017578125
0 0.1546875 0.4697265625 0.015625 0.017578125
1 0.09140625 0.47900390625 0.0125 0.0166015625
1 0.158203125 0.544921875 0.03203125 0.041015625
0 0.06875 0.4765625 0.0140625 0.015625
2 0.137890625 0.8193359375 0.11328125 0.150390625
