3 0.15546875 0.779296875 0.109375 0.1953125
0 0.530859375 0.546875 0.04140625 0.046875
0 0.363671875 0.51171875 0.03203125 0.0390625
0 0.234765625 0.501953125 0.02578125 0.029296875
0 0.0453125 0.50439453125 0.0203125 0.0302734375
1 0.1078125 0.5244140625 0.0296875 0.03515625
1 0.80625 0.56298828125 0.0328125 0.0498046875
1 0.03203125 0.93408203125 0.0640625 0.1220703125
1 0.223828125 0.5380859375 0.02890625 0.0390625
1 0.27265625 0.693359375 0.0734375 0.107421875
1 0.299609375 0.58154296875 0.03515625 0.0615234375
2 0.565625 0.51806640625 0.021875 0.0302734375
2 0.5890625 0.50048828125 0.0171875 0.0263671875
2 0.6015625 0.48974609375 0.0140625 0.0244140625
2 0.61484375 0.478515625 0.0140625 0.025390625
2 0.655078125 0.4814453125 0.01484375 0.025390625
2 0.691015625 0.47998046875 0.01484375 0.0283203125
2 0.72890625 0.48193359375 0.0140625 0.0205078125
2 0.745703125 0.4912109375 0.01328125 0.021484375
2 0.76171875 0.5029296875 0.0171875 0.02734375
2 0.778125 0.5205078125 0.01875 0.03515625
