0 0.12265625 0.5078125 0.025 0.033203125
0 0.258203125 0.517578125 0.02421875 0.037109375
0 0.435546875 0.5556640625 0.03203125 0.0546875
1 0.09296875 0.55517578125 0.034375 0.0478515625
1 0.741796875 0.56884765625 0.03671875 0.0498046875
1 0.059375 0.78955078125 0.0859375 0.1318359375
1 0.96328125 0.5244140625 0.028125 0.04296875
1 0.155859375 0.61376953125 0.04609375 0.0693359375
2 0.47734375 0.5166015625 0.0296875 0.037109375
2 0.50703125 0.49658203125 0.01875 0.0283203125
2 0.521875 0.48486328125 0.0140625 0.0244140625
2 0.5375 0.47314453125 0.0125 0.0224609375
2 0.5796875 0.47412109375 0.0171875 0.0224609375
2 0.618359375 0.47119140625 0.01015625 0.0244140625
2 0.657421875 0.47265625 0.01328125 0.021484375
2 0.67578125 0.48046875 0.0140625 0.025390625
2 0.69296875 0.49462890625 0.015625 0.0263671875
2 0.710546875 0.51806640625 0.01796875 0.0361328125
