0 0.862890625 0.51123046875 0.02265625 0.0439453125
0 0.779296875 0.49658203125 0.02265625 0.0283203125
2 0.957421875 0.68310546875 0.05859375 0.1083984375
1 0.850390625 0.564453125 0.03359375 0.048828125
2 0.391796875 0.66064453125 0.05859375 0.1083984375
0 0.513671875 0.5576171875 0.03515625 0.041015625
0 0.199609375 0.57275390625 0.03828125 0.0478515625
1 0.290625 0.521484375 0.015625 0.029296875
1 0.488671875 0.50830078125 0.02109375 0.0322265625
1 0.087890625 0.52685546875 0.01953125 0.0283203125
1 0.573046875 0.4892578125 0.01484375 0.021484375
3 0.59765625 0.47314453125 0.0125 0.0380859375
3 0.74921875 0.4755859375 0.0109375 0.029296875
0 0.945703125 0.4658203125 0.01171875 0.0234375
0 0.869140625 0.46728515625 0.01484375 0.0205078125
1 0.9078125 0.4609375 0.0109375 0.01171875
1 0.560546875 0.4677734375 0.01640625 0.015625
0 0.157421875 0.47265625 0.00859375 0.017578125
0 0.235546875 0.466796875 0.00859375 0.015625
1 0.18203125 0.4736328125 0.0125 0.021484375
1 0.25703125 0.47021484375 0.0140625 0.0185546875
1 0.4171875 0.46337890625 0.0203125 0.0224609375
1 0.03046875 0.4873046875 0.01875 0.03125
1 0.337109375 0.4658203125 0.00859375 0.017578125
0 0.448828125 0.4599609375 0.01484375 0.017578125
0 0.53203125 0.46142578125 0.0125 0.0244140625
1 0.49296875 0.46484375 0.015625 0.013671875
