0 0.04765625 0.63525390625 0.0546875 0.0810546875
0 0.968359375 0.68994140625 0.05703125 0.1044921875
1 0.469921875 0.63671875 0.04609375 0.080078125
1 0.73203125 0.541015625 0.028125 0.048828125
1 0.904296875 0.51025390625 0.02734375 0.0458984375
2 0.14609375 0.56689453125 0.0390625 0.0537109375
2 0.199609375 0.529296875 0.02265625 0.037109375
2 0.225390625 0.51171875 0.01953125 0.029296875
2 0.25078125 0.4951171875 0.015625 0.025390625
2 0.2984375 0.4912109375 0.015625 0.02734375
2 0.3421875 0.490234375 0.01875 0.02734375
2 0.38671875 0.48828125 0.0171875 0.025390625
2 0.402734375 0.49853515625 0.01796875 0.0283203125
2 0.421484375 0.51806640625 0.02109375 0.0341796875
2 0.4359375 0.55029296875 0.025 0.0458984375
