1 0.1140625 0.4970703125 0.0125 0.01953125
0 0.13984375 0.48828125 0.0125 0.015625
1 0.223046875 0.49609375 0.00703125 0.017578125
0 0.306640625 0.48388671875 0.01015625 0.0166015625
1 0.336328125 0.50146484375 0.01484375 0.0224609375
0 0.42109375 0.48779296875 0.0078125 0.0185546875
1 0.426953125 0.5166015625 0.01484375 0.02734375
1 0.466796875 0.54736328125 0.01484375 0.0361328125
1 0.436328125 0.59033203125 0.02890625 0.0498046875
1 0.180078125 0.73974609375 0.06640625 0.0908203125
1 0.89765625 0.494140625 0.0109375 0.017578125
0 0.925390625 0.52294921875 0.01796875 0.0302734375
0 0.84453125 0.54638671875 0.015625 0.0341796875
0 0.834375 0.6005859375 0.0328125 0.056640625
2 0.605078125 0.46923828125 0.00546875 0.0126953125
2 0.596875 0.474609375 0.00625 0.013671875
2 0.5890625 0.48046875 0.0078125 0.013671875
2 0.57578125 0.48681640625 0.0109375 0.0185546875
2 0.637890625 0.46875 0.00546875 0.01171875
2 0.668359375 0.4677734375 0.00703125 0.01171875
2 0.698828125 0.466796875 0.00859375 0.013671875
2 0.7125 0.4716796875 0.0078125 0.015625
2 0.723046875 0.48095703125 0.00859375 0.0146484375
2 0.73046875 0.4921875 0.009375 0.015625
1 0.7421875 0.50732421875 0.0140625 0.0205078125
0 0.56171875 0.5 0.0140625 0.021484375
3 0.385546875 0.60986328125 0.04921875 0.0908203125
3 0.456640625 0.55810546875 0.02734375 0.0732421875
3 0.818359375 0.5615234375 0.03046875 0.0703125
3 0.898046875 0.6337890625 0.04765625 0.11328125
