0 0.812890625 0.48876953125 0.02734375 0.0322265625
0 0.747265625 0.478515625 0.01484375 0.0234375
2 0.863671875 0.59326171875 0.03046875 0.0556640625
1 0.8 0.52978515625 0.034375 0.0361328125
2 0.234765625 0.791015625 0.07890625 0.130859375
2 0.457421875 0.59033203125 0.04765625 0.0693359375
0 0.52265625 0.51806640625 0.0265625 0.0419921875
0 0.26484375 0.53857421875 0.0328125 0.0361328125
1 0.31953125 0.5009765625 0.009375 0.03125
1 0.496484375 0.48876953125 0.01484375 0.0302734375
1 0.135546875 0.51220703125 0.01640625 0.0263671875
1 0.565234375 0.4755859375 0.01484375 0.021484375
3 0.583203125 0.46728515625 0.01796875 0.0185546875
3 0.720703125 0.46337890625 0.01328125 0.0322265625
0 0.972265625 0.45458984375 0.00859375 0.0185546875
0 0.907421875 0.45361328125 0.01328125 0.0205078125
0 0.832421875 0.45458984375 0.01484375 0.0185546875
1 0.870703125 0.45263671875 0.01171875 0.0146484375
1 0.547265625 0.45751953125 0.01328125 0.0126953125
0 0.159375 0.466796875 0.0203125 0.021484375
0 0.23828125 0.4619140625 0.009375 0.01171875
1 0.18984375 0.466796875 0.0109375 0.017578125
1 0.26015625 0.4609375 0.015625 0.021484375
1 0.4078125 0.455078125 0.025 0.03125
1 0.1171875 0.46875 0.0203125 0.0234375
1 0.33671875 0.4560546875 0.009375 0.013671875
0 0.438671875 0.453125 0.01640625 0.025390625
0 0.51796875 0.451171875 0.0140625 0.021484375
1 0.484375 0.4580078125 0.0140625 0.009765625
