0 0.9890625 0.56640625 0.01875 0.05078125
1 0.9296875 0.5107421875 0.0140625 0.0234375
0 0.911328125 0.60986328125 0.02578125 0.0576171875
1 0.0109375 0.517578125 0.0109375 0.017578125
0 0.056640625 0.50048828125 0.01015625 0.0205078125
1 0.12890625 0.51513671875 0.0109375 0.0244140625
0 0.2375 0.49560546875 0.0140625 0.0224609375
1 0.249609375 0.525390625 0.01328125 0.025390625
0 0.363671875 0.50390625 0.01328125 0.0234375
1 0.3375 0.5517578125 0.0203125 0.037109375
1 0.350390625 0.61474609375 0.02734375 0.0458984375
1 0.24765625 0.73046875 0.0484375 0.0859375
2 0.583203125 0.47607421875 0.00859375 0.0166015625
2 0.619921875 0.474609375 0.00703125 0.015625
2 0.6546875 0.47607421875 0.00625 0.0166015625
2 0.6890625 0.4755859375 0.00625 0.015625
2 0.571875 0.48388671875 0.0078125 0.0185546875
2 0.5625 0.4921875 0.009375 0.01953125
2 0.54453125 0.505859375 0.0109375 0.0234375
2 0.703125 0.482421875 0.009375 0.01953125
2 0.716796875 0.49169921875 0.00859375 0.0166015625
2 0.728125 0.505859375 0.0109375 0.025390625
0 0.52109375 0.525390625 0.015625 0.029296875
1 0.74765625 0.533203125 0.015625 0.03125
3 0.0984375 0.814453125 0.1 0.197265625
3 0.306640625 0.64794921875 0.06328125 0.1083984375
3 0.88984375 0.6630859375 0.06875 0.123046875
0 0.95078125 0.76806640625 0.0671875 0.1044921875
