1 0.9375 0.47802734375 0.0125 0.0166015625
0 0.908203125 0.49169921875 0.01015625 0.0224609375
1 0.80390625 0.48193359375 0.00625 0.0185546875
0 0.8140625 0.4970703125 0.015625 0.025390625
0 0.74375 0.515625 0.0171875 0.03125
0 0.726953125 0.54443359375 0.02421875 0.0439453125
0 0.889453125 0.65478515625 0.03515625 0.0673828125
0 0.123828125 0.48486328125 0.00703125 0.0146484375
1 0.112109375 0.49365234375 0.01015625 0.0166015625
1 0.21328125 0.49072265625 0.0125 0.0224609375
0 0.283203125 0.482421875 0.00703125 0.01953125
1 0.321484375 0.4931640625 0.01015625 0.01953125
0 0.390625 0.4814453125 0.0078125 0.017578125
1 0.40703125 0.5 0.0140625 0.0234375
1 0.442578125 0.54638671875 0.02421875 0.0322265625
1 0.316796875 0.6142578125 0.02734375 0.048828125
2 0.55078125 0.46728515625 0.0078125 0.0126953125
2 0.544140625 0.4697265625 0.00703125 0.017578125
2 0.5359375 0.4736328125 0.009375 0.021484375
2 0.52890625 0.48193359375 0.009375 0.0205078125
0 0.51875 0.486328125 0.009375 0.02734375
2 0.58125 0.46435546875 0.0078125 0.0166015625
2 0.608203125 0.46337890625 0.00703125 0.0146484375
2 0.633984375 0.46533203125 0.00859375 0.0146484375
2 0.645703125 0.4697265625 0.00703125 0.013671875
2 0.655078125 0.474609375 0.00859375 0.017578125
2 0.66171875 0.4814453125 0.009375 0.01171875
1 0.6703125 0.49072265625 0.0140625 0.0205078125
3 0.41796875 0.55810546875 0.0328125 0.0654296875
3 0.452734375 0.52294921875 0.03046875 0.0517578125
3 0.71875 0.517578125 0.028125 0.056640625
3 0.762109375 0.5537109375 0.03359375 0.076171875
