1 0.1828125 0.4794921875 0.0140625 0.02734375
1 0.27109375 0.47412109375 0.0125 0.0244140625
1 0.3671875 0.47265625 0.0125 0.021484375
1 0.442578125 0.47705078125 0.01015625 0.0263671875
1 0.26328125 0.5771484375 0.03125 0.0546875
1 0.078125 0.486328125 0.009375 0.01953125
0 0.065234375 0.48193359375 0.00859375 0.0224609375
0 0.126171875 0.79248046875 0.07734375 0.1103515625
0 0.9078125 0.5849609375 0.0359375 0.05859375
0 0.920703125 0.46728515625 0.01640625 0.0263671875
0 0.833203125 0.46826171875 0.01328125 0.0244140625
0 0.754296875 0.47119140625 0.01328125 0.0283203125
0 0.74609375 0.53564453125 0.0296875 0.0439453125
2 0.570703125 0.45361328125 0.01171875 0.0205078125
2 0.594921875 0.455078125 0.01015625 0.021484375
2 0.619140625 0.45361328125 0.00859375 0.0205078125
2 0.637109375 0.4609375 0.00859375 0.01953125
2 0.54609375 0.455078125 0.0109375 0.017578125
0 0.416796875 0.46630859375 0.01171875 0.0244140625
0 0.3234375 0.47021484375 0.0109375 0.0263671875
1 0.869140625 0.46044921875 0.01171875 0.0224609375
1 0.644140625 0.47021484375 0.01328125 0.0224609375
0 0.5265625 0.4697265625 0.0125 0.02734375
3 0.487109375 0.48779296875 0.01640625 0.0419921875
3 0.471484375 0.49609375 0.01953125 0.048828125
3 0.673828125 0.48193359375 0.01796875 0.0419921875
3 0.69375 0.49609375 0.021875 0.044921875
0 0.678515625 0.4921875 0.01953125 0.041015625
1 0.484375 0.49658203125 0.0171875 0.0322265625
1 0.4296875 0.52685546875 0.0265625 0.0419921875
