0 0.888671875 0.55712890625 0.03203125 0.0478515625
0 0.29140625 0.681640625 0.0546875 0.080078125
0 0.122265625 0.48095703125 0.01484375 0.0205078125
0 0.02734375 0.48876953125 0.0140625 0.0166015625
0 0.364453125 0.46875 0.01328125 0.021484375
0 0.453515625 0.4658203125 0.01328125 0.021484375
0 0.933203125 0.46435546875 0.01640625 0.0263671875
0 0.848828125 0.466796875 0.01640625 0.025390625
0 0.772265625 0.470703125 0.01328125 0.025390625
1 0.7765625 0.46435546875 0.0140625 0.0244140625
1 0.884765625 0.4609375 0.01015625 0.01953125
1 0.935546875 0.7119140625 0.05859375 0.095703125
1 0.34453125 0.55419921875 0.028125 0.0380859375
1 0.231640625 0.47705078125 0.01640625 0.0263671875
1 0.137109375 0.48388671875 0.01328125 0.0185546875
1 0.04375 0.48974609375 0.0109375 0.0205078125
1 0.041796875 0.58251953125 0.02890625 0.0478515625
1 0.31796875 0.474609375 0.0140625 0.0234375
1 0.408984375 0.474609375 0.01171875 0.0234375
1 0.4828125 0.474609375 0.0125 0.0234375
2 0.646875 0.45703125 0.0109375 0.017578125
2 0.625 0.45654296875 0.0109375 0.0205078125
2 0.6015625 0.4560546875 0.0140625 0.01953125
2 0.576953125 0.458984375 0.01328125 0.015625
2 0.662890625 0.4580078125 0.00859375 0.017578125
1 0.67109375 0.4697265625 0.0125 0.01953125
1 0.523828125 0.48974609375 0.01640625 0.0380859375
1 0.47890625 0.51611328125 0.0234375 0.0322265625
3 0.6953125 0.4765625 0.0140625 0.0390625
3 0.715234375 0.49169921875 0.01796875 0.0419921875
3 0.51640625 0.48974609375 0.01875 0.0478515625
3 0.528125 0.4833984375 0.01875 0.0390625
0 0.559375 0.46875 0.0109375 0.029296875
0 0.75703125 0.51904296875 0.028125 0.0400390625
0 0.719921875 0.48095703125 0.01796875 0.0302734375
0 0.7 0.4873046875 0.0171875 0.03125
