3 0.035546875 0.8798828125 0.06953125 0.18359375
0 0.17421875 0.50634765625 0.025 0.0302734375
0 0.305859375 0.5146484375 0.03046875 0.033203125
0 0.47890625 0.5517578125 0.0359375 0.048828125
1 0.037109375 0.5322265625 0.03046875 0.03515625
1 0.76953125 0.5654296875 0.0421875 0.0546875
1 0.16640625 0.732421875 0.0765625 0.111328125
1 0.156640625 0.5498046875 0.03046875 0.037109375
1 0.224609375 0.5966796875 0.04453125 0.068359375
2 0.51484375 0.51806640625 0.025 0.0341796875
2 0.543359375 0.49853515625 0.01640625 0.0283203125
2 0.557421875 0.48828125 0.01484375 0.0234375
2 0.571875 0.47705078125 0.0125 0.0205078125
2 0.612890625 0.4765625 0.01640625 0.0234375
2 0.651171875 0.4775390625 0.01640625 0.029296875
2 0.687890625 0.47607421875 0.01328125 0.0205078125
2 0.741015625 0.5185546875 0.02109375 0.03515625
2 0.7234375 0.4970703125 0.015625 0.02734375
2 0.70625 0.486328125 0.0125 0.0234375
