0 0.71015625 0.4482421875 0.0109375 0.017578125
0 0.775390625 0.4462890625 0.01328125 0.017578125
0 0.838671875 0.447265625 0.00859375 0.015625
0 0.690625 0.48583984375 0.0171875 0.0283203125
0 0.625 0.47119140625 0.0171875 0.0302734375
0 0.89453125 0.50244140625 0.028125 0.0380859375
1 0.95546875 0.5478515625 0.0265625 0.046875
2 0.95234375 0.75732421875 0.0921875 0.1220703125
2 0.734765625 0.57421875 0.03203125 0.056640625
1 0.672265625 0.52001953125 0.02265625 0.0322265625
2 0.1453125 0.7841796875 0.075 0.12890625
2 0.348828125 0.58203125 0.04140625 0.068359375
0 0.412109375 0.5244140625 0.03046875 0.044921875
0 0.147265625 0.54345703125 0.03046875 0.0439453125
1 0.208203125 0.509765625 0.02265625 0.03125
1 0.38203125 0.490234375 0.0203125 0.02734375
1 0.0125 0.52001953125 0.0140625 0.0263671875
1 0.448828125 0.47412109375 0.01640625 0.0205078125
3 0.467578125 0.46337890625 0.01953125 0.0283203125
3 0.60390625 0.458984375 0.0171875 0.029296875
0 0.91796875 0.44873046875 0.0078125 0.0166015625
1 0.745703125 0.44580078125 0.00859375 0.0146484375
0 0.208203125 0.4599609375 0.00859375 0.01953125
0 0.03125 0.47314453125 0.009375 0.0244140625
0 0.108203125 0.4677734375 0.01484375 0.013671875
1 0.064453125 0.4755859375 0.01328125 0.017578125
1 0.135546875 0.4658203125 0.01328125 0.017578125
1 0.289453125 0.45849609375 0.01328125 0.0166015625
1 0.21796875 0.46435546875 0.009375 0.0166015625
0 0.322265625 0.45556640625 0.01015625 0.0166015625
1 0.43125 0.458984375 0.0109375 0.017578125
0 0.399609375 0.45263671875 0.01171875 0.0166015625
1 0.368359375 0.45654296875 0.01015625 0.0185546875
