0 0.31484375 0.58349609375 0.0390625 0.0615234375
0 0.1359375 0.533203125 0.0359375 0.03515625
1 0.655859375 0.59423828125 0.04140625 0.0615234375
1 0.886328125 0.53369140625 0.03515625 0.0498046875
2 0.369921875 0.533203125 0.03046875 0.044921875
2 0.40546875 0.50634765625 0.0203125 0.0322265625
2 0.42265625 0.4931640625 0.015625 0.02734375
2 0.4421875 0.47998046875 0.015625 0.0224609375
2 0.485546875 0.47802734375 0.01640625 0.0263671875
2 0.52421875 0.48046875 0.021875 0.03125
2 0.565234375 0.47802734375 0.01640625 0.0244140625
2 0.622265625 0.529296875 0.02734375 0.041015625
