1 0.00859375 0.51611328125 0.0140625 0.0185546875
0 0.051953125 0.49951171875 0.01171875 0.0205078125
1 0.1265625 0.51318359375 0.0140625 0.0244140625
0 0.234765625 0.4970703125 0.01171875 0.017578125
1 0.24765625 0.5224609375 0.0171875 0.0234375
0 0.35703125 0.50048828125 0.015625 0.0283203125
1 0.335546875 0.55078125 0.01953125 0.033203125
1 0.35078125 0.615234375 0.03125 0.0546875
1 0.249609375 0.72314453125 0.05859375 0.0810546875
1 0.923828125 0.51416015625 0.01171875 0.0205078125
0 0.984375 0.5654296875 0.0234375 0.041015625
0 0.90390625 0.6103515625 0.025 0.0546875
0 0.936328125 0.76123046875 0.06796875 0.1044921875
2 0.58046875 0.47607421875 0.009375 0.0166015625
2 0.616796875 0.47509765625 0.00859375 0.0166015625
2 0.649609375 0.4736328125 0.00703125 0.013671875
2 0.68359375 0.47607421875 0.0109375 0.0166015625
2 0.698046875 0.484375 0.00859375 0.015625
2 0.712109375 0.49072265625 0.01015625 0.0185546875
2 0.725 0.50439453125 0.0171875 0.0244140625
2 0.56796875 0.48388671875 0.0078125 0.0166015625
2 0.558203125 0.49072265625 0.01171875 0.0263671875
2 0.53984375 0.50390625 0.0140625 0.025390625
1 0.74140625 0.5322265625 0.01875 0.03515625
0 0.518359375 0.525390625 0.01796875 0.03125
3 0.31015625 0.64599609375 0.0546875 0.1123046875
3 0.10546875 0.8017578125 0.109375 0.1953125
3 0.88203125 0.66015625 0.0671875 0.126953125
