0 0.817578125 0.50634765625 0.01953125 0.0361328125
0 0.741015625 0.4873046875 0.01484375 0.025390625
2 0.886328125 0.63623046875 0.05546875 0.0791015625
1 0.8 0.548828125 0.03125 0.037109375
2 0.4 0.626953125 0.0453125 0.08203125
0 0.499609375 0.54443359375 0.02890625 0.0498046875
0 0.203515625 0.55712890625 0.03671875 0.0576171875
1 0.280078125 0.51416015625 0.02578125 0.0341796875
1 0.4703125 0.50244140625 0.0203125 0.0341796875
1 0.082421875 0.52294921875 0.02734375 0.0302734375
1 0.54921875 0.48779296875 0.01875 0.0244140625
3 0.5671875 0.47314453125 0.015625 0.0302734375
3 0.7140625 0.4716796875 0.009375 0.03515625
0 0.90078125 0.46240234375 0.009375 0.0205078125
0 0.82890625 0.46240234375 0.0109375 0.0185546875
1 0.86640625 0.45947265625 0.0078125 0.0126953125
1 0.53046875 0.46484375 0.0140625 0.02734375
0 0.132421875 0.47119140625 0.01796875 0.0244140625
0 0.21015625 0.46826171875 0.0125 0.0185546875
1 0.15703125 0.4716796875 0.0109375 0.017578125
1 0.23359375 0.47021484375 0.0125 0.0205078125
1 0.3875 0.46533203125 0.015625 0.0263671875
1 0.016796875 0.4931640625 0.01796875 0.01953125
1 0.31328125 0.46533203125 0.0078125 0.0146484375
0 0.421875 0.4599609375 0.01875 0.01953125
0 0.4984375 0.45947265625 0.0171875 0.0224609375
1 0.4671875 0.46240234375 0.01875 0.0224609375
