0 0.907421875 0.5693359375 0.03359375 0.0546875
0 0.937890625 0.46435546875 0.01484375 0.0263671875
0 0.851171875 0.46630859375 0.01640625 0.0283203125
0 0.7625 0.52783203125 0.025 0.0400390625
0 0.773828125 0.47021484375 0.01640625 0.0322265625
0 0.23359375 0.720703125 0.06875 0.095703125
0 0.10625 0.478515625 0.0125 0.01953125
0 0.008984375 0.48583984375 0.01015625 0.0166015625
0 0.353125 0.4658203125 0.0109375 0.021484375
0 0.445703125 0.4658203125 0.01171875 0.0234375
1 0.975 0.76708984375 0.04375 0.1044921875
1 0.317578125 0.5615234375 0.02890625 0.05078125
1 0.026953125 0.49560546875 0.01640625 0.0205078125
1 0.2203125 0.47265625 0.0203125 0.03125
1 0.11953125 0.478515625 0.0125 0.025390625
1 0.304296875 0.4697265625 0.01484375 0.025390625
1 0.39765625 0.470703125 0.0140625 0.01953125
1 0.473046875 0.47412109375 0.01484375 0.0322265625
1 0.465625 0.517578125 0.0265625 0.03515625
1 0.88828125 0.4599609375 0.0109375 0.021484375
2 0.596484375 0.4521484375 0.01015625 0.021484375
2 0.61953125 0.4521484375 0.0109375 0.017578125
2 0.64296875 0.4521484375 0.0109375 0.017578125
2 0.570703125 0.45361328125 0.01171875 0.0205078125
2 0.66015625 0.45849609375 0.009375 0.0205078125
0 0.551953125 0.46826171875 0.01171875 0.0224609375
3 0.694921875 0.47802734375 0.01953125 0.0419921875
3 0.715234375 0.49462890625 0.02578125 0.0419921875
3 0.51796875 0.482421875 0.021875 0.0390625
3 0.505859375 0.49267578125 0.02578125 0.0478515625
1 0.51484375 0.49560546875 0.021875 0.0302734375
1 0.6671875 0.46875 0.0125 0.021484375
1 0.77578125 0.46240234375 0.015625 0.0224609375
0 0.69921875 0.48681640625 0.01875 0.0322265625
