0 0.94921875 0.51611328125 0.0171875 0.0263671875
1 0.9328125 0.4912109375 0.009375 0.0234375
0 0.871484375 0.53125 0.01953125 0.033203125
0 0.85859375 0.576171875 0.021875 0.037109375
0 0.0796875 0.48486328125 0.009375 0.0146484375
1 0.073828125 0.49462890625 0.01171875 0.0166015625
1 0.1921875 0.48779296875 0.0078125 0.0126953125
0 0.21328125 0.47998046875 0.0109375 0.0126953125
1 0.293359375 0.48583984375 0.01015625 0.0185546875
0 0.370703125 0.47607421875 0.01015625 0.0146484375
0 0.480078125 0.47802734375 0.01171875 0.0166015625
1 0.403515625 0.4912109375 0.00859375 0.017578125
1 0.49453125 0.5068359375 0.0109375 0.0234375
1 0.518359375 0.5673828125 0.02578125 0.037109375
1 0.343359375 0.66455078125 0.03984375 0.0595703125
2 0.65234375 0.46533203125 0.00625 0.0126953125
2 0.64453125 0.46923828125 0.00625 0.0126953125
2 0.6390625 0.474609375 0.009375 0.013671875
2 0.626953125 0.48291015625 0.00546875 0.0166015625
0 0.61640625 0.49267578125 0.009375 0.0185546875
2 0.684765625 0.46630859375 0.00703125 0.0126953125
2 0.713671875 0.46533203125 0.00546875 0.0126953125
2 0.7421875 0.46484375 0.0078125 0.01171875
2 0.75625 0.47021484375 0.0046875 0.0126953125
2 0.766015625 0.47607421875 0.00390625 0.0146484375
2 0.77265625 0.486328125 0.0046875 0.01171875
1 0.78203125 0.49853515625 0.0078125 0.0185546875
3 0.530859375 0.53564453125 0.02734375 0.0595703125
3 0.845703125 0.5478515625 0.01640625 0.056640625
3 0.908203125 0.59521484375 0.03359375 0.0810546875
3 0.478515625 0.57373046875 0.03828125 0.0732421875
