0 0.338671875 0.57666015625 0.04296875 0.0634765625
0 0.16171875 0.53125 0.034375 0.037109375
0 0.01875 0.5234375 0.025 0.033203125
1 0.021875 0.6494140625 0.0421875 0.0703125
1 0.67734375 0.58740234375 0.040625 0.0673828125
1 0.903515625 0.53271484375 0.02734375 0.0458984375
2 0.393359375 0.53173828125 0.02890625 0.0478515625
2 0.428125 0.50439453125 0.01875 0.0361328125
2 0.44453125 0.4921875 0.015625 0.025390625
2 0.462109375 0.47998046875 0.01328125 0.0224609375
2 0.507421875 0.478515625 0.01796875 0.02734375
2 0.545703125 0.478515625 0.01328125 0.025390625
2 0.58671875 0.4765625 0.0140625 0.021484375
2 0.62421875 0.50146484375 0.0203125 0.0302734375
2 0.641015625 0.529296875 0.02265625 0.0390625
2 0.604296875 0.48876953125 0.01640625 0.0244140625
