1 0.128125 0.49169921875 0.0125 0.0224609375
0 0.13203125 0.4794921875 0.01875 0.03125
1 0.016015625 0.49951171875 0.01484375 0.0224609375
1 0.132421875 0.63916015625 0.04609375 0.0693359375
1 0.221875 0.48583984375 0.0171875 0.0283203125
1 0.324609375 0.48583984375 0.01953125 0.0283203125
1 0.407421875 0.4873046875 0.01796875 0.02734375
1 0.3703125 0.5576171875 0.03125 0.044921875
1 0.86875 0.46630859375 0.0125 0.0244140625
0 0.281640625 0.47607421875 0.01640625 0.0283203125
0 0.381640625 0.474609375 0.01328125 0.02734375
0 0.834765625 0.47607421875 0.01796875 0.0341796875
0 0.926171875 0.47216796875 0.01640625 0.0322265625
0 0.98515625 0.6435546875 0.0265625 0.08984375
0 0.763671875 0.57080078125 0.03359375 0.0556640625
0 0.749609375 0.48388671875 0.01328125 0.0341796875
2 0.549609375 0.45947265625 0.01171875 0.0244140625
2 0.576171875 0.46142578125 0.01328125 0.0244140625
2 0.599609375 0.45947265625 0.01015625 0.0244140625
2 0.61875 0.46435546875 0.0125 0.0244140625
2 0.523828125 0.4580078125 0.01171875 0.021484375
3 0.449609375 0.50048828125 0.01953125 0.0498046875
3 0.4296875 0.51904296875 0.0265625 0.0556640625
3 0.6640625 0.4970703125 0.0171875 0.056640625
3 0.693359375 0.51416015625 0.02578125 0.0654296875
0 0.66875 0.513671875 0.0203125 0.046875
1 0.628125 0.48095703125 0.0171875 0.0244140625
0 0.5 0.47900390625 0.0171875 0.0341796875
1 0.444140625 0.5166015625 0.02109375 0.04296875
