2 0.138671875 0.8056640625 0.10546875 0.12890625
2 0.63125 0.4521484375 0.009375 0.013671875
2 0.637890625 0.45458984375 0.00859375 0.0126953125
2 0.644140625 0.45751953125 0.00859375 0.0126953125
2 0.648828125 0.4619140625 0.00703125 0.013671875
1 0.6515625 0.46533203125 0.0109375 0.0146484375
2 0.609375 0.45361328125 0.009375 0.0126953125
2 0.588671875 0.453125 0.01015625 0.01171875
2 0.565234375 0.45458984375 0.00859375 0.0107421875
2 0.559765625 0.4580078125 0.01015625 0.013671875
2 0.556640625 0.46044921875 0.01171875 0.0146484375
0 0.551953125 0.4638671875 0.01015625 0.015625
0 0.6921875 0.4716796875 0.0140625 0.021484375
0 0.6734375 0.4814453125 0.015625 0.021484375
3 0.673046875 0.47119140625 0.01796875 0.0361328125
3 0.689453125 0.48095703125 0.02109375 0.0439453125
0 0.741796875 0.46630859375 0.01328125 0.0185546875
1 0.7484375 0.46044921875 0.0140625 0.0224609375
0 0.719921875 0.50244140625 0.02421875 0.0322265625
0 0.812109375 0.46435546875 0.01171875 0.0185546875
0 0.815625 0.52587890625 0.03125 0.0419921875
1 0.850390625 0.4599609375 0.01015625 0.015625
0 0.890625 0.462890625 0.0140625 0.017578125
0 0.96484375 0.46337890625 0.0109375 0.0166015625
1 0.96796875 0.4580078125 0.0140625 0.01953125
1 0.815625 0.60302734375 0.04375 0.0654296875
1 0.52421875 0.48095703125 0.0140625 0.0224609375
3 0.529296875 0.4716796875 0.01953125 0.03515625
3 0.519140625 0.48046875 0.02265625 0.0390625
1 0.490625 0.4970703125 0.01875 0.02734375
1 0.4828125 0.47021484375 0.0125 0.0146484375
0 0.453125 0.46142578125 0.009375 0.0146484375
1 0.414453125 0.4677734375 0.01171875 0.017578125
1 0.387890625 0.5224609375 0.02734375 0.03515625
0 0.3875 0.58935546875 0.0453125 0.0556640625
0 0.369140625 0.46240234375 0.01171875 0.0166015625
1 0.327734375 0.46728515625 0.01328125 0.0146484375
1 0.145703125 0.54443359375 0.02890625 0.0341796875
1 0.159765625 0.47314453125 0.01171875 0.0166015625
1 0.248828125 0.46923828125 0.01015625 0.0126953125
0 0.244140625 0.4677734375 0.01328125 0.0234375
0 0.13984375 0.47119140625 0.015625 0.0185546875
1 0.074609375 0.47900390625 0.01640625 0.0185546875
0 0.051953125 0.4765625 0.01328125 0.015625
