0 0.984375 0.6396484375 0.0265625 0.08203125
1 0.13671875 0.83154296875 0.0953125 0.1416015625
1 0.60390625 0.583984375 0.0421875 0.0625
1 0.80546875 0.52099609375 0.03125 0.0517578125
2 0.03671875 0.51171875 0.021875 0.03515625
2 0.198046875 0.60400390625 0.04765625 0.0595703125
2 0.096875 0.50634765625 0.025 0.0341796875
2 0.14921875 0.50341796875 0.0265625 0.0361328125
2 0.214453125 0.54345703125 0.02734375 0.0419921875
2 0.2109375 0.517578125 0.0234375 0.02734375
2 0.2015625 0.49853515625 0.01875 0.0263671875
