1 0.191015625 0.791015625 0.06796875 0.109375
3 0.28125 0.6884765625 0.06875 0.134765625
1 0.341015625 0.63720703125 0.03203125 0.0615234375
1 0.33828125 0.56201171875 0.025 0.0380859375
1 0.253125 0.52978515625 0.0171875 0.0283203125
1 0.01640625 0.5185546875 0.0125 0.021484375
0 0.0671875 0.5029296875 0.0125 0.01953125
1 0.134375 0.517578125 0.0140625 0.021484375
0 0.25 0.5 0.0140625 0.01953125
0 0.375 0.50537109375 0.0171875 0.0224609375
0 0.96953125 0.64111328125 0.0359375 0.0634765625
1 0.97421875 0.5205078125 0.015625 0.02734375
2 0.6078125 0.4765625 0.009375 0.017578125
2 0.595703125 0.48486328125 0.00859375 0.0166015625
2 0.583203125 0.4931640625 0.01015625 0.017578125
2 0.56328125 0.50830078125 0.015625 0.0244140625
2 0.6453125 0.474609375 0.0078125 0.01953125
2 0.680859375 0.4765625 0.00859375 0.01171875
2 0.71640625 0.47802734375 0.0078125 0.0146484375
2 0.73203125 0.48486328125 0.0109375 0.0166015625
2 0.746875 0.49365234375 0.0109375 0.0185546875
2 0.760546875 0.51025390625 0.01171875 0.0224609375
1 0.77890625 0.54345703125 0.0203125 0.0341796875
0 0.5375 0.533203125 0.0203125 0.03125
3 0.958203125 0.7158203125 0.07734375 0.1484375
3 0.026953125 0.93505859375 0.05078125 0.1259765625
