3 0.1875 0.759765625 0.109375 0.181640625
0 0.544140625 0.54345703125 0.04140625 0.0458984375
0 0.376953125 0.51171875 0.03203125 0.03515625
0 0.248046875 0.5009765625 0.02890625 0.03125
0 0.059765625 0.50048828125 0.02421875 0.0283203125
1 0.006640625 0.5166015625 0.01328125 0.033203125
1 0.119921875 0.5185546875 0.03046875 0.0390625
1 0.814453125 0.55859375 0.03828125 0.052734375
1 0.056640625 0.9130859375 0.10703125 0.16015625
1 0.239453125 0.53466796875 0.02421875 0.0380859375
1 0.292578125 0.68017578125 0.07265625 0.1044921875
1 0.319921875 0.57666015625 0.05078125 0.0576171875
2 0.576171875 0.513671875 0.02109375 0.033203125
2 0.598828125 0.49853515625 0.01640625 0.0244140625
2 0.611328125 0.48779296875 0.01484375 0.0224609375
2 0.625 0.478515625 0.0125 0.01953125
2 0.665234375 0.4794921875 0.01484375 0.0234375
2 0.70078125 0.4794921875 0.0125 0.025390625
2 0.7390625 0.4794921875 0.0140625 0.021484375
2 0.75625 0.490234375 0.015625 0.0234375
2 0.77109375 0.50146484375 0.0171875 0.0283203125
2 0.788671875 0.51904296875 0.02109375 0.0341796875
