1 0.856640625 0.46240234375 0.01640625 0.0263671875
1 0.9875 0.462890625 0.0125 0.021484375
1 0.251953125 0.47265625 0.01328125 0.021484375
1 0.350390625 0.47216796875 0.01484375 0.0224609375
1 0.426171875 0.47607421875 0.01328125 0.0283203125
1 0.16171875 0.474609375 0.015625 0.03125
1 0.05625 0.48681640625 0.0109375 0.0263671875
1 0.2328125 0.583984375 0.0359375 0.056640625
0 0.90703125 0.59130859375 0.040625 0.0615234375
0 0.908203125 0.46435546875 0.01640625 0.0244140625
0 0.993359375 0.46630859375 0.01015625 0.0205078125
0 0.8203125 0.47021484375 0.0140625 0.0263671875
0 0.74140625 0.470703125 0.0171875 0.029296875
0 0.399609375 0.4677734375 0.01171875 0.021484375
0 0.305078125 0.46923828125 0.01328125 0.0244140625
0 0.0421875 0.47998046875 0.0109375 0.0224609375
0 0.06875 0.82958984375 0.0859375 0.1298828125
0 0.73828125 0.53759765625 0.03125 0.0498046875
2 0.558203125 0.455078125 0.01328125 0.017578125
2 0.58125 0.45654296875 0.009375 0.0205078125
2 0.604296875 0.455078125 0.00703125 0.021484375
2 0.62265625 0.45703125 0.0125 0.01953125
2 0.531640625 0.45556640625 0.01171875 0.0224609375
2 0.523046875 0.46435546875 0.01328125 0.0244140625
0 0.51171875 0.46826171875 0.0140625 0.0244140625
0 0.663671875 0.49755859375 0.01640625 0.0322265625
3 0.66015625 0.48388671875 0.0171875 0.0400390625
3 0.6859375 0.49755859375 0.021875 0.0517578125
3 0.471484375 0.48583984375 0.01953125 0.0439453125
3 0.456640625 0.49951171875 0.02265625 0.0478515625
1 0.46953125 0.50146484375 0.021875 0.0322265625
1 0.632421875 0.47216796875 0.01484375 0.0224609375
1 0.40859375 0.529296875 0.028125 0.041015625
