0 0.031640625 0.640625 0.05234375 0.083984375
0 0.9671875 0.6982421875 0.0578125 0.10546875
1 0.46015625 0.64306640625 0.0515625 0.0732421875
1 0.7234375 0.54296875 0.0328125 0.046875
1 0.89453125 0.50830078125 0.0296875 0.0400390625
2 0.188671875 0.53173828125 0.02421875 0.0341796875
2 0.131640625 0.56884765625 0.03203125 0.0458984375
2 0.215234375 0.5126953125 0.02109375 0.03125
2 0.24140625 0.49658203125 0.0171875 0.0263671875
2 0.290234375 0.49462890625 0.01640625 0.0283203125
2 0.33359375 0.4912109375 0.01875 0.029296875
2 0.37734375 0.48876953125 0.015625 0.0263671875
2 0.39609375 0.50048828125 0.0203125 0.0322265625
2 0.411328125 0.517578125 0.02265625 0.033203125
2 0.428125 0.5517578125 0.025 0.044921875
