1 0.01484375 0.69677734375 0.0265625 0.1005859375
1 0.334375 0.58837890625 0.0359375 0.0556640625
0 0.118359375 0.48095703125 0.01015625 0.0205078125
0 0.27421875 0.47900390625 0.015625 0.0146484375
1 0.208984375 0.48779296875 0.01640625 0.0185546875
1 0.10625 0.49169921875 0.0109375 0.0224609375
1 0.31484375 0.48779296875 0.0125 0.0205078125
0 0.379296875 0.47705078125 0.01484375 0.0205078125
1 0.398828125 0.4970703125 0.01015625 0.021484375
1 0.435546875 0.5302734375 0.01796875 0.03515625
2 0.5296875 0.4609375 0.009375 0.01171875
2 0.52265625 0.466796875 0.00625 0.01171875
2 0.518359375 0.4716796875 0.00859375 0.015625
2 0.51015625 0.4765625 0.0125 0.017578125
0 0.503125 0.4833984375 0.0109375 0.021484375
2 0.611328125 0.46142578125 0.00546875 0.0146484375
2 0.62265625 0.46484375 0.0046875 0.015625
2 0.631640625 0.4677734375 0.00703125 0.013671875
2 0.637890625 0.47607421875 0.00859375 0.0185546875
1 0.645703125 0.48681640625 0.01171875 0.0166015625
2 0.559765625 0.4609375 0.00703125 0.015625
2 0.5859375 0.46142578125 0.00625 0.0166015625
3 0.415234375 0.54150390625 0.02734375 0.0537109375
3 0.44375 0.51220703125 0.0234375 0.0478515625
0 0.7125 0.5009765625 0.0140625 0.025390625
0 0.696484375 0.52880859375 0.02421875 0.0419921875
1 0.77109375 0.47705078125 0.0078125 0.0126953125
0 0.78203125 0.49169921875 0.01875 0.0244140625
0 0.86640625 0.48388671875 0.0109375 0.0185546875
0 0.822265625 0.61083984375 0.03984375 0.0595703125
0 0.96484375 0.4814453125 0.0140625 0.01953125
1 0.896875 0.47265625 0.0078125 0.015625
3 0.72421875 0.5361328125 0.03125 0.0625
3 0.687109375 0.51025390625 0.02109375 0.0517578125
