2 0.53828125 0.46240234375 0.0078125 0.0146484375
2 0.5328125 0.4677734375 0.0046875 0.013671875
2 0.5265625 0.47216796875 0.0078125 0.0166015625
2 0.519140625 0.4755859375 0.00859375 0.015625
2 0.6171875 0.462890625 0.0078125 0.013671875
2 0.628125 0.46533203125 0.0046875 0.0126953125
2 0.6375 0.47021484375 0.0046875 0.0166015625
2 0.6421875 0.47705078125 0.0078125 0.0146484375
2 0.565625 0.46240234375 0.0078125 0.0126953125
2 0.590234375 0.462890625 0.00546875 0.013671875
0 0.01328125 0.49267578125 0.00625 0.0166015625
0 0.141015625 0.48193359375 0.00859375 0.0224609375
0 0.290625 0.47900390625 0.009375 0.0126953125
0 0.394140625 0.47998046875 0.00859375 0.0166015625
0 0.51171875 0.48583984375 0.0140625 0.0185546875
0 0.708203125 0.4990234375 0.01484375 0.0234375
0 0.688671875 0.52197265625 0.02265625 0.0322265625
1 0.7703125 0.47509765625 0.009375 0.0205078125
1 0.892578125 0.47314453125 0.00859375 0.0146484375
1 0.020703125 0.4990234375 0.01015625 0.01953125
1 0.131640625 0.48974609375 0.01015625 0.0166015625
1 0.23125 0.48583984375 0.0109375 0.0166015625
1 0.334375 0.48974609375 0.0140625 0.0166015625
1 0.416796875 0.4951171875 0.01640625 0.017578125
1 0.36953125 0.5693359375 0.0296875 0.041015625
1 0.103515625 0.6611328125 0.03984375 0.072265625
1 0.455078125 0.52587890625 0.01171875 0.0263671875
0 0.774609375 0.4912109375 0.01640625 0.021484375
0 0.860546875 0.48486328125 0.01171875 0.0205078125
1 0.648828125 0.48681640625 0.01171875 0.0146484375
0 0.954296875 0.478515625 0.01015625 0.015625
3 0.4390625 0.5234375 0.0203125 0.056640625
3 0.462109375 0.5068359375 0.01953125 0.046875
3 0.6859375 0.50537109375 0.01875 0.0419921875
3 0.718359375 0.52587890625 0.02578125 0.0556640625
0 0.795703125 0.5869140625 0.03203125 0.052734375
