0 0.322265625 0.425 0.04609375 0.08611111111111111
0 0.413671875 0.28194444444444444 0.01953125 0.044444444444444446
0 0.441015625 0.2548611111111111 0.01171875 0.02638888888888889
0 0.494140625 0.24305555555555555 0.01015625 0.022222222222222223
0 0.5578125 0.23819444444444446 0.0078125 0.018055555555555557
0 0.5496093750000001 0.22986111111111113 0.00703125 0.015277777777777779
0 0.5613281250000001 0.23472222222222222 0.0054687500000000005 0.016666666666666666
0 0.53125 0.21944444444444444 0.004687500000000001 0.01388888888888889
0 0.540234375 0.20694444444444446 0.00390625 0.008333333333333333
0 0.8992187500000001 0.5361111111111111 0.0546875 0.1277777777777778
0 0.679296875 0.33611111111111114 0.022656250000000003 0.05555555555555556
0 0.618359375 0.28194444444444444 0.013281250000000001 0.03333333333333333
0 0.59140625 0.2611111111111111 0.010937500000000001 0.030555555555555558
0 0.6312500000000001 0.25625000000000003 0.0078125 0.02361111111111111
0 0.669921875 0.2534722222222222 0.00703125 0.020833333333333336
0 0.6648437500000001 0.24444444444444446 0.00625 0.022222222222222223
0 0.62890625 0.23194444444444445 0.0078125 0.016666666666666666
0 0.59609375 0.22291666666666668 0.004687500000000001 0.015277777777777779
0 0.943359375 0.28402777777777777 0.00703125 0.018055555555555557
0 0.83984375 0.25277777777777777 0.004687500000000001 0.01388888888888889
0 0.83515625 0.24305555555555555 0.004687500000000001 0.01388888888888889
