0 0.19101562500000002 0.3923611111111111 0.039843750000000004 0.08472222222222223
0 0.30546875 0.3201388888888889 0.028125 0.0625
0 0.6410156250000001 0.3770833333333333 0.04296875 0.09027777777777778
0 0.6781250000000001 0.29305555555555557 0.025 0.061111111111111116
0 0.495703125 0.2659722222222222 0.017968750000000002 0.04861111111111111
0 0.6195312500000001 0.24791666666666667 0.0140625 0.0375
0 0.7718750000000001 0.2659722222222222 0.018750000000000003 0.0375
0 0.676953125 0.23958333333333334 0.01640625 0.034722222222222224
0 0.719921875 0.23472222222222222 0.013281250000000001 0.02777777777777778
0 0.753515625 0.23194444444444445 0.01171875 0.019444444444444445
0 0.80234375 0.2513888888888889 0.015625 0.030555555555555558
0 0.8246093750000001 0.24861111111111112 0.014843750000000001 0.02777777777777778
0 0.7738281250000001 0.2326388888888889 0.01171875 0.02638888888888889
0 0.7894531250000001 0.23055555555555557 0.01015625 0.019444444444444445
0 0.839453125 0.24444444444444446 0.01171875 0.025
0 0.800390625 0.22916666666666669 0.00703125 0.022222222222222223
