0 0.15976562500000002 0.6159722222222223 0.05234375 0.12638888888888888
0 0.37109375 0.3979166666666667 0.025 0.05416666666666667
0 0.390625 0.36041666666666666 0.018750000000000003 0.0375
0 0.384375 0.33333333333333337 0.0171875 0.02777777777777778
0 0.37929687500000003 0.3180555555555556 0.013281250000000001 0.025
0 0.900390625 0.7215277777777778 0.06640625 0.1625
0 0.665234375 0.3993055555555556 0.02734375 0.05694444444444444
0 0.5945312500000001 0.35000000000000003 0.018750000000000003 0.04722222222222222
0 0.534765625 0.325 0.01640625 0.036111111111111115
0 0.49140625000000004 0.3090277777777778 0.0140625 0.029166666666666667
0 0.46015625000000004 0.30069444444444443 0.0140625 0.02638888888888889
