0 0.23125 0.49375 0.045312500000000006 0.11527777777777778
0 0.6785156250000001 0.3979166666666667 0.03828125 0.09861111111111112
0 0.5375 0.3340277777777778 0.025 0.05416666666666667
0 0.48281250000000003 0.30833333333333335 0.018750000000000003 0.04166666666666667
0 0.2703125 0.3652777777777778 0.026562500000000003 0.0638888888888889
0 0.43828125 0.26805555555555555 0.0140625 0.030555555555555558
0 0.286328125 0.32083333333333336 0.01953125 0.044444444444444446
0 0.409765625 0.2534722222222222 0.00859375 0.034722222222222224
0 0.29375 0.28125 0.0125 0.02638888888888889
0 0.39921875 0.24375000000000002 0.0078125 0.018055555555555557
0 0.38320312500000003 0.23541666666666666 0.0054687500000000005 0.018055555555555557
0 0.296484375 0.2652777777777778 0.00703125 0.019444444444444445
0 0.369921875 0.23472222222222222 0.0054687500000000005 0.011111111111111112
0 0.853125 0.28958333333333336 0.018750000000000003 0.043055555555555555
0 0.7937500000000001 0.2652777777777778 0.0125 0.02777777777777778
0 0.93515625 0.2902777777777778 0.0140625 0.030555555555555558
0 0.986328125 0.30625 0.014843750000000001 0.034722222222222224
0 0.966015625 0.28125 0.01015625 0.02638888888888889
0 0.947265625 0.28055555555555556 0.013281250000000001 0.030555555555555558
