2 0.8734375000000001 0.6013888888888889 0.0484375 0.125
2 0.6800781250000001 0.40555555555555556 0.022656250000000003 0.05
2 0.6214843750000001 0.3472222222222222 0.013281250000000001 0.03333333333333333
2 0.602734375 0.32430555555555557 0.01015625 0.02361111111111111
2 0.40703125 0.40069444444444446 0.0203125 0.04861111111111111
2 0.46640625 0.33055555555555555 0.010937500000000001 0.030555555555555558
2 0.5171875 0.30833333333333335 0.0078125 0.019444444444444445
2 0.566015625 0.3027777777777778 0.0054687500000000005 0.016666666666666666
2 0.5703125 0.2972222222222222 0.004687500000000001 0.01388888888888889
2 0.642578125 0.31666666666666665 0.00859375 0.022222222222222223
2 0.648046875 0.3076388888888889 0.0054687500000000005 0.018055555555555557
2 0.625 0.2972222222222222 0.00625 0.016666666666666666
2 0.60859375 0.2902777777777778 0.004687500000000001 0.01388888888888889
2 0.591015625 0.28402777777777777 0.00390625 0.0125
2 0.56484375 0.2916666666666667 0.004687500000000001 0.011111111111111112
