0 0.23945312500000002 0.36388888888888893 0.02421875 0.05555555555555556
0 0.33203125 0.29305555555555557 0.0140625 0.030555555555555558
0 0.417578125 0.2715277777777778 0.01015625 0.02361111111111111
0 0.48515625 0.2576388888888889 0.0078125 0.018055555555555557
0 0.534375 0.25069444444444444 0.009375000000000001 0.020833333333333336
0 0.55703125 0.3354166666666667 0.021875000000000002 0.051388888888888894
0 0.550390625 0.2972222222222222 0.014843750000000001 0.036111111111111115
0 0.5632812500000001 0.27569444444444446 0.010937500000000001 0.02638888888888889
0 0.5945312500000001 0.2604166666666667 0.0078125 0.020833333333333336
0 0.5765625 0.24166666666666667 0.00625 0.01388888888888889
0 0.98046875 0.3236111111111111 0.0125 0.025
0 0.935546875 0.30208333333333337 0.01015625 0.020833333333333336
0 0.948828125 0.2916666666666667 0.00703125 0.016666666666666666
