2 0.35468750000000004 0.5083333333333333 0.051562500000000004 0.1
2 0.491796875 0.37430555555555556 0.017968750000000002 0.04583333333333334
2 0.5574218750000001 0.3284722222222222 0.01171875 0.03194444444444445
2 0.6125 0.3180555555555556 0.009375000000000001 0.022222222222222223
2 0.724609375 0.33819444444444446 0.00859375 0.020833333333333336
2 0.70078125 0.34652777777777777 0.009375000000000001 0.020833333333333336
2 0.722265625 0.39861111111111114 0.01953125 0.04166666666666667
2 0.833984375 0.5673611111111111 0.041406250000000006 0.10416666666666667
2 0.67578125 0.30972222222222223 0.0078125 0.022222222222222223
2 0.6843750000000001 0.30347222222222225 0.0078125 0.020833333333333336
