0 0.28515625 0.6326388888888889 0.053125000000000006 0.13472222222222222
0 0.38398437500000004 0.40902777777777777 0.017968750000000002 0.04861111111111111
0 0.40351562500000004 0.3416666666666667 0.01015625 0.025
0 0.444140625 0.3090277777777778 0.00703125 0.018055555555555557
0 0.47265625 0.29305555555555557 0.004687500000000001 0.01388888888888889
0 0.9207031250000001 0.6090277777777778 0.055468750000000004 0.14583333333333334
0 0.7375 0.425 0.026562500000000003 0.0638888888888889
0 0.593359375 0.3506944444444445 0.017968750000000002 0.04027777777777778
0 0.54296875 0.3277777777777778 0.009375000000000001 0.02777777777777778
0 0.53359375 0.3138888888888889 0.0078125 0.022222222222222223
0 0.5574218750000001 0.3 0.00703125 0.019444444444444445
