0 0.265625 0.6243055555555556 0.05 0.11527777777777778
0 0.44296875 0.35555555555555557 0.018750000000000003 0.03888888888888889
0 0.46210937500000004 0.3263888888888889 0.01171875 0.02777777777777778
0 0.47773437500000004 0.30833333333333335 0.01015625 0.019444444444444445
0 0.487109375 0.2951388888888889 0.0054687500000000005 0.015277777777777779
0 0.49140625000000004 0.2881944444444445 0.004687500000000001 0.0125
0 0.496875 0.2826388888888889 0.003125 0.009722222222222222
0 0.34687500000000004 0.42638888888888893 0.0171875 0.05555555555555556
0 0.9554687500000001 0.64375 0.051562500000000004 0.1125
0 0.7546875000000001 0.4430555555555556 0.029687500000000002 0.06666666666666667
0 0.6742187500000001 0.3763888888888889 0.0234375 0.044444444444444446
0 0.6371093750000001 0.3472222222222222 0.017968750000000002 0.036111111111111115
0 0.6039062500000001 0.325 0.0078125 0.025
0 0.5906250000000001 0.31527777777777777 0.00625 0.019444444444444445
0 0.58125 0.30625 0.0078125 0.015277777777777779
0 0.5632812500000001 0.29791666666666666 0.004687500000000001 0.0125
0 0.55234375 0.2902777777777778 0.004687500000000001 0.01388888888888889
