0 0.32578125 0.4256944444444445 0.0328125 0.09027777777777778
0 0.40546875000000004 0.30972222222222223 0.015625 0.04166666666666667
0 0.42226562500000003 0.2729166666666667 0.01015625 0.03194444444444445
0 0.43593750000000003 0.2555555555555556 0.0078125 0.022222222222222223
0 0.44375000000000003 0.24444444444444446 0.00625 0.019444444444444445
0 0.45039062500000004 0.23958333333333334 0.0054687500000000005 0.015277777777777779
0 0.4890625 0.23819444444444446 0.00625 0.0125
0 0.55234375 0.24027777777777778 0.00625 0.01388888888888889
0 0.560546875 0.2451388888888889 0.0054687500000000005 0.015277777777777779
0 0.5359375000000001 0.2465277777777778 0.00625 0.018055555555555557
0 0.55390625 0.2611111111111111 0.009375000000000001 0.022222222222222223
0 0.580078125 0.2798611111111111 0.01015625 0.029166666666666667
0 0.642578125 0.31875000000000003 0.017968750000000002 0.043055555555555555
0 0.8011718750000001 0.44097222222222227 0.03828125 0.08750000000000001
0 0.6121093750000001 0.24444444444444446 0.0054687500000000005 0.016666666666666666
0 0.648046875 0.2534722222222222 0.0054687500000000005 0.015277777777777779
0 0.661328125 0.24930555555555556 0.00390625 0.0125
0 0.6703125000000001 0.2513888888888889 0.004687500000000001 0.01388888888888889
0 0.67890625 0.2520833333333333 0.004687500000000001 0.0125
0 0.7140625 0.2555555555555556 0.003125 0.011111111111111112
0 0.722265625 0.2611111111111111 0.00390625 0.016666666666666666
0 0.735546875 0.2611111111111111 0.00390625 0.011111111111111112
0 0.7562500000000001 0.2625 0.003125 0.011111111111111112
0 0.7621093750000001 0.26666666666666666 0.00390625 0.011111111111111112
