2 0.3140625 0.4756944444444445 0.025 0.07083333333333333
2 0.47265625 0.375 0.015625 0.04722222222222222
2 0.59375 0.3402777777777778 0.009375000000000001 0.03333333333333333
2 0.7578125 0.49930555555555556 0.037500000000000006 0.08472222222222223
2 0.721875 0.40555555555555556 0.0234375 0.05555555555555556
2 0.808203125 0.36944444444444446 0.01171875 0.04166666666666667
2 0.83984375 0.35694444444444445 0.0125 0.03333333333333333
2 0.716796875 0.3263888888888889 0.01015625 0.02777777777777778
2 0.8046875 0.32222222222222224 0.0078125 0.022222222222222223
2 0.858984375 0.3201388888888889 0.00703125 0.02361111111111111
2 0.9105468750000001 0.35555555555555557 0.01015625 0.02777777777777778
2 0.9609375 0.3548611111111111 0.009375000000000001 0.02638888888888889
2 0.9363281250000001 0.3298611111111111 0.0054687500000000005 0.015277777777777779
2 0.9246093750000001 0.3194444444444445 0.00390625 0.01388888888888889
