0 0.18046875 0.7090277777777778 0.06875 0.15694444444444444
0 0.434375 0.3923611111111111 0.026562500000000003 0.06805555555555556
0 0.5027343750000001 0.33125 0.01640625 0.04027777777777778
0 0.5203125000000001 0.31180555555555556 0.0125 0.04027777777777778
0 0.529296875 0.29444444444444445 0.01171875 0.036111111111111115
0 0.7289062500000001 0.4138888888888889 0.025 0.0638888888888889
0 0.6609375000000001 0.3423611111111111 0.015625 0.04027777777777778
0 0.625 0.31319444444444444 0.010937500000000001 0.029166666666666667
0 0.6117187500000001 0.30625 0.0078125 0.02638888888888889
0 0.603515625 0.2965277777777778 0.00859375 0.02361111111111111
0 0.5890625 0.2868055555555556 0.009375000000000001 0.029166666666666667
0 0.579296875 0.28194444444444444 0.01015625 0.025
