0 0.26328125 0.6208333333333333 0.0578125 0.11944444444444445
0 0.346484375 0.4277777777777778 0.022656250000000003 0.05555555555555556
0 0.44375000000000003 0.3548611111111111 0.015625 0.034722222222222224
0 0.46328125000000003 0.3277777777777778 0.009375000000000001 0.025
0 0.47695312500000003 0.30972222222222223 0.00703125 0.022222222222222223
0 0.48750000000000004 0.29583333333333334 0.004687500000000001 0.01388888888888889
0 0.491796875 0.2881944444444445 0.00390625 0.0125
0 0.496875 0.2833333333333333 0.003125 0.011111111111111112
0 0.9546875 0.6444444444444445 0.0484375 0.11388888888888889
0 0.7546875000000001 0.44027777777777777 0.029687500000000002 0.061111111111111116
0 0.675 0.37569444444444444 0.021875000000000002 0.04027777777777778
0 0.6355468750000001 0.3458333333333333 0.01640625 0.03333333333333333
0 0.602734375 0.32222222222222224 0.01015625 0.025
0 0.591015625 0.31319444444444444 0.00703125 0.020833333333333336
0 0.581640625 0.3076388888888889 0.00703125 0.018055555555555557
0 0.5632812500000001 0.2972222222222222 0.00625 0.01388888888888889
0 0.55234375 0.2902777777777778 0.003125 0.011111111111111112
