2 0.208984375 0.6583333333333333 0.06328125 0.14166666666666666
2 0.36953125000000003 0.41597222222222224 0.0234375 0.0625
2 0.42500000000000004 0.34861111111111115 0.0125 0.036111111111111115
2 0.448046875 0.3145833333333333 0.00859375 0.02361111111111111
2 0.9234375 0.6479166666666667 0.05625 0.13472222222222222
2 0.700390625 0.4277777777777778 0.02890625 0.06666666666666667
2 0.628125 0.35694444444444445 0.0203125 0.03888888888888889
2 0.5609375 0.31666666666666665 0.010937500000000001 0.022222222222222223
2 0.5339843750000001 0.3027777777777778 0.0054687500000000005 0.016666666666666666
2 0.448046875 0.29791666666666666 0.0054687500000000005 0.015277777777777779
2 0.9796875 0.4166666666666667 0.010937500000000001 0.030555555555555558
2 0.930859375 0.39166666666666666 0.013281250000000001 0.025
2 0.9144531250000001 0.3763888888888889 0.00859375 0.022222222222222223
2 0.895703125 0.3625 0.00859375 0.019444444444444445
2 0.865234375 0.3472222222222222 0.0054687500000000005 0.016666666666666666
2 0.8386718750000001 0.3368055555555556 0.0054687500000000005 0.0125
2 0.8152343750000001 0.33194444444444443 0.0054687500000000005 0.01388888888888889
2 0.769140625 0.3194444444444445 0.00703125 0.01388888888888889
2 0.9929687500000001 0.39166666666666666 0.00625 0.016666666666666666
