0 0.3953125 0.44236111111111115 0.029687500000000002 0.07361111111111111
0 0.43125 0.3736111111111111 0.018750000000000003 0.04722222222222222
0 0.44453125000000004 0.33611111111111114 0.015625 0.03888888888888889
0 0.507421875 0.3145833333333333 0.013281250000000001 0.02638888888888889
0 0.598828125 0.3368055555555556 0.013281250000000001 0.03194444444444445
0 0.6312500000000001 0.36319444444444443 0.0203125 0.043055555555555555
0 0.622265625 0.32569444444444445 0.014843750000000001 0.02638888888888889
0 0.719921875 0.43472222222222223 0.03671875 0.07222222222222223
0 0.7937500000000001 0.325 0.009375000000000001 0.022222222222222223
0 0.566796875 0.30833333333333335 0.01015625 0.019444444444444445
0 0.6683593750000001 0.31666666666666665 0.00703125 0.016666666666666666
