0 0.266796875 0.6236111111111111 0.04453125 0.11111111111111112
0 0.444921875 0.3548611111111111 0.014843750000000001 0.034722222222222224
0 0.463671875 0.3277777777777778 0.01015625 0.025
0 0.47695312500000003 0.30833333333333335 0.00703125 0.022222222222222223
0 0.487109375 0.29583333333333334 0.00390625 0.01388888888888889
0 0.49140625000000004 0.28750000000000003 0.004687500000000001 0.01388888888888889
0 0.346484375 0.42986111111111114 0.01640625 0.059722222222222225
0 0.9539062500000001 0.6430555555555556 0.0484375 0.11388888888888889
0 0.7546875000000001 0.44236111111111115 0.026562500000000003 0.0625
0 0.675 0.37569444444444444 0.018750000000000003 0.04861111111111111
0 0.6355468750000001 0.3458333333333333 0.013281250000000001 0.03333333333333333
0 0.602734375 0.325 0.01015625 0.025
0 0.591015625 0.3159722222222222 0.00703125 0.020833333333333336
0 0.581640625 0.30694444444444446 0.00859375 0.016666666666666666
0 0.562890625 0.29791666666666666 0.00390625 0.015277777777777779
0 0.55234375 0.2902777777777778 0.003125 0.011111111111111112
