0 0.211328125 0.5055555555555555 0.039843750000000004 0.08333333333333334
0 0.53125 0.3791666666666667 0.026562500000000003 0.05277777777777778
0 0.646484375 0.34861111111111115 0.01640625 0.03888888888888889
0 0.7171875000000001 0.33263888888888893 0.009375000000000001 0.03194444444444445
0 0.7445312500000001 0.3215277777777778 0.0125 0.02361111111111111
0 0.758984375 0.31875000000000003 0.01015625 0.02638888888888889
0 0.776953125 0.6472222222222223 0.05390625 0.13611111111111113
0 0.80625 0.4534722222222222 0.029687500000000002 0.07083333333333333
0 0.8265625000000001 0.38958333333333334 0.018750000000000003 0.043055555555555555
0 0.8328125000000001 0.36180555555555555 0.0125 0.034722222222222224
0 0.83125 0.3402777777777778 0.0140625 0.02777777777777778
0 0.8289062500000001 0.33125 0.0140625 0.02638888888888889
