0 0.15546875000000002 0.6590277777777778 0.06406250000000001 0.11527777777777778
0 0.366015625 0.40902777777777777 0.017968750000000002 0.043055555555555555
0 0.41914062500000004 0.3541666666666667 0.014843750000000001 0.03333333333333333
0 0.45429687500000004 0.31736111111111115 0.00859375 0.018055555555555557
0 0.7515625 0.5652777777777778 0.043750000000000004 0.10833333333333334
0 0.6472656250000001 0.42430555555555555 0.02734375 0.0625
0 0.60078125 0.37222222222222223 0.018750000000000003 0.04722222222222222
0 0.576171875 0.33472222222222225 0.01171875 0.02777777777777778
0 0.563671875 0.3194444444444445 0.01015625 0.022222222222222223
0 0.9730468750000001 0.43680555555555556 0.014843750000000001 0.043055555555555555
0 0.9378906250000001 0.3840277777777778 0.01171875 0.02638888888888889
0 0.79453125 0.3541666666666667 0.009375000000000001 0.025
0 0.7464843750000001 0.3354166666666667 0.01015625 0.02361111111111111
0 0.68515625 0.3125 0.00625 0.019444444444444445
