0 0.15859375 0.46805555555555556 0.037500000000000006 0.09444444444444444
0 0.1875 0.3652777777777778 0.018750000000000003 0.05555555555555556
0 0.267578125 0.3027777777777778 0.014843750000000001 0.03333333333333333
0 0.35976562500000003 0.26180555555555557 0.01015625 0.029166666666666667
0 0.42695312500000004 0.2423611111111111 0.00859375 0.020833333333333336
0 0.38710937500000003 0.22847222222222224 0.0054687500000000005 0.0125
0 0.42734375 0.22777777777777777 0.00625 0.016666666666666666
0 0.5125000000000001 0.28402777777777777 0.015625 0.04027777777777778
0 0.553125 0.25069444444444444 0.0140625 0.034722222222222224
0 0.541015625 0.21736111111111112 0.0054687500000000005 0.018055555555555557
0 0.578125 0.22777777777777777 0.0078125 0.025
0 0.6238281250000001 0.34375 0.032031250000000004 0.07083333333333333
