0 0.263671875 0.6229166666666667 0.057031250000000006 0.12083333333333333
0 0.34687500000000004 0.4291666666666667 0.0203125 0.05555555555555556
0 0.44296875 0.35555555555555557 0.015625 0.036111111111111115
0 0.46328125000000003 0.3263888888888889 0.010937500000000001 0.030555555555555558
0 0.47734375 0.3090277777777778 0.0078125 0.018055555555555557
0 0.486328125 0.2951388888888889 0.0054687500000000005 0.015277777777777779
0 0.491796875 0.2888888888888889 0.00390625 0.01388888888888889
0 0.498046875 0.2826388888888889 0.00390625 0.009722222222222222
0 0.9558593750000001 0.6444444444444445 0.047656250000000004 0.11388888888888889
0 0.7562500000000001 0.44375000000000003 0.025 0.06805555555555556
0 0.675 0.37777777777777777 0.0203125 0.044444444444444446
0 0.6359375 0.3458333333333333 0.015625 0.036111111111111115
0 0.603125 0.3236111111111111 0.010937500000000001 0.022222222222222223
0 0.591015625 0.3138888888888889 0.00703125 0.01388888888888889
0 0.58203125 0.30625 0.00625 0.015277777777777779
0 0.562890625 0.2965277777777778 0.0054687500000000005 0.0125
0 0.552734375 0.2916666666666667 0.00390625 0.011111111111111112
