0 0.03359375 0.5618055555555556 0.043750000000000004 0.10138888888888889
0 0.362109375 0.3944444444444445 0.032031250000000004 0.0638888888888889
0 0.2859375 0.30694444444444446 0.010937500000000001 0.025
0 0.49765625 0.35555555555555557 0.0203125 0.044444444444444446
0 0.56640625 0.3402777777777778 0.0234375 0.044444444444444446
0 0.6218750000000001 0.33611111111111114 0.0171875 0.03888888888888889
0 0.654296875 0.33263888888888893 0.013281250000000001 0.03194444444444445
0 0.6671875 0.3284722222222222 0.009375000000000001 0.02361111111111111
0 0.6609375000000001 0.3111111111111111 0.0078125 0.019444444444444445
0 0.63828125 0.2965277777777778 0.0078125 0.015277777777777779
0 0.765625 0.4652777777777778 0.03125 0.08055555555555556
0 0.8152343750000001 0.4201388888888889 0.025781250000000002 0.05416666666666667
0 0.8542968750000001 0.40694444444444444 0.013281250000000001 0.036111111111111115
0 0.8285156250000001 0.3770833333333333 0.013281250000000001 0.03194444444444445
0 0.8035156250000001 0.35833333333333334 0.00859375 0.022222222222222223
0 0.780859375 0.34444444444444444 0.00859375 0.019444444444444445
0 0.757421875 0.3298611111111111 0.00859375 0.018055555555555557
0 0.72578125 0.31527777777777777 0.009375000000000001 0.019444444444444445
0 0.689453125 0.29791666666666666 0.00703125 0.018055555555555557
0 0.651953125 0.28611111111111115 0.0054687500000000005 0.01388888888888889
0 0.61484375 0.28611111111111115 0.0078125 0.016666666666666666
0 0.7371093750000001 0.6625 0.06171875 0.14722222222222223
0 0.91015625 0.33472222222222225 0.00625 0.016666666666666666
0 0.8695312500000001 0.3229166666666667 0.00625 0.015277777777777779
0 0.946875 0.3451388888888889 0.00625 0.015277777777777779
0 0.981640625 0.36319444444444443 0.00703125 0.018055555555555557
0 0.8363281250000001 0.3104166666666667 0.0054687500000000005 0.0125
0 0.816015625 0.30347222222222225 0.00703125 0.015277777777777779
